label,prediction,0,1,2,3
2,2,0.00034071961999870837,0.00026851060101762414,0.999128520488739,0.00026225551846437156
0,0,0.9994779229164124,0.00011728587560355663,0.0002548184711486101,0.00015000074927229434
1,1,9.029678767547011e-05,0.999617338180542,0.00014773047587368637,0.00014464683772530407
0,0,0.99946528673172,0.00012948998482897878,0.00026639748830348253,0.00013882658095099032
2,1,0.00010884796938626096,0.9995885491371155,0.00017353396106045693,0.00012910173973068595
1,1,0.00042823085095733404,0.9828798174858093,0.016255958005785942,0.00043598117190413177
1,1,9.159897308563814e-05,0.9996066689491272,0.00015582461492158473,0.00014596198161598295
2,0,0.9986603260040283,0.00034476540167815983,0.000905801251064986,8.905286813387647e-05
0,0,0.9994803071022034,0.00011791577708208933,0.0002639250596985221,0.00013793390826322138
0,0,0.9994569420814514,0.00013522559311240911,0.0002705119550228119,0.00013736766413785517
1,1,0.00011115965025965124,0.9995772242546082,0.00015814257494639605,0.00015350303146988153
2,1,0.004054656717926264,0.6104575991630554,0.38436344265937805,0.0011242717737331986
2,2,0.0005109187914058566,0.00031863691401667893,0.998965859413147,0.0002046818408416584
0,0,0.9994914531707764,0.00020936087821610272,0.0001778709702193737,0.00012126321962568909
1,1,9.827722533373162e-05,0.9995891451835632,0.0001740166626404971,0.00013863288040738553
0,0,0.9995003938674927,0.00011160210124216974,0.00024042572476901114,0.00014752369315829128
2,2,0.0005065625882707536,0.00021310725423973054,0.9990518689155579,0.00022855482529848814
1,1,0.00016904252697713673,0.9995421171188354,0.0001626894372748211,0.0001262392761418596
0,0,0.999482274055481,0.00011995067325187847,0.0002446555008646101,0.00015318446094170213
1,1,7.328860374400392e-05,0.9994206428527832,0.00036359758814796805,0.000142445249366574
1,1,0.00019759172573685646,0.9991865754127502,0.000482269941130653,0.00013355312694329768
0,0,0.9995207786560059,0.00013508355186786503,0.00021186223602853715,0.00013225746806710958
2,0,0.9995080232620239,0.00013576450874097645,0.00023199085262604058,0.00012417386460583657
1,1,8.505424193572253e-05,0.998996913433075,0.0007457297178916633,0.00017238021246157587
2,1,0.00014199914585333318,0.999439537525177,0.0002942753490060568,0.00012410238559823483
0,0,0.9994760155677795,0.0002053919160971418,0.00020002780365757644,0.00011855980119435117
1,1,0.00013714624219574034,0.9995564818382263,0.00017280869360547513,0.00013361798482947052
1,2,0.00031494820723310113,0.016685916110873222,0.9819875359535217,0.0010116128250956535
1,1,0.000133732522954233,0.9995617270469666,0.0001666381722316146,0.00013789674267172813
1,1,0.0001112009267671965,0.9995974898338318,0.00015505294140893966,0.00013637308438774198
0,0,0.9993206262588501,0.00012204108497826383,0.0004395723226480186,0.0001177367230411619
1,1,0.00012651599536184222,0.9995249509811401,0.00021494514658115804,0.00013352956739254296
2,1,0.0002400169032625854,0.9865806102752686,0.012743652798235416,0.0004357595171313733
0,0,0.9995005130767822,0.00015129978419281542,0.00021650464623235166,0.00013169947487767786
1,1,0.00011829245340777561,0.9995482563972473,0.00017059002129826695,0.00016292862710542977
2,2,0.0003029560321010649,0.00033660398912616074,0.9991058707237244,0.00025449320673942566
0,0,0.999441921710968,0.00012217258336022496,0.00028440915048122406,0.00015155764413066208
1,0,0.9994542002677917,0.00012126493675168604,0.0002772512088995427,0.00014733044372405857
2,2,0.0003846946929115802,0.00020245873020030558,0.9991315007209778,0.00028137900517322123
1,1,0.00017699730233289301,0.9995447993278503,0.00014960933185648173,0.00012852057989221066
2,1,0.00013508449774235487,0.9994590878486633,0.0002841052773874253,0.00012171821435913444
2,0,0.9994720816612244,0.0001249817869393155,0.00024985402706079185,0.00015313031326513737
1,1,0.00013687374303117394,0.9995521903038025,0.00018167046073358506,0.00012926199997309595
0,0,0.9994852542877197,0.0001089938887162134,0.00026166753377765417,0.00014411512529477477
2,0,0.9662588238716125,0.03133430331945419,0.002203392330557108,0.00020348274847492576
1,1,0.00011891732719959691,0.9995830655097961,0.00017127933097071946,0.00012681484804488719
0,0,0.9994813799858093,0.0001259201962966472,0.0002506107266526669,0.00014221515448298305
2,1,0.0061133503913879395,0.9434201717376709,0.05017036199569702,0.00029612414073199034
2,2,0.0005075817462056875,0.0002457725931890309,0.9990009665489197,0.00024573603877797723
1,1,0.00010223627759842202,0.9995984435081482,0.0001544313709018752,0.00014485613792203367
0,0,0.9994937181472778,0.00012779586541000754,0.00024345032579731196,0.0001350572274532169
2,2,0.0003672382445074618,0.0002961762947961688,0.9991057515144348,0.00023090267495717853
1,1,0.00023403391242027283,0.9782183766365051,0.02100754901766777,0.0005400186637416482
0,0,0.9994831085205078,0.00010688756447052583,0.00027682699146680534,0.00013321706501301378
2,1,0.00010352968092774972,0.9995606541633606,0.00019606875139288604,0.00013971688167657703
0,0,0.9973233342170715,0.0008206178899854422,0.0016735009849071503,0.00018254735914524645
1,1,8.783261000644416e-05,0.9989711046218872,0.0007691550999879837,0.00017190739163197577
0,0,0.9995222091674805,0.00012212683213874698,0.00022858721786178648,0.0001270958746317774
1,0,0.7896925210952759,0.20831532776355743,0.0010245614685118198,0.0009675546316429973
2,2,0.0003943397896364331,0.00033490790519863367,0.9990589022636414,0.00021187463426031172
1,1,9.751317702466622e-05,0.9996263980865479,0.00014431760064326227,0.00013183105329517275
2,1,0.0001480362843722105,0.9994508624076843,0.00023176906688604504,0.00016928584955167025
0,0,0.9995260238647461,0.00010744782775873318,0.00023611070355400443,0.0001303457102039829
1,1,9.361729462398216e-05,0.9996064305305481,0.0001639936672290787,0.00013592791219707578
2,2,0.0005500793922692537,0.0001762893225532025,0.9989895224571228,0.0002841118548531085
0,0,0.9994441866874695,0.00013676294474862516,0.00027870305348187685,0.00014037196524441242
3,0,0.9994562268257141,9.880307334242389e-05,0.00030609441455453634,0.00013891220442019403
1,1,0.00011278720921836793,0.9995883107185364,0.00016152416355907917,0.00013741258590016514
2,2,0.00035088646109215915,0.00030665789381600916,0.9990936517715454,0.0002488153986632824
1,2,0.0003800306294579059,0.0002076344535453245,0.9990946054458618,0.0003177247999701649
0,0,0.9989857077598572,0.00019499888003338128,0.0006885993061587214,0.0001306811609538272
2,2,0.0002316404425073415,0.0006715836352668703,0.9988381266593933,0.0002586641057860106
1,1,0.00012187873653601855,0.9995610117912292,0.00016955788305494934,0.00014756698510609567
0,0,0.9994997978210449,0.00013136658526491374,0.00023353281721938401,0.00013527060218621045
2,2,0.00029750409885309637,0.00028811965603381395,0.9991422891616821,0.00027202453929930925
1,1,9.00539816939272e-05,0.9996036887168884,0.0001684436429059133,0.00013790070079267025
0,0,0.9995083808898926,0.00015525173512287438,0.00020831181609537452,0.0001280450087506324
2,2,0.0003349676844663918,0.00044494771282188594,0.9989951252937317,0.00022494049335364252
2,1,0.00014667000505141914,0.999078631401062,0.0006480370066128671,0.0001266508043045178
1,1,0.00010930320422630757,0.9996203184127808,0.00013890958507545292,0.0001314247929258272
0,0,0.9995014667510986,0.00013071784633211792,0.0002236639556940645,0.00014410742733161896
2,2,0.0005838905344717205,0.00021140984608791769,0.998960018157959,0.0002447240985929966
0,0,0.9993826150894165,0.00013910506095271558,0.00035159432445652783,0.000126635713968426
1,1,0.00017004113760776818,0.9994669556617737,0.000239939647144638,0.00012311110913287848
1,1,9.773478814167902e-05,0.9995704293251038,0.00016231375047937036,0.00016958179185166955
0,0,0.9994507431983948,0.00011851916497107595,0.00028753408696502447,0.00014325196389108896
2,2,0.00029902555979788303,0.00029555585933849216,0.9991382360458374,0.00026712656836025417
0,0,0.9994233846664429,0.00015092553803697228,0.0003074362175539136,0.00011836286284960806
0,0,0.9994127750396729,8.561678987462074e-05,0.0003743568086065352,0.0001272982481168583
1,1,0.00010630681936163455,0.9996092915534973,0.00014986045425757766,0.00013457113527692854
2,2,0.0004939224454574287,0.00037882145261392,0.9989200830459595,0.0002072118950309232
1,1,0.00010135411866940558,0.9995660185813904,0.00018489925423637033,0.00014773781003896147
0,0,0.9995026588439941,0.00013132112508174032,0.00023312470875680447,0.00013285997556522489
2,1,7.18004594091326e-05,0.9994895458221436,0.00029798803734593093,0.00014057847147341818
1,1,0.00016840262105688453,0.9994934797286987,0.0001852907589636743,0.0001528769062133506
0,0,0.99946528673172,0.00010535023466218263,0.00027903070440515876,0.00015029439236968756
0,0,0.999459445476532,0.0001239558041561395,0.00029177594115026295,0.00012477203563321382
1,1,0.3896195590496063,0.6082265377044678,0.0013980172807350755,0.0007558504003100097
0,0,0.999371349811554,0.00011002994870068505,0.0003895810805261135,0.00012907614291179925
2,2,0.003615274094045162,0.0005933715729042888,0.9955397248268127,0.0002515967353247106
1,1,0.00010759325232356787,0.9995710253715515,0.00018471844668965787,0.00013669460895471275
0,0,0.9994614720344543,0.00012158473691670224,0.00027060191496275365,0.00014637999993283302
2,1,0.00016748033522162586,0.9994245767593384,0.00019853025150950998,0.0002094337105518207
1,1,8.921260450733826e-05,0.9994159936904907,0.0003207110275980085,0.00017407331324648112
0,0,0.999471127986908,0.00012250247527845204,0.00026406210963614285,0.00014234449190553278
0,0,0.9994865655899048,0.00015577365411445498,0.0002253498969366774,0.00013226771261543036
2,2,0.000292669195914641,0.0002922366256825626,0.9991528987884521,0.00026222667656838894
1,1,0.00012607256940100342,0.9995443224906921,0.00018467020709067583,0.00014493493654299527
2,2,0.0003393549413885921,0.0003798633115366101,0.9990672469139099,0.00021360882965382189
1,1,9.961803152691573e-05,0.9996159076690674,0.00015263384557329118,0.00013181597751099616
0,0,0.9991821646690369,0.0005214986158534884,0.00017691453103907406,0.00011942265700781718
0,0,0.9994667172431946,0.00015048321802169085,0.00023401241924148053,0.00014878380170557648
2,2,0.000316221994580701,0.00023007109120953828,0.9991808533668518,0.00027284459793008864
1,1,0.00012953882105648518,0.9995809197425842,0.0001753775286488235,0.00011410161823732778
1,1,0.00010495509195607156,0.9995973706245422,0.00016281951684504747,0.0001349333324469626
0,0,0.9994613528251648,0.00011638731666607782,0.00027729233261197805,0.00014499810640700161
2,1,8.896447980077937e-05,0.9996138215065002,0.00016232513007707894,0.00013494546874426305
0,0,0.9993158578872681,0.00021657244360540062,0.00035975847276858985,0.00010783087782328948
0,0,0.9846031069755554,0.001544685335829854,0.013643740676343441,0.00020845557446591556
1,1,0.00012036487169098109,0.9995552897453308,0.0001759733131621033,0.00014833595196250826
1,1,0.00014393706806004047,0.9995344877243042,0.00018084268958773464,0.0001407021627528593
1,1,0.00012538301234599203,0.9995719790458679,0.00016589953156653792,0.0001367080258205533
0,0,0.9994099140167236,0.00013929803390055895,0.00033331583836115897,0.00011743189679691568
0,0,0.999474823474884,0.00016202943515963852,0.00023338646860793233,0.00012980218161828816
2,0,0.9994832277297974,0.00012999912723898888,0.00024663691874593496,0.00014005611592438072
1,0,0.9995150566101074,0.00016525405226275325,0.00018938866560347378,0.00013036814925726503
2,2,0.000383641425287351,0.0004358480800874531,0.9989872574806213,0.00019328304915688932
1,1,0.00010239522816846147,0.9996203184127808,0.00014777261822018772,0.00012950229574926198
0,1,0.00012096083082724363,0.9995877146720886,0.000167910911841318,0.0001234227092936635
0,0,0.9994754195213318,0.00012748529843520373,0.00025228923186659813,0.00014486827421933413
1,1,0.0001013575674733147,0.9995818734169006,0.0001795760472305119,0.00013720794231630862
2,0,0.999521017074585,0.00012705671542789787,0.00022677454398944974,0.00012524348858278245
0,0,0.999508261680603,9.629507985664532e-05,0.00025826733326539397,0.0001371692051179707
1,1,9.288459114031866e-05,0.9996263980865479,0.00013899921032134444,0.0001416396553395316
2,1,8.850265294313431e-05,0.9995751976966858,0.00017598418344277889,0.00016028770187404007
2,2,0.0003511823306325823,0.00024276661861222237,0.9991458654403687,0.0002601988089736551
1,1,0.00010006199590861797,0.9996128678321838,0.000152527863974683,0.00013450617552734911
2,0,0.9994673132896423,0.00012485359911806881,0.0002690792898647487,0.00013882659550290555
0,0,0.9994730353355408,0.0001434751320630312,0.00025052425917237997,0.00013298785779625177
1,1,0.00011727691889973357,0.9995855689048767,0.00016555312322452664,0.00013158451474737376
2,2,0.0003298504452686757,0.0002249236567877233,0.9991727471351624,0.0002725202066358179
2,1,0.00018158424063585699,0.9994332194328308,0.00024862453574314713,0.00013647973537445068
2,2,0.00033039902336895466,0.0003431992372497916,0.9990884065628052,0.00023795296147000045
2,2,0.0006473573739640415,0.0479770302772522,0.9506476521492004,0.0007280041463673115
2,2,0.00035604898585006595,0.0002930381160695106,0.9991042017936707,0.0002467256272211671
0,0,0.9994136095046997,0.00010128619760507718,0.0003745958674699068,0.00011048823216697201
1,2,0.00031103071523830295,0.007103964686393738,0.9922224879264832,0.0003624990058597177
0,2,0.01540481299161911,0.00034513091668486595,0.9839354753494263,0.0003145273949485272
1,1,9.947655053110793e-05,0.9996138215065002,0.00014841595839243382,0.00013834956916980445
0,0,0.9993593096733093,0.0003295613860245794,0.00019214238272979856,0.00011898633238160983
1,1,9.963883348973468e-05,0.9995310306549072,0.00022867383086122572,0.00014072757039684802
0,0,0.9994576573371887,0.00011748936958611012,0.000284478475805372,0.0001403450733050704
2,2,0.0008374363533221185,0.0022359786089509726,0.9967758059501648,0.00015074436669237912
1,1,0.00012265110854059458,0.9995724558830261,0.00017114818911068141,0.00013372476678341627
2,1,0.00026292106485925615,0.9993883371353149,0.00023590736964251846,0.00011285275832051411
0,0,0.9994614720344543,0.00012082324246875942,0.00026242597959935665,0.00015523926413152367
2,1,9.221662912750617e-05,0.99959796667099,0.0001602303673280403,0.00014950675540603697
2,1,0.0001218393663293682,0.9995049238204956,0.0002508615143597126,0.0001223635917995125
0,0,0.999431312084198,0.00012651295401155949,0.000287084054434672,0.00015496197738684714
1,1,0.0001785460190149024,0.9995554089546204,0.00014874366752337664,0.00011725727381417528
0,1,0.00019328056077938527,0.9995032548904419,0.0001827847008826211,0.00012065350165357813
2,2,0.00024237617617473006,0.0005458638770505786,0.9989136457443237,0.00029820657800883055
2,1,0.002863634377717972,0.9829134345054626,0.014054377563297749,0.0001685020251898095
0,0,0.9994648098945618,0.0001206551751238294,0.00026711475220508873,0.00014736263256054372
1,1,0.0022477961611002684,0.9972871541976929,0.0003282720281276852,0.00013689401384908706
2,2,0.001149356015957892,0.00023235249682329595,0.9984251260757446,0.00019314388919156045
0,0,0.9994833469390869,0.00012530422827694565,0.0002475514484103769,0.00014377701154444367
1,1,0.0732417181134224,0.9255596399307251,0.0007587290601804852,0.0004399507015477866
2,2,0.00030295661417767406,0.0002941210113931447,0.9991039633750916,0.000298922328511253
0,0,0.9994868040084839,0.00011197819549124688,0.00025996536714956164,0.00014121850836090744
1,1,0.00010864075011340901,0.999620795249939,0.00013632971968036145,0.00013419039896689355
2,1,0.0003259571094531566,0.9993545413017273,0.0001966321433428675,0.000122863391879946
1,2,0.000358858669642359,0.00028147659031674266,0.9990767240524292,0.0002829039585776627
0,0,0.9994753003120422,0.00012497360876295716,0.0002554479578975588,0.0001443451619707048
1,1,0.00012025934847770259,0.9995775818824768,0.00016712590877432376,0.00013495962775778025
2,0,0.9970109462738037,0.0023924964480102062,0.00046698222286067903,0.00012962093751411885
0,1,0.00010398617450846359,0.9995753169059753,0.00019677951058838516,0.00012387149035930634
0,0,0.9995385408401489,0.00011833948519779369,0.0002054952783510089,0.00013762357411906123
2,2,0.0003857544797938317,0.0002602000895421952,0.9991393089294434,0.00021470285719260573
1,1,0.00011567218462005258,0.9995645880699158,0.0001611998159205541,0.00015846379392314702
1,1,0.00010130198643309996,0.9996132254600525,0.00015259819338098168,0.00013292269431985915
2,2,0.0003275440540164709,0.0003203289525117725,0.9991016387939453,0.0002504729782231152
0,0,0.9994565844535828,0.0001132223624153994,0.00028774066595360637,0.00014250133244786412
1,2,0.0010669156908988953,0.12409400939941406,0.8742390871047974,0.0006000622524879873
0,0,0.9995113611221313,0.00012556638102978468,0.00022343720775097609,0.00013968961138743907
2,2,0.00023910004529170692,0.000769530248362571,0.9987632036209106,0.00022819219157099724
1,1,0.00012958080333191901,0.9995787739753723,0.00015380146214738488,0.00013782718451693654
2,2,0.012803228572010994,0.0005012372857891023,0.9864019751548767,0.0002934910007752478
0,0,0.9994853734970093,0.00011862119572469965,0.0002681549813132733,0.000127815394080244
1,1,8.811174484435469e-05,0.9996079802513123,0.0001650846388656646,0.00013880761980544776
2,2,0.0003272485046181828,0.00023304458591155708,0.9991725087165833,0.0002671976399142295
0,2,0.0003515364369377494,0.00024268795095849782,0.9991146922111511,0.00029104785062372684
0,0,0.9995027780532837,0.00010384543566033244,0.0002641034952830523,0.00012924833572469652
2,2,0.0002898728125728667,0.0002776997280307114,0.9991557598114014,0.0002766494872048497
1,1,9.903172758640721e-05,0.9995972514152527,0.0001673245569691062,0.00013645892613567412
1,1,8.63956956891343e-05,0.9987708926200867,0.0009375669760629535,0.00020513312483672053
0,0,0.9993785619735718,0.0001009518964565359,0.0003996877057943493,0.0001207954774145037
2,2,0.0019260644912719727,0.00028437748551368713,0.9976233839988708,0.0001662787253735587
1,1,0.00011923898273380473,0.9995500445365906,0.0001936906046466902,0.00013706115714740008
0,0,0.999453604221344,0.00012048503413097933,0.0002733809524215758,0.00015245818940456957
1,2,0.00026379083283245564,0.0002992030931636691,0.9991434812545776,0.0002934823278337717
3,0,0.9994756579399109,0.0001258952252101153,0.0002482746494933963,0.00015014955715741962
2,2,0.0007777193677611649,0.00020170013885945082,0.9987815022468567,0.0002391190209891647
1,1,0.00011690123938024044,0.9996080994606018,0.00014954362995922565,0.0001255022652912885
1,1,0.0003415660175960511,0.999290943145752,0.00022787120542488992,0.00013959209900349379
0,0,0.9994811415672302,0.00012128185335313901,0.0002494158688932657,0.00014825140533503145
2,0,0.998961329460144,9.230593423126265e-05,0.0007964249816723168,0.00014990037016104907
1,1,9.821259300224483e-05,0.9996103644371033,0.00015563673514407128,0.00013579678488895297
0,0,0.9995310306549072,0.0001068091150955297,0.0002260394539916888,0.00013614323688670993
2,2,0.0004641955019906163,0.0002428671286907047,0.9990782737731934,0.00021462628501467407
1,1,9.879704157356173e-05,0.9996078610420227,0.00015098837320692837,0.00014242561883293092
2,2,0.002160678617656231,0.15126992762088776,0.8458681702613831,0.0007012817077338696
0,0,0.9994662404060364,0.00011397814523661509,0.0002669903333298862,0.00015275106125045568
1,1,0.00010018004104495049,0.9996150732040405,0.0001522349484730512,0.00013249821495264769
2,1,0.00014859707152936608,0.9995288848876953,0.000185683136805892,0.00013690840569324791
2,2,0.00025707160239107907,0.0012747315922752023,0.9982452392578125,0.00022303310106508434
1,1,0.00011465443094493821,0.9995837807655334,0.00016390786913689226,0.00013758466229774058
2,1,0.00010099470819113776,0.9995803236961365,0.0001792819530237466,0.00013941683573648334
0,0,0.999441921710968,0.00011535395606188104,0.0002908357128035277,0.0001518862263765186
2,0,0.9994868040084839,0.00011285774235147983,0.000249337637796998,0.00015096506103873253
2,1,8.445155253866687e-05,0.9993269443511963,0.0004400828038342297,0.00014857924543321133
3,1,9.350423351861537e-05,0.9995157718658447,0.00024337189097423106,0.00014744776126462966
0,0,0.9979129433631897,0.00012242156662978232,0.001812352449633181,0.00015229709970299155
2,2,0.0005519207334145904,0.00027877523098140955,0.9989339709281921,0.00023534090723842382
1,1,9.062659228220582e-05,0.9996020197868347,0.00017194394604302943,0.0001355136337224394
0,0,0.9994480013847351,0.0001272336667170748,0.00026912515750154853,0.0001556126371724531
2,2,0.00027838838286697865,0.0013161271344870329,0.9981720447540283,0.00023339680046774447
1,0,0.9995061159133911,0.00012877520930487663,0.0002265889197587967,0.0001384852803312242
1,1,9.691068407846615e-05,0.9995989203453064,0.00014906725846230984,0.00015519755834247917
2,2,0.00038833182770758867,0.0002690427063498646,0.9991094470024109,0.00023321308253798634
0,0,0.9994495511054993,0.0001347007491858676,0.0002724457299336791,0.00014330973499454558
0,0,0.9994513392448425,0.00012148881069151685,0.0002791215665638447,0.00014796704635955393
2,2,0.00032003343221731484,0.0002969616325572133,0.9990912675857544,0.0002917605161201209
1,1,9.696384950075299e-05,0.9996190071105957,0.00014637626009061933,0.00013766143820248544
1,0,0.9994627833366394,0.0001221998390974477,0.000294839555863291,0.000120193486509379
0,2,0.36052918434143066,0.0006850170902907848,0.6377658843994141,0.0010198698146268725
1,1,0.00020761026826221496,0.9995194673538208,0.00015581175102852285,0.00011706692021107301
2,0,0.999381422996521,9.482214227318764e-05,0.0004118019714951515,0.00011185443145222962
2,0,0.9994865655899048,0.00014602896408177912,0.00023870138102211058,0.00012873229570686817
1,1,9.246797708328813e-05,0.999552309513092,0.00021656625904142857,0.00013856921577826142
1,1,9.40209356485866e-05,0.9996191263198853,0.00015292310854420066,0.00013390739331953228
0,0,0.9995115995407104,9.690739534562454e-05,0.00025835956330411136,0.00013319063873495907
2,2,0.000339101447025314,0.0005227673100307584,0.9989362359046936,0.00020189303904771805
2,2,0.000427595543442294,0.0004839095054194331,0.9988800883293152,0.0002084295847453177
1,2,0.0003086720244027674,0.0007101756054908037,0.9987664222717285,0.0002146923216059804
0,0,0.9994910955429077,0.00014550484775099903,0.00023393737501464784,0.00012951777898706496
1,1,0.00014714404824189842,0.9993765950202942,0.00025162543170154095,0.0002247372904093936
0,0,0.9994650483131409,0.00010991032468155026,0.0002742672513704747,0.00015076366253197193
2,2,0.0003808393084909767,0.00038009113632142544,0.998996913433075,0.0002421242097625509
0,0,0.9994730353355408,0.00010366543574491516,0.00027836867957375944,0.00014494615606963634
0,0,0.9992846846580505,9.854165546130389e-05,0.00048711252748034894,0.00012964746565558016
1,1,0.00010566518176347017,0.9995930790901184,0.00016168954607564956,0.0001394852442899719
2,2,0.0003475737466942519,0.00019747611077036709,0.9991278052330017,0.00032723601907491684
1,1,0.00013921990466769785,0.9995554089546204,0.00017160225252155215,0.00013370451051741838
0,0,0.9994431138038635,0.00012132791744079441,0.0002832523314282298,0.00015233203885145485
1,1,0.00010466595995239913,0.9995948672294617,0.0001610342733329162,0.00013941751967649907
2,0,0.999450147151947,0.00012975528079550713,0.00027733368915505707,0.00014269296661950648
2,2,0.00030754038016311824,0.0003674193285405636,0.9990537762641907,0.000271246099146083
1,1,0.00010197314259130508,0.9996258020401001,0.0001375846768496558,0.00013471435522660613
2,0,0.6757124662399292,0.005255354568362236,0.31852975487709045,0.000502422743011266
0,0,0.9994871616363525,0.00016930169658735394,0.00021691096480935812,0.00012656804756261408
2,0,0.9992850422859192,0.00012715737102553248,0.00046147851389832795,0.00012639458873309195
0,0,0.9995089769363403,0.00011732308485079557,0.00023537513334304094,0.00013835048594046384
1,1,7.559866207884625e-05,0.9995158910751343,0.00026584044098854065,0.00014258224109653383
0,0,0.9994970560073853,0.00010279017442371696,0.0002650107489898801,0.00013516191393136978
0,0,0.9992163181304932,0.0001711360237095505,0.00047579442616552114,0.0001367515797028318
1,1,0.00010027648386312649,0.9996159076690674,0.0001552902249386534,0.00012842030264437199
2,0,0.9842244386672974,0.0002227852091891691,0.015194914303719997,0.0003578509495127946
1,1,9.769632015377283e-05,0.9996050000190735,0.00016030868573579937,0.0001369948440697044
0,0,0.903352677822113,0.00025041133631020784,0.09538890421390533,0.0010080456268042326
0,0,0.9994645714759827,0.00016535574104636908,0.0002383153623668477,0.00013177451910451055
1,1,0.0002013829944189638,0.9995219707489014,0.00015128860832192004,0.00012539503222797066
0,0,0.9988886713981628,0.0006922666216269135,0.00030647250241599977,0.00011254307901253924
1,1,0.00010812735854415223,0.9995713829994202,0.0001771507813828066,0.0001433806464774534
0,0,0.9898203611373901,0.0006174341542646289,0.009279654361307621,0.00028251486946828663
2,0,0.9976170659065247,0.00013701061834581196,0.0021071077790111303,0.0001388004020554945
2,0,0.9994878768920898,0.00012282670650165528,0.0002475948422215879,0.0001417039311490953
0,0,0.9994766116142273,0.00012534151028376073,0.0002621940802782774,0.00013586321438197047
1,1,0.0001226004387717694,0.9995684027671814,0.0001727585040498525,0.00013618535012938082
0,0,0.9994768500328064,0.00010894588922383264,0.0002710038097575307,0.00014317320892587304
2,2,0.0005561457946896553,0.00025175625341944396,0.9989601373672485,0.00023194198729470372
1,1,8.367270493181422e-05,0.9995917677879333,0.0001892674044938758,0.0001352007529931143
2,2,0.0002977814001496881,0.0006208614795468748,0.9988516569137573,0.00022964505478739738
3,2,0.00045080872951075435,0.00018293246102984995,0.9990861415863037,0.0002800915972329676
1,1,0.0003410059434827417,0.9053264260292053,0.09224700927734375,0.0020855364855378866
2,2,0.0003523699124343693,0.000396580871893093,0.9990339279174805,0.0002170757798012346
0,0,0.9991084933280945,0.00018507831555325538,0.0005632803658954799,0.00014320838090498
1,1,0.0001033293956425041,0.9996145963668823,0.00014367692347150296,0.00013833596312906593
0,0,0.9994297623634338,0.00012445518223103136,0.0002887577284127474,0.00015693483874201775
1,1,8.976382378023118e-05,0.9996217489242554,0.00015180133050307631,0.0001367088407278061
2,2,0.0011401004157960415,0.0001960500085260719,0.9984105825424194,0.00025327023467980325
0,0,0.9914445281028748,0.0006513318512588739,0.007680565118789673,0.00022366504708770663
2,1,9.610591951059178e-05,0.9995742440223694,0.00017026564455591142,0.00015938302385620773
1,1,9.873267117654905e-05,0.9996094107627869,0.00014795233437325805,0.00014399370411410928
0,2,0.0008011062163859606,0.0001677989203017205,0.9987695813179016,0.00026152728241868317
1,1,0.00013254050281830132,0.9995718598365784,0.00014938156527932733,0.00014620837464462966
2,2,0.0023465552367269993,0.0003418904379941523,0.9970687031745911,0.00024291338922921568
0,0,0.9994667172431946,0.0001370530080748722,0.0002485956356395036,0.00014774329611100256
2,2,0.00048549158964306116,0.00037417159182950854,0.998917818069458,0.00022253069619182497
1,1,9.718535875435919e-05,0.9996254444122314,0.000143025245051831,0.00013425694487523288
0,0,0.9994398951530457,0.00013986945850774646,0.00031649769516661763,0.00010382365144323558
2,2,0.0005490591283887625,0.0037477000150829554,0.9954763054847717,0.0002269011311000213
1,1,8.799113129498437e-05,0.999620795249939,0.00015397393144667149,0.00013721524737775326
1,1,0.00011710522812791169,0.9995881915092468,0.00015684330719523132,0.00013791485980618745
0,0,0.9994927644729614,0.00012356348452158272,0.00024383464187849313,0.00013991433661431074
1,0,0.9994856119155884,0.00014570080384146422,0.00022744311718270183,0.0001412443380104378
2,0,0.9128555059432983,0.019912589341402054,0.06690230220556259,0.000329650443745777
0,0,0.9995087385177612,0.00010506004036869854,0.00024804860004223883,0.0001380845787934959
1,1,0.00193383963778615,0.7902178168296814,0.20727290213108063,0.000575415906496346
1,1,9.200361091643572e-05,0.9996236562728882,0.00014677758736070246,0.00013750791549682617
2,2,0.00037186386180110276,0.0007387468940578401,0.9986923336982727,0.00019701408746186644
0,0,0.9994425177574158,0.00011087639722973108,0.0002991630753967911,0.00014737396850250661
2,2,0.00022722755966242403,0.000504741445183754,0.9989537000656128,0.0003142901696264744
1,1,8.81655141711235e-05,0.9995790123939514,0.0002098811964970082,0.0001230280613526702
0,0,0.9994787573814392,0.00011694386193994433,0.00026581407291814685,0.00013854014105163515
2,2,0.0005852151662111282,0.0005510834162123501,0.9986444115638733,0.00021921629377175122
1,1,8.925302972784266e-05,0.9996095299720764,0.00015696935588493943,0.0001442629873054102
0,0,0.9994871616363525,0.00010817249858519062,0.0002578927087597549,0.00014676089631393552
0,0,0.9994743466377258,0.00011696096771629527,0.00026736120344139636,0.00014133693184703588
1,0,0.9994768500328064,0.00015135105059016496,0.00024659300106577575,0.00012520127347670496
2,1,0.0002047941234195605,0.9994843006134033,0.00016687334573362023,0.00014402430679183453
2,2,0.0003312093031127006,0.0002092061040457338,0.99912029504776,0.0003392593644093722
1,1,9.413056977791712e-05,0.9996106028556824,0.00015511250239796937,0.00014012459723744541
0,0,0.999432384967804,0.00010850442049559206,0.00031792925437912345,0.00014123425353318453
0,0,0.9994745850563049,0.00012301286915317178,0.00025740216369740665,0.00014501716941595078
2,2,0.00036571078817360103,0.00025544644449837506,0.9991310238838196,0.00024786859285086393
1,1,0.0010499005438759923,0.9818322658538818,0.016769926995038986,0.0003478496219031513
0,0,0.9994503855705261,0.00013713273801840842,0.00027065284666605294,0.0001417748280800879
2,2,0.00033562525641173124,0.0006004906608723104,0.9987393021583557,0.0003245935367885977
1,1,0.00011935832299059257,0.9995347261428833,0.00019186094868928194,0.0001540848024887964
2,1,9.822446008911356e-05,0.9995966553688049,0.0001681407302385196,0.00013701291754841805
0,0,0.9995006322860718,0.0001425901282345876,0.00021828935132361948,0.0001384439819958061
3,1,0.00012273674656171352,0.9995829463005066,0.0001684435410425067,0.00012589023390319198
1,1,0.00010135933553101495,0.9996193647384644,0.00014847538841422647,0.00013070432760287076
2,2,0.00027357577346265316,0.0003729714371729642,0.9991152882575989,0.00023819823400117457
0,0,0.9994588494300842,0.00011905402789125219,0.0002787733101285994,0.00014329096302390099
1,2,0.0011314391158521175,0.0029537572991102934,0.9957358837127686,0.00017884571570903063
2,2,0.0003631052386481315,0.00020830509311053902,0.9991330504417419,0.0002955653180833906
2,2,0.0005287409876473248,0.000256359955528751,0.9989939332008362,0.00022091939172241837
0,0,0.9994586110115051,0.00010294690582668409,0.00029689836082980037,0.00014158859266899526
1,1,0.000792285252828151,0.5778272151947021,0.41964033246040344,0.001740102656185627
2,1,0.00010215290240012109,0.9994931221008301,0.00028070478583686054,0.00012398067337926477
2,0,0.9994787573814392,0.00011615292896749452,0.000273607176495716,0.00013154547195881605
0,0,0.9994704127311707,0.00011798760533565655,0.000269842566922307,0.00014175631804391742
1,1,0.0028151257429271936,0.7642703652381897,0.2322448492050171,0.0006696691270917654
2,2,0.0003389040066394955,0.00027030479395762086,0.9991317391395569,0.0002591495867818594
0,0,0.9994767308235168,0.00013736868277192116,0.00024194151046685874,0.00014397707127500325
1,1,0.0001270692009711638,0.9995201826095581,0.00016579935618210584,0.00018691203149501234
0,0,0.9588333964347839,0.00031642813701182604,0.04056698456406593,0.0002832080936059356
1,1,7.38581147743389e-05,0.9992069602012634,0.0005363175878301263,0.00018285236728843302
2,1,9.183018846670166e-05,0.999570906162262,0.00021655706223100424,0.00012068686919519678
0,1,0.00014562571595888585,0.999506950378418,0.00022294771042652428,0.00012446717300917953
2,0,0.9992609620094299,0.00011105519661214203,0.00048097543185576797,0.0001469769631512463
1,1,0.00011375046597095206,0.9995675683021545,0.0001857420284068212,0.00013300716818775982
0,2,0.0002942548308055848,0.00022406678181141615,0.9991573095321655,0.0003243756073061377
0,0,0.9719944000244141,0.00019204785348847508,0.027466697618365288,0.0003469178336672485
1,1,0.0001307548227487132,0.99956876039505,0.00015632565191481262,0.00014421241939999163
1,1,0.0001282493758480996,0.9995524287223816,0.00018978412845171988,0.00012955217971466482
0,0,0.9994704127311707,0.00012279505608603358,0.0002699434699025005,0.0001367753866361454
0,0,0.9992400407791138,0.00047087162965908647,0.00017019882216118276,0.00011890305177075788
0,0,0.999450147151947,0.00012896770203951746,0.0002743542136158794,0.000146490492625162
2,2,0.0024367296136915684,0.11768756061792374,0.8792265057563782,0.0006491695530712605
2,1,0.00021642363572027534,0.9993523955345154,0.0003187383117619902,0.00011243447806918994
2,0,0.9986774325370789,0.000149677085573785,0.0010531455045565963,0.00011970238119829446
1,1,0.00011126507888548076,0.9995600581169128,0.00016823146142996848,0.00016041005437728018
2,1,0.0012086961651220918,0.8579220175743103,0.13999515771865845,0.0008741503115743399
0,0,0.9826410412788391,0.00016305605822708458,0.01681624725461006,0.00037959820474497974
2,2,0.0004678307450376451,0.0002767601399682462,0.9990264177322388,0.00022899016039445996
1,1,0.00010156242933589965,0.9996050000190735,0.00014693394768983126,0.00014655300765298307
0,0,0.9994920492172241,0.0001385012874379754,0.00024788486189208925,0.00012155912554590032
2,0,0.9977883100509644,0.0012134723365306854,0.0008877487853169441,0.00011045498831663281
1,1,8.339169289683923e-05,0.9996206760406494,0.0001605547877261415,0.0001353118714177981
1,1,0.00010506446415092796,0.9996080994606018,0.0001592673361301422,0.00012767550651915371
3,0,0.9978317618370056,7.682313298573717e-05,0.0018963112961500883,0.0001950544974533841
3,1,0.004585662856698036,0.9949017763137817,0.0002889524039346725,0.00022360452567227185
1,1,0.0001244772138306871,0.9995599389076233,0.00018146909133065492,0.00013409164967015386
2,0,0.9994882345199585,0.00011820145300589502,0.0002562171721365303,0.00013743095041718334
0,0,0.9994974136352539,0.00011499086394906044,0.00024384577409364283,0.00014364294474944472
0,0,0.999473512172699,0.0001451823627576232,0.0002547536860220134,0.0001266240287804976
1,1,0.00010734561510616913,0.9995917677879333,0.00016771105583757162,0.00013319775462150574
2,1,0.0019682259298861027,0.9976367950439453,0.00022230084869079292,0.00017263494373764843
2,0,0.9994753003120422,0.00012102303298888728,0.00026080338284373283,0.00014284551434684545
0,0,0.9994668364524841,0.00013492099242284894,0.0002464602584950626,0.0001517539203632623
1,1,0.00012052542297169566,0.9995893836021423,0.0001484957174398005,0.00014157551049720496
2,1,8.105137385427952e-05,0.9995861649513245,0.00017739785835146904,0.0001554432383272797
0,0,0.9995003938674927,0.00012164421787019819,0.00023917204816825688,0.00013876739831175655
1,1,7.899454067228362e-05,0.9994497895240784,0.0003241625090595335,0.00014702971384394914
1,1,0.00010629565076669678,0.9992440938949585,0.0005146292387507856,0.00013494715676642954
2,1,0.0002127598418155685,0.9992902278900146,0.00039640767499804497,0.0001005586382234469
0,0,0.9987748265266418,0.0001084193863789551,0.0009696483029983938,0.00014705404464621097
0,0,0.9994612336158752,0.00012167355453129858,0.00026136270025745034,0.00015565581270493567
2,1,8.450018503936008e-05,0.9995715022087097,0.00018394085054751486,0.00016007218800950795
1,1,0.00041505551780574024,0.9992893934249878,0.00016904782387427986,0.00012651804718188941
1,1,0.00013628484157379717,0.9995386600494385,0.00017769658006727695,0.00014739418111275882
2,0,0.6745883226394653,0.323407918214798,0.0013656256487593055,0.0006381180719472468
0,0,0.9994612336158752,0.00013275783567223698,0.00026031615561805665,0.0001456866884836927
1,1,0.0004561239620670676,0.9267998337745667,0.07199935615062714,0.0007446942618116736
2,2,0.0004515610053204,0.00034081318881362677,0.9989926218986511,0.00021499133436009288
0,0,0.9994556307792664,0.00012276420602574944,0.0002797743654809892,0.00014188203203957528
0,0,0.9960147142410278,0.0035107978619635105,0.00030166489887051284,0.00017281722102779895
1,1,0.00010916192695731297,0.999609649181366,0.0001540197990834713,0.00012718788639176637
2,2,0.0002946924651041627,0.0005602238816209137,0.9989175796508789,0.000227490600082092
1,1,0.00020041115931235254,0.9992031455039978,0.00028813115204684436,0.0003083940828219056
2,2,0.00028630983433686197,0.00024264899548143148,0.9991762042045593,0.00029483315302059054
0,0,0.9994369149208069,0.00013364048209041357,0.0003035681147594005,0.00012582445924635977
1,1,0.00012064919428667054,0.9995991587638855,0.00014790920249652117,0.00013230896729510278
2,2,0.0002913394127972424,0.0005127436015754938,0.9989687204360962,0.00022724420705344528
0,0,0.9991235136985779,0.00013989504077471793,0.0006162686622701585,0.0001203204519697465
2,2,0.0003051578823942691,0.00023146916646510363,0.999164342880249,0.00029904645634815097
1,1,0.00010835744615178555,0.9996017813682556,0.00015141097537707537,0.00013841810869053006
0,0,0.9994899034500122,0.00013184876297600567,0.0002461326657794416,0.0001320169831160456
0,0,0.9995055198669434,0.0001418237661710009,0.00022369065845850855,0.00012903611059300601
1,1,0.00011483141133794561,0.9995908141136169,0.00015683218953199685,0.00013750050857197493
2,2,0.0002367714769206941,0.0011691560503095388,0.9983099699020386,0.000284056703094393
1,1,0.00011067504965467378,0.9996122717857361,0.00014472322072833776,0.0001323524775216356
2,1,0.00010171317990170792,0.9996157884597778,0.00014905228454153985,0.000133440742501989
0,0,0.9994902610778809,0.00011502031702548265,0.000245049741351977,0.00014955538790673018
1,1,7.640286639798433e-05,0.9994974136352539,0.0002754050656221807,0.0001507338893134147
0,2,0.0013839483726769686,0.00029969686875119805,0.9981215596199036,0.00019479452748782933
2,2,0.09791890531778336,0.00037918437737971544,0.9008670449256897,0.0008349088602699339
1,1,0.00016777525888755918,0.9994309544563293,0.0002458373492117971,0.00015532293764408678
0,0,0.9994986057281494,0.0001303532044403255,0.00024367774312850088,0.00012738897930830717
2,2,0.00032521647517569363,0.0007606097497045994,0.9986920952796936,0.0002220378228230402
0,0,0.9994650483131409,0.00011989392805844545,0.0002744365483522415,0.00014064073911868036
1,1,0.00021002214634791017,0.9995150566101074,0.00015098501171451062,0.00012389746552798897
2,2,0.00028932857094332576,0.00029342080233618617,0.9991456270217896,0.00027167104417458177
0,0,0.9994219541549683,0.000214943487662822,0.00022878541494719684,0.00013438958558253944
1,1,7.69207181292586e-05,0.9995900988578796,0.00017546629533171654,0.00015747337602078915
2,2,0.0008132548537105322,0.06542642414569855,0.9329106211662292,0.000849671836476773
2,2,0.00031438347650691867,0.00024761672830209136,0.9991596937179565,0.00027838279493153095
1,1,8.839540532790124e-05,0.9995939135551453,0.00016955989121925086,0.00014810124412178993
0,0,0.9994916915893555,0.000125188467791304,0.00023745860380586237,0.000145615020301193
3,2,0.0023817303590476513,0.015674177557229996,0.9817109107971191,0.00023313306155614555
1,0,0.9994683861732483,0.00011258562153670937,0.00027778049116022885,0.0001413626450812444
3,2,0.0005512525676749647,0.00026502463151700795,0.9989470839500427,0.0002366976550547406
0,0,0.999382734298706,0.000136896240292117,0.0003462611057329923,0.0001341320894425735
0,1,0.00022599240764975548,0.9994164705276489,0.00021651449787896127,0.000141118245664984
1,1,9.244240209227428e-05,0.999620795249939,0.0001456914615118876,0.00014114695659372956
0,0,0.9988654851913452,0.0001635316148167476,0.000837692350614816,0.00013336016854736954
1,1,0.00011098272079834715,0.9996179342269897,0.0001395130529999733,0.00013155188935343176
2,2,0.00037293144850991666,0.028496017679572105,0.970466673374176,0.0006643272354267538
0,0,0.9994809031486511,0.00020098313689231873,0.00018754962366074324,0.00013057708565611392
2,2,0.00042246459634043276,0.0007916513714008033,0.9985975623130798,0.00018833609647117555
1,1,9.811130439629778e-05,0.9996131062507629,0.00014479788660537452,0.00014412378368433565
0,0,0.9993158578872681,9.935532580129802e-05,0.0004519419453572482,0.0001328166399616748
1,1,9.568886162014678e-05,0.9995949864387512,0.00017439911607652903,0.00013493096048478037
2,2,0.00032212233054451644,0.00022318550327327102,0.9991683959960938,0.0002863258996512741
2,0,0.9994211196899414,0.0001726716145640239,0.00028995811589993536,0.00011625183833530173
1,0,0.9994713664054871,0.0001368519733659923,0.0002567568444646895,0.00013506102550309151
0,0,0.9994788765907288,0.00011311362322885543,0.00026072526816278696,0.00014733632269781083
3,2,0.005808338522911072,0.00030598454759456217,0.9936110377311707,0.00027467330801300704
1,0,0.9995139837265015,0.00013263967412058264,0.00021732594177592546,0.00013601803220808506
2,0,0.9994731545448303,0.00012636138126254082,0.00025415277923457325,0.00014640460722148418
0,0,0.9995071887969971,0.00011556906247278675,0.00024264281091745943,0.0001346765347989276
0,0,0.9995253086090088,0.00012939900625497103,0.00021531492529902607,0.00013001180195715278
1,1,9.569514077156782e-05,0.9995414018630981,0.0002149539941456169,0.00014798983465880156
1,1,9.555296128382906e-05,0.9996090531349182,0.00015981309115886688,0.0001356190477963537
0,0,0.9994812607765198,0.00012070125376340002,0.00024752237368375063,0.00015056134725455195
2,2,0.00037894686101935804,0.000247139047132805,0.9991169571876526,0.00025688789901323617
1,1,9.150229016086087e-05,0.9996129870414734,0.00015257253835443407,0.0001430225238436833
0,0,0.9994838237762451,0.00012349183089099824,0.000252166559221223,0.00014050221943762153
2,2,0.00024042717996053398,0.00043963815551251173,0.9990490078926086,0.0002708500833250582
0,0,0.9994995594024658,0.00019172707106918097,0.0001855044101830572,0.00012319475354161114
1,1,9.108420636039227e-05,0.9995681643486023,0.00020143862639088184,0.00013929419219493866
2,2,0.00032619599369354546,0.0002833326580002904,0.9991307854652405,0.0002596827398519963
0,1,0.00012876582331955433,0.9995457530021667,0.0002015034551732242,0.00012391898781061172
0,0,0.9995217323303223,0.0001258334523299709,0.00021369929891079664,0.00013884528016205877
1,1,0.00011146862379973754,0.9995100498199463,0.00022578996140509844,0.00015264110697899014
1,1,0.00013359141303226352,0.9993959665298462,0.00034273441997356713,0.00012773778871633112
2,2,0.01263703778386116,0.0004535403859335929,0.9866083860397339,0.0003010330256074667
0,0,0.9994975328445435,0.00010974631004501134,0.0002548123011365533,0.00013782597670797259
2,2,0.0004572303150780499,0.000758330337703228,0.9986091256141663,0.00017530948389321566
0,0,0.9995001554489136,0.00011709457612596452,0.00023772117856424302,0.00014502419799100608
1,1,0.0001356322900392115,0.9995712637901306,0.00016279508417937905,0.00013039066107012331
1,1,8.357702608918771e-05,0.9996213912963867,0.00014974670193623751,0.00014529790496453643
0,0,0.9886899590492249,0.010222206823527813,0.0009068571380339563,0.00018102271133102477
2,2,0.00029895835905335844,0.005112070124596357,0.9942633509635925,0.00032564561115577817
2,2,0.0003374683146830648,0.0002465840079821646,0.9991488456726074,0.0002670924586709589
1,0,0.9994712471961975,0.00011624037870205939,0.00027973338728770614,0.00013279030099511147
0,0,0.9994840621948242,0.00016278756083920598,0.0002395918418187648,0.00011347908730385825
0,0,0.9964182376861572,0.00019952085858676583,0.003230296541005373,0.00015192865976132452
1,0,0.9986691474914551,0.00011532667122082785,0.0010940998326987028,0.00012143228377681226
0,0,0.9994986057281494,0.00011334359442116693,0.0002469011815264821,0.000141102253110148
1,0,0.999464213848114,0.00012965073983650655,0.00025717378593981266,0.0001490430295234546
0,0,0.9994754195213318,0.00013106755795888603,0.0002445460413582623,0.0001489976712036878
2,0,0.9993677735328674,0.00030030778725631535,0.0002058806858258322,0.0001261205179616809
0,0,0.9994630217552185,0.0001253701775567606,0.0002658829325810075,0.00014567638572771102
2,2,0.0002864627749659121,0.00033433068892918527,0.9991419315338135,0.00023725938808638602
1,1,0.00010337483399780467,0.9995898604393005,0.0001650753547437489,0.00014173878298606724
1,1,0.0014925161376595497,0.9981020092964172,0.0002494125801604241,0.00015615554002579302
0,0,0.9994925260543823,0.00011708765669027343,0.0002469767350703478,0.00014334404841065407
0,1,0.00022587606508750468,0.9994850158691406,0.0001561184471938759,0.00013300569844432175
1,1,0.016477059572935104,0.9826960563659668,0.0005766603862866759,0.0002502349962014705
2,1,0.0001482358347857371,0.9995648264884949,0.00015800492838025093,0.00012896713451482356
0,0,0.9994148015975952,0.00012517465802375227,0.0003200109931640327,0.00014007576100993901
2,2,0.0002528046316001564,0.0005334291490726173,0.9989891648292542,0.00022459361935034394
0,2,0.0003050310770049691,0.00025725807063281536,0.9991531372070312,0.0002846058923751116
1,1,0.00028168270364403725,0.9994165897369385,0.00017164339078590274,0.00013014973956160247
0,0,0.9994589686393738,0.00012281272211112082,0.00026503525441512465,0.00015324648120440543
1,2,0.00024405612202826887,0.0009521153406240046,0.9984971284866333,0.0003067835932597518
2,0,0.999442994594574,0.00012470265210140496,0.00028536011814139783,0.0001469975832151249
1,1,9.62171470746398e-05,0.9995951056480408,0.00016404171765316278,0.00014466913125943393
2,1,0.00010501872020540759,0.9996140599250793,0.00013559010403696448,0.00014532054774463177
0,1,0.003399641951546073,0.9959553480148315,0.0003828465414699167,0.0002621851162984967
0,0,0.9994966983795166,0.00012081286695320159,0.0002405626728432253,0.0001419507898390293
2,2,0.0017995120724663138,0.0003213050076738,0.9976555109024048,0.00022360756702255458
1,1,0.00010153050243388861,0.9995986819267273,0.0001651892380323261,0.00013470683188643306
1,1,9.723544644657522e-05,0.9996180534362793,0.00013960771320853382,0.00014501572877634317
0,2,0.0002591651282273233,0.00032031594309955835,0.9990857839584351,0.00033472597715444863
0,0,0.998777449131012,9.44458952290006e-05,0.0010051560821011662,0.0001229520421475172
1,1,0.0001914185268105939,0.999508261680603,0.00016422453336417675,0.00013606733409687877
0,0,0.9994857311248779,0.00011858221841976047,0.00025587319396436214,0.0001397002924932167
2,2,0.00045161909656599164,0.000254444545134902,0.9990416169166565,0.00025225768331438303
1,1,9.847962792264298e-05,0.9992167949676514,0.00047862468636594713,0.00020604876044671983
2,2,0.00024583988124504685,0.000871578580699861,0.9986391663551331,0.00024341970856767148
0,0,0.9981147050857544,0.001135386642999947,0.0006499409792013466,0.0001000084012048319
1,1,0.00014827553241048008,0.9995064735412598,0.00021574209677055478,0.0001294884132221341
0,0,0.9995217323303223,0.0001521507656434551,0.00018658870249055326,0.00013957226474303752
2,2,0.00038844015216454864,0.00027944694738835096,0.9990860223770142,0.00024611252592876554
1,1,9.073434193851426e-05,0.9995924830436707,0.0001638028770685196,0.00015297577192541212
2,2,0.00042560460860840976,0.00023498493828810751,0.9990909099578857,0.0002486197336111218
0,0,0.7249024510383606,0.0007356749847531319,0.2731475234031677,0.0012143795611336827
2,2,0.0007107454002834857,0.09547147899866104,0.9029223322868347,0.0008954438380897045
2,2,0.00019536000036168844,0.0012171402340754867,0.9983001351356506,0.0002873827761504799
0,2,0.011705192737281322,0.000579854182433337,0.9874251484870911,0.00028978780028410256
0,0,0.999492883682251,0.00011498410458443686,0.0002470415784046054,0.0001450888521503657
2,2,0.0008225114434026182,0.05280275270342827,0.9459454417228699,0.00042926633614115417
1,2,0.0011315852170810103,0.29891330003738403,0.6988905072212219,0.0010646176524460316
0,0,0.9994458556175232,0.00011766717216232792,0.0002933934156317264,0.00014300705515779555
2,1,0.00029777444433420897,0.9993847608566284,0.00019445118959993124,0.0001229841000167653
1,1,0.00012689630966633558,0.9995872378349304,0.00015705928672105074,0.00012880665599368513
0,0,0.9994664788246155,0.00013499637134373188,0.0002556538674980402,0.00014288867532741278
2,2,0.00032651613582856953,0.00024629017570987344,0.99915611743927,0.00027115747798234224
1,2,0.00023896190396044403,0.001434572390280664,0.9980880618095398,0.00023843922826927155
2,2,0.0002882808039430529,0.0003232776070944965,0.9991282820701599,0.0002602552995085716
0,0,0.9994792342185974,0.00012414589582476765,0.0002541368594393134,0.00014245563943404704
3,0,0.999284565448761,0.00018636573804542422,0.00037787554902024567,0.00015121170144993812
0,0,0.999448835849762,0.00012254194007255137,0.00028192345052957535,0.00014666712377220392
1,1,0.0001199116522911936,0.9995909333229065,0.00015862687723711133,0.00013050755660515279
2,2,0.00027106443303637207,0.00029389664996415377,0.9991600513458252,0.0002749161794781685
0,0,0.9994953870773315,0.00010491036664461717,0.0002610711962915957,0.00013863098865840584
1,1,8.482545672450215e-05,0.9996036887168884,0.00016957352636381984,0.00014186678163241595
2,2,0.0003737826773431152,0.00018804419960360974,0.999138355255127,0.00029979736427776515
0,0,0.9994972944259644,0.00012493690883275121,0.0002319965569768101,0.00014575253590010107
1,1,0.006952544674277306,0.9924289584159851,0.0003943927295040339,0.00022403367620427161
2,2,0.00047214163350872695,0.00027721503283828497,0.9990187883377075,0.0002318428159924224
0,0,0.999491810798645,0.00011822622764157131,0.0002478374808561057,0.00014209449000190943
2,1,0.00012487548519857228,0.9994109869003296,0.00022487860405817628,0.00023928729933686554
1,1,0.00015715834160801023,0.999566376209259,0.0001353038678644225,0.00014119016123004258
1,1,0.00012031686492264271,0.9995922446250916,0.00015282788081094623,0.00013467026292346418
2,2,0.0005176824633963406,0.0035285393241792917,0.9957483410835266,0.00020543145365081728
0,0,0.9994737505912781,0.00012555098510347307,0.0002551021461840719,0.00014562963042408228
2,2,0.00046916367136873305,0.00019788964709732682,0.9990862607955933,0.00024666241370141506
0,0,0.9995086193084717,0.00011794239981099963,0.00024060385476332158,0.0001329158985754475
1,1,0.0001276910916203633,0.9994841814041138,0.00021631743584293872,0.00017175603716168553
2,1,9.284086263505742e-05,0.9988699555397034,0.0008517575333826244,0.00018542840552981943
1,1,0.00012439762940630317,0.9994372725486755,0.0002091282221954316,0.00022928541875444353
0,0,0.9994875192642212,0.0001605845318408683,0.00021163467317819595,0.00014028302393853664
0,0,0.9994630217552185,0.00012425296881701797,0.0002619450679048896,0.0001506916159996763
1,1,0.0034539566840976477,0.9035595655441284,0.09263670444488525,0.0003497180878184736
2,1,9.877513366518542e-05,0.9995396137237549,0.0002173655084334314,0.0001442790380679071
2,0,0.9993315935134888,0.00035104548442177474,0.0002059048565570265,0.00011156505934195593
2,2,0.0004299609281588346,0.0002432492474326864,0.9990901947021484,0.00023655215045437217
1,1,0.00010691944771679118,0.9995962977409363,0.0001547528663650155,0.00014208455104380846
1,1,8.839857036946341e-05,0.9996077418327332,0.00014861433010082692,0.00015521416207775474
2,0,0.9994776844978333,0.00016763849998824298,0.0002120370336342603,0.00014257163275033236
0,0,0.9992764592170715,9.823777509154752e-05,0.0004955206532031298,0.00012973928824067116
0,0,0.9995062351226807,0.00012848019832745194,0.0002337274927413091,0.00013153580948710442
2,0,0.9991894364356995,0.0002483254938852042,0.0004462188808247447,0.00011609383363975212
1,1,0.00014162322622723877,0.9995600581169128,0.00016623092233203351,0.0001319966686423868
0,0,0.9995021820068359,0.00011414823529776186,0.0002463505370542407,0.000137245180667378
2,2,0.0009209552663378417,0.0001726768969092518,0.9986579418182373,0.00024835727526806295
1,0,0.9994982481002808,0.0001089885481633246,0.0002560851280577481,0.00013671985652763397
2,2,0.00034906010841950774,0.00022278378310147673,0.9991674423217773,0.0002606934867799282
0,0,0.9995119571685791,9.733385377330706e-05,0.0002622016181703657,0.00012850863276980817
1,2,0.0006360020488500595,0.01946776919066906,0.9795000553131104,0.0003961865440942347
0,0,0.9990806579589844,0.00015174159489106387,0.0006440108409151435,0.00012366056034807116
2,2,0.0004413847054820508,0.0023897001519799232,0.9969651103019714,0.00020383813534863293
1,1,9.937724826158956e-05,0.9996002316474915,0.00016993538883980364,0.00013045922969467938
1,2,0.0003351694031152874,0.00043841791921295226,0.9990082383155823,0.0002182585740229115
2,1,0.00010966936679324135,0.9996200799942017,0.00014647656644228846,0.00012372179480735213
0,0,0.9994736313819885,0.00011662807082757354,0.0002631557290442288,0.00014661831664852798
0,0,0.999508261680603,0.00016307942860294133,0.00019912161224056035,0.00012951147800777107
1,1,0.00013547080743592232,0.9995643496513367,0.00017318884783890098,0.00012700479419436306
0,0,0.9994890689849854,0.0001358225563308224,0.00023632094962522388,0.00013885465159546584
0,2,0.00047968910075724125,0.0002813817700371146,0.9989984631538391,0.00024047645274549723
1,1,0.00019376804993953556,0.9984489679336548,0.001163158449344337,0.00019415649876464158
2,2,0.0002920107217505574,0.0003851348301395774,0.9990795850753784,0.0002432255569146946
0,0,0.9994820952415466,0.0001257435214938596,0.00024557902361266315,0.00014658279542345554
1,1,0.00011176305270055309,0.9995881915092468,0.00015131566033232957,0.00014865990669932216
2,2,0.0002577104896772653,0.000432947970693931,0.9990535378456116,0.0002558044798206538
2,0,0.9199526906013489,0.0005584668251685798,0.07904641330242157,0.00044245616300031543
1,1,0.0001485427637817338,0.999573290348053,0.0001471909781685099,0.0001309224753640592
0,0,0.9994852542877197,0.00011869496665894985,0.00024752833996899426,0.00014851012383587658
2,2,0.00027964921901002526,0.00034706410951912403,0.9991229176521301,0.0002503514988347888
1,1,0.00044905164395458996,0.9992434978485107,0.00018292760069016367,0.00012455962132662535
0,0,0.9994766116142273,0.00012167195382062346,0.000252389203524217,0.0001494355674367398
1,0,0.9994762539863586,0.00012585401418618858,0.00026953397900797427,0.00012841289571952075
2,2,0.00043161536450497806,0.00020714594575110823,0.9990984201431274,0.00026284679188393056
0,0,0.9995076656341553,0.00012871916987933218,0.0002215918939327821,0.00014204796752892435
1,1,0.00010314612882211804,0.999602735042572,0.00016047809913288802,0.00013367654173634946
2,2,0.0003701791865751147,0.00025807562633417547,0.9991102814674377,0.0002614990225993097
0,0,0.9994497895240784,0.00012990407412871718,0.0002679258759599179,0.00015229647397063673
2,1,0.00011153649393236265,0.9985318183898926,0.0011161246802657843,0.00024041686265263706
1,1,0.0001181831830763258,0.999581515789032,0.00016796495765447617,0.0001324439945165068
0,0,0.9994592070579529,0.00013272033538669348,0.00026404488016851246,0.00014403606473933905
2,2,0.00043084638309665024,0.0002272500132676214,0.9990885257720947,0.00025339823332615197
1,1,0.00011063348210882396,0.9996190071105957,0.00014262946206144989,0.0001277678820770234
0,0,0.9990346431732178,8.285020157927647e-05,0.0007406556978821754,0.00014186649059411138
2,2,0.08505278825759888,0.0006402896833606064,0.9131364822387695,0.0011703504715114832
0,0,0.9994565844535828,0.00011654436821117997,0.0002857065119314939,0.0001412058772984892
1,1,0.00010840516915777698,0.9996215105056763,0.0001452544383937493,0.00012479667202569544
1,1,8.609978249296546e-05,0.999584972858429,0.00017725120414979756,0.00015171860286500305
0,0,0.9994884729385376,0.00010230686166323721,0.0002797726192511618,0.00012948978110216558
2,2,0.00037678092485293746,0.0002625390188768506,0.9991150498390198,0.00024563545593991876
2,2,0.00047492756857536733,0.0003900493902619928,0.9989031553268433,0.00023184272868093103
0,0,0.9994778037071228,0.00012282816169317812,0.00025345030007883906,0.00014593357627745718
1,1,0.00011439932859502733,0.9995841383934021,0.00015914053074084222,0.00014223491598386317
1,2,0.0009564670035615563,0.0002815087791532278,0.9985490441322327,0.0002129719650838524
2,2,0.005721452180296183,0.0002368856075918302,0.9936929941177368,0.00034866618807427585
0,0,0.9994851350784302,0.00014677405124530196,0.00022889046522323042,0.0001391466794302687
0,0,0.9994984865188599,0.00012479154975153506,0.0002374350733589381,0.00013921862409915775
1,1,0.00010128477879334241,0.9995988011360168,0.0001558210060466081,0.0001441246276954189
2,2,0.0005437645595520735,0.001904565840959549,0.997370719909668,0.00018094356346409768
3,2,0.00024329888401553035,0.0003092574479524046,0.9991539716720581,0.00029343419009819627
0,0,0.9994804263114929,0.00010996674245689064,0.00027125663473270833,0.00013828785449732095
3,0,0.9993255138397217,9.282174141844735e-05,0.0004417035379447043,0.00013992306776344776
1,1,9.018783021019772e-05,0.999526858329773,0.00019241042900830507,0.0001905347453430295
2,2,0.05453073978424072,0.007909506559371948,0.9371311664581299,0.0004285454342607409
2,2,0.0010154786286875606,0.00028993128216825426,0.9984826445579529,0.00021203633514232934
0,0,0.9995118379592896,0.00011184598406543955,0.0002389860019320622,0.00013726901670452207
2,2,0.0003574296133592725,0.0002844757109414786,0.9990886449813843,0.0002694569411687553
1,0,0.9995107650756836,0.0001107658026739955,0.00025557767366990447,0.000122945784823969
0,0,0.9982890486717224,0.0001611842744750902,0.0014119645347818732,0.00013771485828328878
2,1,9.652285370975733e-05,0.999616265296936,0.0001475272874813527,0.00013963208766654134
1,1,0.00017419568030163646,0.9958613514900208,0.003712545381858945,0.00025194266345351934
2,0,0.9925684928894043,0.00242830952629447,0.004866794217377901,0.00013641426630783826
2,1,0.003179578110575676,0.5631706118583679,0.4330275356769562,0.0006222896045073867
2,2,0.0006346402806229889,0.0003116769657935947,0.9988641738891602,0.0001895348250400275
1,2,0.0003639822534751147,0.0003348237369209528,0.999049723148346,0.00025148052372969687
2,2,0.03670630604028702,0.0003438588173594326,0.9624153971672058,0.0005344159435480833
2,2,0.0007340404554270208,0.0002610032388474792,0.9987635612487793,0.00024141246103681624
0,0,0.9994854927062988,0.00010371913958806545,0.00026268846704624593,0.00014803773956373334
1,2,0.003979882691055536,0.0003533857816364616,0.9954614043235779,0.00020533289352897555
2,0,0.8154150247573853,0.0046223527751863,0.17938446998596191,0.000578123377636075
0,0,0.9994903802871704,0.00010838226444320753,0.000252484402153641,0.0001486856199335307
2,2,0.0004784146440215409,0.0019620826933532953,0.9973443150520325,0.00021515408298000693
1,1,8.532250649295747e-05,0.999589741230011,0.0001756520796334371,0.00014926133735571057
2,2,0.0003234001633245498,0.0002774002496153116,0.999137282371521,0.00026191544020548463
0,0,0.9994805455207825,0.00010566981654847041,0.0002740228665061295,0.00013981590745970607
1,1,0.043286725878715515,0.9551371932029724,0.001284204889088869,0.0002918624959420413
0,0,0.9994922876358032,0.0001126050774473697,0.0002515185042284429,0.00014360657951328903
1,1,0.00010037880565505475,0.9995762705802917,0.00018688295676838607,0.00013638267409987748
2,2,0.00040803622687235475,0.0001989591255551204,0.999098539352417,0.00029442892991937697
0,0,0.9994489550590515,0.00019870480173267424,0.00021992290567141026,0.0001324365148320794
2,1,9.597451571607962e-05,0.9995707869529724,0.00019097572658210993,0.0001422761706635356
1,1,8.468067244393751e-05,0.9996281862258911,0.00014855305198580027,0.00013854142162017524
0,0,0.9994785189628601,0.00011663397890515625,0.0002588788338471204,0.0001459198974771425
1,2,0.0010578897781670094,0.0006693447357974946,0.9981305003166199,0.00014220562297850847
2,2,0.00035850898711942136,0.00021855680097360164,0.9991451501846313,0.0002778125344775617
2,0,0.9986770749092102,0.0003587556420825422,0.0008308577234856784,0.00013325658801477402
0,0,0.9994763731956482,0.00012854351371061057,0.00024184893118217587,0.00015320749662350863
1,2,0.00028617720818147063,0.0008625069167464972,0.998626708984375,0.00022458814783021808
1,2,0.0003135179867967963,0.00037600743235088885,0.9990666508674622,0.0002439020317979157
2,2,0.000223451730562374,0.0020496901124715805,0.9973843693733215,0.00034247653093189
0,0,0.9994372725486755,0.00014386200928129256,0.00028136715991422534,0.0001374044077238068
0,1,0.00013568811118602753,0.999541163444519,0.00018065514450427145,0.00014253052358981222
2,1,0.00010169293818762526,0.9994596838951111,0.0002748053811956197,0.0001638506364542991
1,1,8.264177449746057e-05,0.9994937181472778,0.0002816558408085257,0.00014199195720721036
0,0,0.9994862079620361,0.0001931766455527395,0.0001926238473970443,0.0001278890122193843
1,1,0.00012819873518310487,0.9995180368423462,0.00020024388504680246,0.00015349616296589375
2,2,0.00031224553822539747,0.0003454000689089298,0.9991043210029602,0.00023798103211447597
2,2,0.0002836984349414706,0.00038322838372550905,0.9990973472595215,0.00023571094789076596
0,0,0.9995025396347046,0.0001337786961812526,0.00022210190945770591,0.0001416054874425754
1,1,0.00010255048982799053,0.9996143579483032,0.0001493943273089826,0.00013364241749513894
0,0,0.9994706511497498,0.00012465057079680264,0.00026437241467647254,0.00014032308536116034
1,1,0.0001137915241997689,0.9995326995849609,0.00021580865723080933,0.00013777600543107837
2,0,0.9994316697120667,0.00012193772272439674,0.0002999854914378375,0.00014636573905590922
0,0,0.9994698166847229,0.00010715240932768211,0.0002803293173201382,0.00014264462515711784
1,1,0.008272632025182247,0.9895262718200684,0.0020447405986487865,0.00015640408673789352
2,1,0.0016405098140239716,0.9979574680328369,0.0002506112214177847,0.00015142389747779816
0,0,0.9993952512741089,0.00022465255460701883,0.00026648424682207406,0.00011360673670424148
1,1,8.575327228754759e-05,0.9996169805526733,0.00015923335740808398,0.00013801331806462258
2,1,0.0011155944084748626,0.9006516933441162,0.09774874150753021,0.000483930780319497
2,2,0.0002858128282241523,0.00028295349329710007,0.9991554021835327,0.00027578644221648574
0,0,0.9994388222694397,0.0001222824794240296,0.00028764118906110525,0.00015129463281482458
1,1,0.0011450963793322444,0.6749735474586487,0.322763055562973,0.0011182790622115135
0,0,0.9989810585975647,0.00011007083230651915,0.0007946320693008602,0.00011416491179261357
2,1,0.00040310717304237187,0.970359206199646,0.02882895991206169,0.0004086786648258567
0,2,0.06377904117107391,0.00027947788476012647,0.9352154731750488,0.0007260707207024097
0,0,0.9994482398033142,0.0002296943566761911,0.00019497792527545244,0.0001270881766686216
1,2,0.00026732744299806654,0.00032171938801184297,0.9990841150283813,0.0003267371212132275
2,1,0.0003379039990250021,0.9746213555335999,0.024521881714463234,0.0005189287476241589
0,0,0.9994992017745972,0.00011629608343355358,0.0002567953197285533,0.00012771492765750736
2,2,0.00028037375886924565,0.00038001895882189274,0.9990963935852051,0.00024324865080416203
1,1,9.106593643082306e-05,0.9995163679122925,0.00024764842237345874,0.00014493266644421965
0,0,0.9994990825653076,0.00010178388038184494,0.00026333591085858643,0.00013582364772446454
1,1,9.000325371744111e-05,0.9995961785316467,0.0001792654802557081,0.00013449853577185422
2,2,0.0006111888214945793,0.005452188663184643,0.9936723709106445,0.00026419956702739
0,0,0.9992990493774414,0.00015493216051254421,0.0004270676872693002,0.00011895250645466149
1,0,0.9955046772956848,0.0003698538348544389,0.003983520437031984,0.00014197875862009823
2,2,0.0004594924976117909,0.002565781818702817,0.9966241121292114,0.0003505875647533685
0,2,0.00030039469129405916,0.0003311746404506266,0.9990604519844055,0.00030801468528807163
1,1,0.00011985746823484078,0.9995890259742737,0.0001524240360595286,0.00013873286661691964
1,2,0.00088565080659464,0.05713912472128868,0.9413118362426758,0.0006632585427723825
0,0,0.9994970560073853,0.00012381502892822027,0.00024215813027694821,0.00013701795251108706
1,1,9.051758388523012e-05,0.9996210336685181,0.00015704437100794166,0.00013142738316673785
2,2,0.0003033522516489029,0.0003278140793554485,0.9991102814674377,0.00025850473321042955
0,0,0.9994807839393616,0.00013330088404472917,0.00023953552590683103,0.0001464875676902011
1,1,0.00010506257240194827,0.9996033310890198,0.00015327884466387331,0.00013832371041644365
2,0,0.999406099319458,9.933019464369863e-05,0.00037462826003320515,0.00011999551497865468
1,2,0.000376475160010159,0.0020337561145424843,0.9973626732826233,0.00022714666556566954
2,0,0.9986516833305359,0.0008536068489775062,0.0003876489354297519,0.00010708410263760015
0,0,0.999454915523529,0.00012701474770437926,0.0002652736729942262,0.00015289959264919162
0,0,0.9994587302207947,0.0001335622218903154,0.0002642057079356164,0.0001434780133422464
2,0,0.9988899827003479,0.0006639427156187594,0.00034272883203811944,0.0001033988592098467
1,1,8.626402268419042e-05,0.9995986819267273,0.0001819726312533021,0.00013312336523085833
2,2,0.000361768645234406,0.00039376341737806797,0.9990330934524536,0.00021134325652383268
2,2,0.0004826402000617236,0.00027147267246618867,0.9990009665489197,0.0002448461891617626
1,0,0.9991981387138367,0.0003002771409228444,0.00039621468749828637,0.00010539121285546571
2,2,0.000300850864732638,0.003856535768136382,0.9955689311027527,0.00027371448231860995
1,1,0.00010341719462303445,0.9995455145835876,0.0002098375407513231,0.00014117536193225533
2,1,0.0006766362930648029,0.9989995360374451,0.00018386646115686744,0.0001398967724526301
0,0,0.999462902545929,0.00013839967141393572,0.0002456186048220843,0.00015303195687010884
2,2,0.0003300283569842577,0.00044064567191526294,0.9990111589431763,0.00021813687635585666
1,1,9.601439523976296e-05,0.9996103644371033,0.0001605581637704745,0.00013306918845046312
0,0,0.9994344115257263,0.000152855776832439,0.00026413906016387045,0.00014862811076454818
2,2,0.0006468113278970122,0.012792089022696018,0.9858896732330322,0.0006713776965625584
3,1,0.0002944069856312126,0.9992374181747437,0.00036989731597714126,9.82248384389095e-05
3,0,0.9992749094963074,0.00036742916563525796,0.0002685819345060736,8.908592280931771e-05
1,2,0.00031864133779890835,0.001480479957535863,0.9979665279388428,0.0002344142267247662
3,0,0.9961672425270081,0.0033362966496497393,0.00028503715293481946,0.0002114819217240438
1,1,0.00016891583800315857,0.9994827508926392,0.00020111774210818112,0.00014719183673150837
0,0,0.9946021437644958,0.0003130924596916884,0.0049362750723958015,0.00014844747784081846
0,0,0.9992235898971558,0.00017709370877128094,0.0004925710964016616,0.00010673890938051045
1,0,0.9963661432266235,0.0012734069023281336,0.002259328030049801,0.00010105490946443751
1,1,9.765113645698875e-05,0.9995410442352295,0.0001913970336318016,0.0001698564738035202
0,0,0.9994685053825378,0.00012785174476448447,0.00026936637004837394,0.00013430808030534536
2,1,9.574277646606788e-05,0.9988608360290527,0.0008633362594991922,0.00017998466501012444
2,1,8.44963506096974e-05,0.9996157884597778,0.0001505778927821666,0.00014910346362739801
1,1,0.00018073763931170106,0.9995531439781189,0.00015401182463392615,0.00011216914572287351
0,0,0.999441921710968,0.00011022057879017666,0.0002971554349642247,0.00015072179667185992
3,2,0.0002718030009418726,0.00043689864105544984,0.9990467429161072,0.0002445224963594228
2,2,0.00028925150400027633,0.0022268081083893776,0.9972698092460632,0.00021409337932709605
1,1,8.100961713353172e-05,0.9995905756950378,0.00019156414782628417,0.0001369560486637056
1,1,8.294382132589817e-05,0.9995856881141663,0.00019231223268434405,0.00013902084901928902
0,1,0.00013393051631283015,0.9995657801628113,0.00017895700875669718,0.00012128923845011741
2,1,7.856171578168869e-05,0.9996107220649719,0.000164542201673612,0.00014617570559494197
0,0,0.9995125532150269,0.00013402049080468714,0.00021702778758481145,0.00013648835010826588
1,1,0.00011548076872713864,0.9995973706245422,0.00015647303371224552,0.0001307502097915858
2,2,0.0003201065119355917,0.0003625865210779011,0.9990801811218262,0.0002371395385125652
1,1,0.00011600267316680402,0.9986751675605774,0.00097720290068537,0.00023159515694715083
0,0,0.9994707703590393,0.00011263990745646879,0.0002790945291053504,0.0001376164727844298
2,2,0.25880223512649536,0.0022540478967130184,0.7384207844734192,0.0005228958907537162
2,2,0.00033112915116362274,0.0002670066896826029,0.9991328120231628,0.00026913548936136067
1,1,0.00014010891027282923,0.9995796084403992,0.0001483575179008767,0.00013194451457820833
0,0,0.999518632888794,0.00012184474326204509,0.00023170829808805138,0.00012776746007148176
1,1,0.00010695526725612581,0.9996193647384644,0.00014255131827667356,0.00013113721797708422
2,0,0.7914413809776306,0.2033044546842575,0.004775346722453833,0.0004787850193679333
0,0,0.9982022047042847,0.00012815641821362078,0.001515992102213204,0.00015356902440544218
0,0,0.9994238615036011,0.00016713560034986585,0.00029051967430859804,0.00011851054296130314
2,1,0.0015804643044248223,0.6651040315628052,0.33246150612831116,0.0008539746049791574
1,1,0.00015898948186077178,0.9995377063751221,0.00017832945741247386,0.00012499355943873525
2,1,0.00010502804798306897,0.9992567896842957,0.0005042824777774513,0.00013387289072852582
2,0,0.9992853999137878,0.00030925002647563815,0.000278755760518834,0.00012660527136176825
0,2,0.09683732688426971,0.0007272446528077126,0.901868462562561,0.000567018345464021
2,2,0.00036137696588411927,0.00025670925970189273,0.9991289973258972,0.00025299075059592724
0,0,0.9995231628417969,0.00012618186883628368,0.00021653887233696878,0.0001341754978056997
1,1,0.0002154760150006041,0.9995007514953613,0.0001499963109381497,0.00013379694428294897
0,0,0.999498724937439,0.00013377219147514552,0.0002319037594133988,0.0001356237626168877
1,1,0.00019570697622839361,0.9914845824241638,0.008006205782294273,0.00031344054150395095
0,2,0.0120346425101161,0.00046746194129809737,0.9872472286224365,0.0002506811870262027
0,0,0.9995118379592896,0.00011778742918977514,0.00023081660037860274,0.00013956104521639645
2,0,0.9995235204696655,0.00012822622375097126,0.00021920430299360305,0.00012896758562419564
1,1,0.00010825860226759687,0.999573290348053,0.00017041200771927834,0.0001479692873544991
2,2,0.002554274396970868,0.0004143271071370691,0.9968253374099731,0.00020612312073353678
0,0,0.999454915523529,0.00012900176807306707,0.00028698600362986326,0.00012901998707093298
1,1,6.134404247859493e-05,0.9985155463218689,0.001167631708085537,0.00025544886011630297
2,2,0.00032737592118792236,0.00025373470271006227,0.9991546869277954,0.000264188798610121
1,2,0.00020312010019551963,0.002446970669552684,0.9969563484191895,0.0003935667045880109
0,0,0.9994935989379883,0.00011602258018683642,0.0002464741701260209,0.00014384060341399163
1,1,0.00011171998630743474,0.9996015429496765,0.00015048400382511318,0.00013629536260850728
2,0,0.9994720816612244,0.00013474540901370347,0.00024649398983456194,0.00014662662579212338
2,0,0.6090804934501648,0.3868103325366974,0.003607192076742649,0.0005020129028707743
0,0,0.9994567036628723,0.0001309418148593977,0.0002850392775144428,0.00012732228788081557
0,0,0.9994841814041138,0.00010129152360605076,0.0002706777595449239,0.00014378824562299997
1,1,9.884610335575417e-05,0.9995854496955872,0.00016955846513155848,0.00014622333401348442
1,1,0.00011880673264386132,0.9996024966239929,0.00014098844258114696,0.0001377480657538399
2,2,0.0003306968428660184,0.00022372991952579468,0.9991576671600342,0.0002879647654481232
0,0,0.9994736313819885,0.00013227672025095671,0.0002495013177394867,0.00014457351062446833
0,0,0.9994756579399109,0.00018022171570919454,0.00021664590167347342,0.00012753506598528475
1,1,0.00014580866263713688,0.9995788931846619,0.00015491836529690772,0.00012032203085254878
0,0,0.9994489550590515,0.00019214826170355082,0.00023303749912884086,0.00012580904876813293
2,2,0.00029861516668461263,0.00033686909591779113,0.9990830421447754,0.00028154707979410887
0,0,0.9994350075721741,0.00013428463716991246,0.000281687913229689,0.00014907393779139966
1,1,9.971980762202293e-05,0.9996156692504883,0.00014587242912966758,0.0001386772928526625
2,2,0.0003675444168038666,0.00023792746651452035,0.9991461038589478,0.00024841874255798757
1,1,9.246941044693813e-05,0.9994972944259644,0.000271783210337162,0.00013840588508173823
2,1,0.0011724282521754503,0.9981514811515808,0.0005765195237472653,9.962113836081699e-05
1,0,0.9986720085144043,0.0009961554314941168,0.00020850464352406561,0.00012337867519818246
0,0,0.9993658661842346,0.00010599326196825132,0.0003818274417426437,0.0001463646040065214
2,2,0.0004241227579768747,0.00045286273234523833,0.9989168643951416,0.00020615925313904881
1,1,0.00010832877887878567,0.9995336532592773,0.00021543439652305096,0.0001425691443728283
2,2,0.00029011917649768293,0.00040798692498356104,0.9989973902702332,0.00030446855816990137
0,0,0.999417781829834,0.00017563159053679556,0.00028033158741891384,0.00012622585927601904
1,1,0.00011842280946439132,0.9996005892753601,0.00014825443213339895,0.00013268949987832457
0,0,0.9994705319404602,0.00011560208076843992,0.0002639894373714924,0.00014983522123657167
0,0,0.9989728927612305,0.0007157549262046814,0.0001970089360838756,0.00011436579370638356
1,1,0.02839214913547039,0.9618071913719177,0.009552669711411,0.0002479675749782473
0,0,0.9994283318519592,0.00013038159522693604,0.00029169421759434044,0.00014955624646972865
2,2,0.00038138916715979576,0.0002569645585026592,0.9991101622581482,0.0002515439409762621
1,1,0.0001395450672134757,0.9995632767677307,0.00016173746553249657,0.00013545399997383356
2,2,0.0030710985884070396,0.0014461011160165071,0.9953107237815857,0.0001721041917335242
0,0,0.9994736313819885,0.00011528470349730924,0.0002640570164658129,0.00014709112292621285
1,1,0.00011839826038340107,0.9995802044868469,0.00016692787175998092,0.00013453283463604748
0,0,0.9994511008262634,0.00013846920046489686,0.0002665934443939477,0.00014381171786226332
2,2,0.32687845826148987,0.0007245324668474495,0.67167067527771,0.0007262888830155134
2,2,0.0003059570153709501,0.0002705226361285895,0.9990371465682983,0.00038636481622233987
1,2,0.0007250693743117154,0.01451219990849495,0.98435378074646,0.0004088726418558508
0,0,0.9994844198226929,0.00010445517546031624,0.0002678296295925975,0.0001432632125215605
0,0,0.9993506073951721,0.0001995618367800489,0.00031099721672944725,0.0001387630181852728
2,2,0.00034264009445905685,0.00023387170222122222,0.9991466999053955,0.0002766836842056364
1,1,0.00010405270586488768,0.9995798468589783,0.00018318474758416414,0.0001329101505689323
0,0,0.9994457364082336,0.0001265355385839939,0.00027460846467874944,0.00015311881725210696
2,2,0.0003322087577544153,0.00028616536292247474,0.9990739822387695,0.00030760615481995046
1,1,0.00012426957255229354,0.9995822310447693,0.0001510573783889413,0.000142442891956307
2,2,0.000247830554144457,0.0008077961392700672,0.9986777901649475,0.00026651399093680084
1,1,0.00012231103028170764,0.9995654225349426,0.00017808696429710835,0.000134204063215293
0,0,0.9992808699607849,0.0004028147959616035,0.00019020865147467703,0.00012605616939254105
2,2,0.0002649598754942417,0.0004361793689895421,0.9990479350090027,0.0002509283658582717
0,0,0.999479353427887,0.00011459675442893058,0.00025955343153327703,0.00014651949459221214
1,1,0.00012583815259858966,0.9995962977409363,0.00014533777721226215,0.00013253791257739067
1,1,0.00037237396463751793,0.9991733431816101,0.0003256289928685874,0.00012858741683885455
2,2,0.0003227588313166052,0.00032405389356426895,0.9991063475608826,0.00024681209470145404
0,0,0.9994640946388245,0.00013308932830113918,0.00025951286079362035,0.00014334010484162718
1,0,0.9987655878067017,0.00011315206938888878,0.0009819635888561606,0.00013943809608463198
2,2,0.0006793810171075165,0.0003034175606444478,0.9988318085670471,0.00018539126904215664
0,0,0.9994305968284607,0.00010242148709949106,0.0003282054385636002,0.00013867489178664982
2,2,0.00044776973663829267,0.00032485523843206465,0.9989573955535889,0.00026995805092155933
1,1,9.900535951601341e-05,0.9996055960655212,0.00015995479770936072,0.0001355169661110267
0,0,0.9994955062866211,0.00015969971718732268,0.0002163774479413405,0.00012841438001487404
1,1,0.0001069905556505546,0.9995765089988708,0.00017749988182913512,0.00013906811363995075
0,0,0.999344527721405,0.00011839337093988433,0.00042307263356633484,0.00011405722761992365
2,1,9.941735333995894e-05,0.9995859265327454,0.00018359179375693202,0.00013105930702295154
2,2,0.00029330106917768717,0.00024828597088344395,0.9991570711135864,0.00030144432093948126
0,0,0.999480664730072,0.00011970580089837313,0.00025342951994389296,0.00014619127614423633
1,1,0.00010974384349538013,0.9996009469032288,0.0001500602811574936,0.00013929689885117114
2,2,0.009648555889725685,0.0011151691433042288,0.9890490770339966,0.0001871849672170356
1,1,0.0001162691623903811,0.9995834231376648,0.00015527686628047377,0.00014507418381981552
0,0,0.9994919300079346,0.00010749438661150634,0.0002539767883718014,0.0001465778041165322
2,2,0.0005653777625411749,0.0009250727598555386,0.9983433485031128,0.0001661302667343989
1,1,9.896465780911967e-05,0.9995071887969971,0.0002391043381066993,0.00015480417641811073
0,0,0.9994716048240662,0.00011519611871335655,0.000271943979896605,0.00014128006296232343
0,0,0.999433696269989,0.00011654158879537135,0.0003091390826739371,0.00014058819215279073
2,2,0.002048692898824811,0.07916464656591415,0.9182441234588623,0.0005425418494269252
1,1,8.023927512113005e-05,0.9996135830879211,0.0001660604466451332,0.0001401199260726571
1,0,0.9994896650314331,0.0001250982313649729,0.0002409253502264619,0.00014424680557567626
2,2,0.0003097633016295731,0.00029452386661432683,0.9991366267204285,0.00025908139650709927
0,0,0.999487042427063,0.00013777865387964994,0.00023442776000592858,0.000140686213853769
1,1,6.735086935805157e-05,0.9995459914207458,0.0002470269100740552,0.00013967846462037414
2,2,0.00026987402816303074,0.0003539077297318727,0.9991142153739929,0.0002619528095237911
0,0,0.9995089769363403,0.00014601707516703755,0.0002125250903191045,0.0001324290642514825
1,1,0.00011845216795336455,0.9995899796485901,0.0001594416389707476,0.00013217532250564545
2,1,0.15149079263210297,0.8366731405258179,0.011235911399126053,0.0006001596921123564
2,0,0.9995062351226807,0.00012774090282619,0.00023392662114929408,0.0001320773153565824
0,0,0.9992697834968567,0.00011697808076860383,0.0005019078380428255,0.00011141706636408344
1,1,0.00015700957737863064,0.9995415210723877,0.00013972619490232319,0.00016183932893909514
2,0,0.997941792011261,0.0013253178913146257,0.0006405501044355333,9.24061969271861e-05
1,2,0.0003851564833894372,0.003209883812814951,0.9961919784545898,0.00021295204351190478
0,0,0.9994674324989319,0.00011499542597448453,0.0002814448962453753,0.0001361537870252505
2,2,0.0003268081054557115,0.0016141326632350683,0.9978145360946655,0.0002445126883685589
2,2,0.0002786386467050761,0.0005725608789362013,0.9989235997200012,0.0002252186823170632
1,1,8.429493755102158e-05,0.9996106028556824,0.00016465535736642778,0.0001404568029101938
0,0,0.999481737613678,0.00012574071297422051,0.00024787095026113093,0.00014468665176536888
2,2,0.00020675381529144943,0.005646201781928539,0.9937315583229065,0.0004155106726102531
0,2,0.0003107938391622156,0.00028748996555805206,0.9991468191146851,0.0002549041819293052
2,1,0.00014458151417784393,0.9964339733123779,0.0031013183761388063,0.0003200979554094374
2,0,0.9881834387779236,0.011107150465250015,0.0005439390079118311,0.00016551480803173035
1,1,0.00012887053890153766,0.9995394945144653,0.00019241799600422382,0.0001392425037920475
0,0,0.9994843006134033,0.00013838589075021446,0.0002381744416197762,0.00013908300024922937
0,0,0.9992808699607849,8.555864042136818e-05,0.00046441410086117685,0.00016909121768549085
1,1,0.00011815493780886754,0.9994751811027527,0.00020973615755792707,0.00019694695947691798
0,0,0.9987120628356934,0.00019870966207236052,0.0009585508960299194,0.0001307190250372514
2,2,0.0003232535673305392,0.0002962336002383381,0.9991207718849182,0.0002597975544631481
1,2,0.0005233540432527661,0.001149329007603228,0.9981398582458496,0.00018745630222838372
0,0,0.9994578957557678,0.0002325422829017043,0.0001796065189410001,0.00013002040213905275
3,0,0.9994732737541199,0.0001125146882259287,0.0002590360236354172,0.00015518648433499038
1,2,0.00039312810986302793,0.0003137002931907773,0.9989985823631287,0.0002946140884887427
2,0,0.9993795156478882,0.00010074827878270298,0.00036277525941841304,0.00015695778711233288
0,0,0.9989781379699707,0.00036166663630865514,0.0005542024155147374,0.0001059673959389329
2,2,0.00036048772744834423,0.00023105231230147183,0.9991642236709595,0.00024418518296442926
1,1,0.00013012869749218225,0.9995751976966858,0.0001665921154199168,0.000128132727695629
0,0,0.9994913339614868,0.00012474697723519057,0.0002652529801707715,0.00011872749746544287
1,1,8.863706170814112e-05,0.9996203184127808,0.00015248653653543442,0.00013863669300917536
2,2,0.0005842370446771383,0.000527211232110858,0.9986843466758728,0.00020429074356798083
2,2,0.0002916778903454542,0.0002884444547817111,0.9991617202758789,0.0002581509470473975
1,1,0.0001990307355299592,0.999515175819397,0.00016189202142413706,0.00012385990703478456
0,0,0.9994897842407227,0.00019801694725174457,0.00019876468286383897,0.00011340584751451388
0,0,0.9994770884513855,0.0001281321165151894,0.00025133174494840205,0.00014346573152579367
2,2,0.0003566293453332037,0.00025214478955604136,0.9991574287414551,0.0002338041813345626
1,1,0.00010302387090632692,0.9996144771575928,0.00014863192336633801,0.00013376152492128313
2,2,0.0002962617145385593,0.0002129889908246696,0.9991508722305298,0.00033995136618614197
1,1,9.123371273744851e-05,0.9996137022972107,0.00014499406097456813,0.00015019907732494175
0,0,0.9994895458221436,0.00011248068767599761,0.0002564560854807496,0.0001415765000274405
0,0,0.9994705319404602,0.00014038784138392657,0.00026224873727187514,0.0001268847699975595
2,1,7.604222628287971e-05,0.9987578392028809,0.0009240545914508402,0.00024202886561397463
1,1,0.00010271868814015761,0.9995833039283752,0.00018535424896981567,0.00012857223919127136
1,1,0.00018215678574051708,0.9944390058517456,0.005112751387059689,0.0002661093894857913
0,0,0.9994662404060364,0.00015337113291025162,0.00025943195214495063,0.00012098465958843008
2,2,0.0005572426598519087,0.0003589446423575282,0.9989068508148193,0.00017696178110782057
2,2,0.0003437603882048279,0.0004998980439268053,0.9989326596260071,0.0002236863801954314
0,1,0.00019102124497294426,0.9995105266571045,0.00017179807764478028,0.00012662836525123566
1,1,0.00019609469745773822,0.9993651509284973,0.00032134068896993995,0.00011743122740881518
1,2,0.00030715472530573606,0.0003983863862231374,0.9990721940994263,0.00022224459098652005
2,2,0.0003024962788913399,0.0003403269511181861,0.999107301235199,0.00024983289767988026
0,0,0.9994592070579529,0.0001349181547993794,0.0002650874375831336,0.0001407626987202093
1,2,0.00027051317738369107,0.00029598467517644167,0.9991499185562134,0.0002835521590895951
2,2,0.0003302824916318059,0.00022659581736661494,0.9991305470466614,0.0003126255760435015
0,0,0.985396683216095,0.00023194581444840878,0.014092578552663326,0.000278828083537519
0,0,0.9991414546966553,0.0003620957722887397,0.0003548488311935216,0.0001415968727087602
2,2,0.0003774116630665958,0.0003182307118549943,0.9990719556808472,0.00023230644001159817
2,1,0.00032874036696739495,0.9984157085418701,0.0010991175659000874,0.0001564213598612696
0,0,0.9994077682495117,0.00010385041969129816,0.0003565501538105309,0.00013178902736399323
2,2,0.00034593293094076216,0.00022993795573711395,0.9991361498832703,0.0002880129322875291
1,0,0.99399334192276,0.0012703859247267246,0.004487689584493637,0.0002485204895492643
1,1,0.00012903807510156184,0.9995874762535095,0.00014551624190062284,0.00013802529429085553
2,2,0.0003155329904984683,0.0003838154370896518,0.9990597367286682,0.00024097974528558552
0,0,0.999502420425415,0.00011543490109033883,0.00024814828066155314,0.0001339921582257375
1,0,0.9355754256248474,0.06341982632875443,0.0006083084736019373,0.0003964047064073384
2,1,0.07451838999986649,0.9235355257987976,0.0015843609580770135,0.0003618212358560413
2,1,0.001255462528206408,0.897543728351593,0.10067227482795715,0.0005285402294248343
0,0,0.9994860887527466,0.00014169055793900043,0.00023094232892617583,0.00014133090735413134
1,1,0.00010394931450719014,0.9996032118797302,0.00015236066246870905,0.0001405038492521271
2,1,0.00010967526759486645,0.9991058707237244,0.0005963342264294624,0.0001880895724752918
2,0,0.6702682971954346,0.00036332037416286767,0.32843515276908875,0.0009332206100225449
0,0,0.9994997978210449,0.00010787860810523853,0.00025170037406496704,0.00014061035471968353
1,1,0.00011661495227599517,0.9995803236961365,0.00016657613741699606,0.00013639857934322208
0,0,0.9994722008705139,0.00014037911023478955,0.0002490806218702346,0.00013829025556333363
2,2,0.0006344665307551622,0.00028214906342327595,0.9988597631454468,0.00022364786127582192
1,0,0.9664770364761353,0.0006027283379808068,0.032640911638736725,0.0002793810854200274
1,1,0.00020996692182961851,0.9984596967697144,0.0010236938251182437,0.00030663228244520724
0,0,0.9939637780189514,0.0001358424051431939,0.005703593138605356,0.00019671718473546207
2,2,0.009725166484713554,0.0004474098968785256,0.9892730116844177,0.0005544263985939324
1,1,0.0001318855647696182,0.9994352459907532,0.000276764651061967,0.00015602732310071588
0,0,0.999440610408783,0.00011877651559188962,0.0002876973885577172,0.00015286286361515522
2,2,0.00042450855835340917,0.0003196195757482201,0.9990180730819702,0.0002377230121055618
1,1,8.112793875625357e-05,0.9996167421340942,0.0001554477057652548,0.0001467131805839017
2,2,0.00039701772038824856,0.0002567236078903079,0.9991171956062317,0.00022904352226760238
0,0,0.9994727969169617,0.0001254766684724018,0.00024780206149443984,0.00015396963863167912
1,1,8.679924212628976e-05,0.9996165037155151,0.00016011603293009102,0.00013659644173458219
2,1,8.688584784977138e-05,0.9994256496429443,0.0003528925299178809,0.00013463138020597398
0,0,0.9994760155677795,0.00010666287562344223,0.0002902352425735444,0.00012704396795015782
0,0,0.9994097948074341,0.0002565366157796234,0.00023312972916755825,0.00010051495337393135
1,1,0.00011007521243300289,0.9995889067649841,0.00015911806258372962,0.00014190730871632695
2,2,0.00025143500533886254,0.0009170756675302982,0.9985450506210327,0.0002864369307644665
2,0,0.998816728591919,0.0007726464536972344,0.00028856273274868727,0.00012208962289150804
1,1,0.0001236281095771119,0.9995988011360168,0.00015058752615004778,0.0001270309730898589
0,0,0.9994743466377258,0.0001813903945730999,0.0002191170206060633,0.00012513042020145804
2,1,0.00010036880848929286,0.9995111227035522,0.00026847459957934916,0.00012003915617242455
0,0,0.9994158744812012,0.00011957744573010132,0.0003097963926848024,0.00015483993047382683
1,1,0.00011329614790156484,0.9995872378349304,0.00016507004329469055,0.00013442232739180326
0,0,0.9994865655899048,0.00010003036732086912,0.000274490361334756,0.00013889827823732048
2,0,0.9717831611633301,0.024225076660513878,0.003197277197614312,0.000794567633420229
1,2,0.45817217230796814,0.0004450844135135412,0.5401122570037842,0.0012704904656857252
2,2,0.0003407455515116453,0.00025536512839607894,0.9991530179977417,0.0002508128818590194
0,0,0.9993253946304321,9.451717050978914e-05,0.0004518844070844352,0.00012822929420508444
1,2,0.00026335465372540057,0.00039235406438820064,0.999039351940155,0.00030499344575218856
1,1,9.96922462945804e-05,0.9994767308235168,0.0002684039354790002,0.00015522770991083235
2,2,0.0010123515967279673,0.4831337630748749,0.5145677924156189,0.0012860649731010199
3,2,0.0010865175863727927,0.00024692967417649925,0.9984381794929504,0.00022830467787571251
1,1,0.00021084271429572254,0.9960474371910095,0.0034976042807102203,0.00024409597972407937
2,1,0.00048044894356280565,0.9990161657333374,0.0003908233775291592,0.00011250860552536324
0,0,0.9994688630104065,0.0001393090351484716,0.00026129616890102625,0.00013058561307843775
0,2,0.0005779954954050481,0.00025322145665995777,0.998965859413147,0.00020284626225475222
2,1,0.00016152999887708575,0.9936345815658569,0.005892824847251177,0.0003110450052190572
1,1,7.467834802810103e-05,0.9995850920677185,0.00020311605476308614,0.0001371763355564326
0,0,0.9994644522666931,0.00012015311949653551,0.0002665276115294546,0.00014890043530613184
1,1,8.225303463404998e-05,0.9996070265769958,0.00016624775889795274,0.00014458465739153326
1,2,0.00040725452709011734,0.0003200515639036894,0.9990354776382446,0.00023718118609394878
1,1,0.00012728443834930658,0.9995360374450684,0.00018964745686389506,0.00014704784553032368
2,2,0.000895450881216675,0.00042526592733338475,0.9984948635101318,0.00018444164015818387
0,0,0.9994882345199585,0.00013728762860409915,0.00023577507818117738,0.00013870233669877052
0,2,0.0003493634285405278,0.0002445146965328604,0.9991357922554016,0.00027043456793762743
1,1,8.613753016106784e-05,0.9995083808898926,0.00026138400426134467,0.00014399563951883465
2,2,0.0003161469358019531,0.00027779489755630493,0.999133288860321,0.0002728290273807943
2,0,0.9993208646774292,0.00032884106622077525,0.0002429015439702198,0.00010736238618846983
2,2,0.0005711968406103551,0.000326140463585034,0.9988797307014465,0.00022290495689958334
1,1,0.00013361938181333244,0.9995469450950623,0.00018418348918203264,0.00013523480447474867
0,1,0.00017739001486916095,0.9995285272598267,0.0001639422553125769,0.00013015996955800802
2,2,0.00027664622757583857,0.0004890515701845288,0.9989457726478577,0.00028855487471446395
1,2,0.0002776274341158569,0.0009072066168300807,0.9985861778259277,0.00022898160386830568
0,0,0.9994227886199951,0.0001298568386118859,0.0003284831182099879,0.00011894532508449629
1,2,0.0015303062973544002,0.1860070824623108,0.8118591904640198,0.0006034513935446739
2,0,0.999350368976593,0.0002270233817398548,0.0003238367207814008,9.885725739877671e-05
0,0,0.9994538426399231,0.000107461484731175,0.00030589470406994224,0.0001328299258602783
1,2,0.00027991432580165565,0.000333065923769027,0.9991053938865662,0.00028167854179628193
3,1,0.0002950704365503043,0.9993416666984558,0.00020472858159337193,0.00015859337872825563
0,0,0.9994719624519348,0.00010754975664895028,0.00027539487928152084,0.00014517370436806232
2,1,0.22470979392528534,0.769260585308075,0.004547529388219118,0.0014821133809164166
1,1,9.865521860774606e-05,0.9995923638343811,0.0001695674000075087,0.0001394562714267522
2,1,8.481054828735068e-05,0.9995661377906799,0.00021030685456935316,0.0001387052034260705
1,1,0.00011633228132268414,0.9995729327201843,0.0001750488008838147,0.00013574225886259228
0,1,0.002386873820796609,0.9905765056610107,0.006878252141177654,0.00015834739315323532
3,0,0.9975711703300476,0.00011821034422609955,0.002165105426684022,0.00014551717322319746
2,1,9.960008901543915e-05,0.9996095299720764,0.0001584710698807612,0.00013244316505733877
1,1,9.842230792855844e-05,0.9996128678321838,0.00015328000881709158,0.00013543758541345596
2,2,0.001318461261689663,0.08917004615068436,0.9090540409088135,0.0004574130871333182
1,0,0.9994620680809021,0.00012509201769717038,0.00026793681900016963,0.00014484452549368143
0,0,0.9994738698005676,0.00012426840839907527,0.000255106802796945,0.00014683551853522658
3,0,0.9988446235656738,0.0002069198089884594,0.0008293562568724155,0.00011906577128684148
1,2,0.0003626120451372117,0.0002372848248342052,0.9991223216056824,0.0002778241760097444
0,1,0.10108141601085663,0.8936974406242371,0.004623435437679291,0.0005976605461910367
1,1,0.00011730132246157154,0.9995742440223694,0.0001754216937115416,0.00013298522389959544
2,0,0.9975348711013794,0.0001198919999296777,0.0021904208697378635,0.00015475557302124798
0,0,0.999518632888794,0.00012161141057731584,0.0002235801366623491,0.0001361749309580773
2,0,0.9961323738098145,9.256398334400728e-05,0.0036081254947930574,0.0001668489130679518
0,0,0.999468982219696,0.00012683775275945663,0.0002538924745749682,0.00015024894673842937
1,1,0.00010344065231038257,0.9995997548103333,0.00015803893620613962,0.0001388312375638634
1,1,8.835276821628213e-05,0.999619722366333,0.00015523216279689223,0.00013665578444488347
0,0,0.9994725584983826,0.00012093604891560972,0.00026353567955084145,0.00014298196765594184
2,1,7.325866317842156e-05,0.9994115829467773,0.00030988725484348834,0.00020523024431895465
2,0,0.9993801116943359,0.00027651587151922286,0.00024056006805039942,0.00010286993347108364
2,0,0.9994868040084839,0.00011195663682883605,0.00026081784744746983,0.00014044666022527963
2,2,0.00026685220655053854,0.0002541035646572709,0.9991425275802612,0.0003366033488418907
1,1,0.00010289615602232516,0.9995719790458679,0.00018641329370439053,0.00013873922580387443
0,0,0.9994710087776184,0.00011959373659919947,0.0002578282728791237,0.0001515640615252778
2,1,0.0025010991375893354,0.6409167647361755,0.3557637631893158,0.0008184243924915791
2,1,0.00013072154251858592,0.9995660185813904,0.00017006497364491224,0.0001331643434241414
0,0,0.9269991517066956,0.07058590650558472,0.0018739623483270407,0.0005409724544733763
1,1,0.00010489235864952207,0.999516487121582,0.00021256865875329822,0.00016615267668385059
1,0,0.9995139837265015,0.00010080719948746264,0.00025444303173571825,0.00013077595212962478
2,1,0.00021483187447302043,0.9995090961456299,0.00016009577666409314,0.00011588691995711997
0,0,0.999480664730072,0.00011474793427623808,0.0002609846997074783,0.0001437005412299186
0,0,0.9994457364082336,0.00012447865447029471,0.00028511168784461915,0.0001447073882445693
2,1,0.00011948923201998696,0.9995751976966858,0.00015471612277906388,0.00015066082414705306
1,1,9.12699251784943e-05,0.9996147155761719,0.00015061779413372278,0.00014334516890812665
1,1,0.00011291643022559583,0.9989485144615173,0.0008030087919905782,0.00013564633263740689
0,2,0.4875355064868927,0.0007888659602031112,0.5107200741767883,0.0009556181030347943
2,2,0.0014420541701838374,0.0003619067429099232,0.9979020357131958,0.0002940780541393906
2,2,0.0003964054340030998,0.0002565568429417908,0.9990921020507812,0.00025495243608020246
1,1,0.00011372516019036993,0.9996111989021301,0.00014511682093143463,0.00012998453166801482
0,0,0.9993888139724731,0.0002726602542679757,0.00024066887272056192,9.788174065761268e-05
0,0,0.9994745850563049,0.00014519858814310282,0.00024237816978711635,0.00013790787488687783
1,1,0.00011303171049803495,0.9995450377464294,0.00020218743884470314,0.00013980106450617313
2,2,0.0011861348757520318,0.00023851401056163013,0.9983458518981934,0.00022948389232624322
0,0,0.9994774460792542,0.00012073037214577198,0.0002575738471932709,0.00014423140964936465
1,2,0.0011029664892703295,0.17714346945285797,0.8205932974815369,0.0011602825252339244
2,0,0.9984275102615356,0.00012419966515153646,0.0013225872535258532,0.0001257360854651779
1,1,0.00010424740321468562,0.9996077418327332,0.0001608745806152001,0.0001271673827432096
0,0,0.9994058609008789,0.0002818237117026001,0.00018254114547744393,0.00012983730994164944
2,2,0.0003458578430581838,0.00027603551279753447,0.9991169571876526,0.0002610983210615814
1,1,9.656896872911602e-05,0.9995933175086975,0.00016253665671683848,0.00014766310050617903
2,2,0.0005397094646468759,0.0002460108371451497,0.9989855885505676,0.00022872784757055342
0,0,0.9994657635688782,0.0001313217799179256,0.00025993038434535265,0.00014292100968305022
2,1,0.00016334728570654988,0.9995405673980713,0.00017211941303685308,0.00012407421309035271
0,2,0.0014118412509560585,0.0006987801752984524,0.9977023005485535,0.00018700494547374547
1,1,0.0001157758742920123,0.9995736479759216,0.0001792740949895233,0.000131365901324898
0,0,0.8349906802177429,0.1631251871585846,0.0010580732487142086,0.000825990573503077
1,1,0.00011006334534613416,0.9993858337402344,0.0003268629079684615,0.00017722435586620122
2,1,0.006323111243546009,0.8456043004989624,0.14754340052604675,0.0005291650886647403
1,2,0.000434541841968894,0.00030780411907471716,0.9990441203117371,0.00021349944290705025
2,2,0.00033305620308965445,0.0003961247857660055,0.9990429282188416,0.00022780531435273588
0,0,0.9994444251060486,9.974370914278552e-05,0.0003187877300661057,0.00013696201494894922
0,0,0.9994440674781799,0.0001244048762600869,0.0002972351503558457,0.000134254340082407
1,1,8.559937123209238e-05,0.9991123080253601,0.0005920478724874556,0.0002100310375681147
2,2,0.028073955327272415,0.0004247319884598255,0.9711282849311829,0.0003730675671249628
2,2,0.0007187175215221941,0.012829514220356941,0.9861763119697571,0.0002754191809799522
2,1,8.828147110762075e-05,0.999553382396698,0.00021372197079472244,0.0001445158413844183
0,0,0.9994356036186218,9.308055450674146e-05,0.00032968056621029973,0.00014166354958433658
2,2,0.00041224181768484414,0.00031136852339841425,0.9990516304969788,0.00022476879530586302
3,0,0.9994531273841858,0.0001279520074604079,0.00027997305733151734,0.00013891006528865546
2,2,0.0017795711755752563,0.0003832319926004857,0.9976613521575928,0.00017582255532033741
2,2,0.0004286496841814369,0.0004409475950524211,0.9988880753517151,0.00024226504319813102
1,1,8.988512854557484e-05,0.9996113181114197,0.00016147983842529356,0.00013736110122408718
0,0,0.9994400143623352,0.00027016756939701736,0.0001609471655683592,0.00012885182513855398
2,1,0.00026213235105387866,0.9987010955810547,0.0009108131052926183,0.00012592849088832736
0,1,0.00014946503506507725,0.9995678067207336,0.00014249150990508497,0.00014019745867699385
2,2,0.0008273058920167387,0.0002165983314625919,0.9987292885780334,0.00022672934574075043
1,0,0.9993281364440918,0.0002793007006403059,0.0002899333485402167,0.00010258323163725436
0,0,0.999453604221344,0.00011932678171433508,0.00028062090859748423,0.00014650846424046904
2,1,0.00026536709628999233,0.9988539218902588,0.0007436586893163621,0.0001370311510981992
1,2,0.000660336168948561,0.006839467212557793,0.9922837615013123,0.0002164853212889284
2,2,0.0002697488234844059,0.000841540633700788,0.9986469149589539,0.00024177109298761934
0,0,0.9994763731956482,0.00012381754640955478,0.00025577491032890975,0.0001439814077457413
2,2,0.34013864398002625,0.0004564168048091233,0.6585264205932617,0.0008784874808043242
0,0,0.9994725584983826,0.00012012441584374756,0.00025990683934651315,0.0001475372991990298
1,1,0.0010665528243407607,0.9111594557762146,0.08708705008029938,0.0006869008648209274
0,0,0.9992842078208923,0.00018784023995976895,0.00042090570786967874,0.00010713997471611947
3,0,0.9994679093360901,0.00014667370123788714,0.00026748215896077454,0.00011796469334512949
0,0,0.9994742274284363,0.00014099817781243473,0.0002451287873554975,0.00013969748397357762
1,0,0.9993370175361633,0.00013254159421194345,0.00040923646884039044,0.0001212323404615745
2,2,0.0004092979652341455,0.006587694399058819,0.9927377104759216,0.0002652683178894222
0,0,0.9994213581085205,0.0001227968605235219,0.0003036117122974247,0.00015224682283587754
0,0,0.9994857311248779,0.00011274166899966076,0.0002561847504694015,0.00014531034685205668
1,1,0.000103049045719672,0.9995852112770081,0.0001680012937868014,0.00014371640281751752
2,2,0.0002880936081055552,0.0005676083965227008,0.9989271759986877,0.00021716025366913527
0,0,0.999431312084198,0.00013565471454057842,0.0002809064753819257,0.00015201300266198814
1,1,0.00011053306661779061,0.9995922446250916,0.0001555506605654955,0.00014166277833282948
2,2,0.0003550726978573948,0.00025706153246574104,0.9991575479507446,0.00023038672225084156
2,2,0.0005088774487376213,0.00034572588629089296,0.9989663362503052,0.0001791000977391377
1,1,0.0002507032186258584,0.9924232959747314,0.0070906756445765495,0.00023534795036539435
0,0,0.9993304014205933,0.00030456017702817917,0.00025886044022627175,0.00010619396925903857
2,2,0.0003846318577416241,0.000252431578701362,0.9991440773010254,0.00021889133495278656
1,1,0.00017532364290673286,0.9995216131210327,0.00017901259707286954,0.00012404867447912693
0,0,0.9994742274284363,0.00012472747766878456,0.00025233443011529744,0.0001486754190409556
2,1,0.00016504045925103128,0.9959923624992371,0.003601757111027837,0.00024095922708511353
1,1,0.00011509914475027472,0.9995859265327454,0.00016335408145096153,0.0001355625136056915
0,0,0.9995064735412598,0.00012530975800473243,0.0002274647995363921,0.0001407206291332841
1,1,8.761338540352881e-05,0.9996054768562317,0.0001637970271985978,0.00014308432582765818
0,0,0.9994532465934753,0.0002521545102354139,0.0001709685893729329,0.0001236736570717767
2,1,8.387281559407711e-05,0.9995914101600647,0.0001965814153663814,0.0001281190343433991
2,2,0.0004072912852279842,0.00020779215265065432,0.9990936517715454,0.0002912769268732518
1,1,0.00011110023478977382,0.9995775818824768,0.0001807423832360655,0.0001305391633650288
0,0,0.9994956254959106,0.00012583952047862113,0.0002537356340326369,0.00012475121184252203
1,1,0.0001016067762975581,0.9995675683021545,0.00018782596453092992,0.00014297457528300583
3,2,0.0017971236957237124,0.037807777523994446,0.9599094986915588,0.0004855484003201127
2,0,0.8914890289306641,0.0013575841439887881,0.1066816970705986,0.00047175909276120365
0,0,0.9994403719902039,0.00012482119200285524,0.00028404738986864686,0.0001508042187197134
2,0,0.9994975328445435,0.00012093630357412621,0.0002411334280623123,0.0001403761125402525
0,0,0.9994745850563049,0.00011476923828013241,0.0002705855877138674,0.00014010605809744447
1,1,0.0022602896206080914,0.9972361922264099,0.00030433552456088364,0.0001992683974094689
0,0,0.7467395067214966,0.0005915851797908545,0.2520340383052826,0.0006347832968458533
2,1,0.0016300164861604571,0.9965550899505615,0.0016744107706472278,0.00014053998165763915
2,0,0.9990373849868774,8.876820356817916e-05,0.000748896156437695,0.00012504805636126548
0,0,0.9995113611221313,0.00010862739873118699,0.00023102638078853488,0.00014894876221660525
1,0,0.9993075132369995,0.0003062608593609184,0.0002807637501973659,0.00010543230746407062
3,0,0.9994906187057495,0.000108157197246328,0.00025626321439631283,0.00014491996262222528
1,2,0.0024768528528511524,0.00462849996984005,0.9926913380622864,0.00020331013365648687
0,0,0.9994472861289978,0.00013097379996906966,0.0002759851631708443,0.00014579710841644555
0,0,0.9644483923912048,0.0003933336993213743,0.034864336252212524,0.0002939178666565567
2,0,0.9994778037071228,0.00014208897482603788,0.00024518597638234496,0.0001349543745163828
2,2,0.000387961306842044,0.00208084168843925,0.9972892999649048,0.00024197789025492966
1,1,9.736048377817497e-05,0.9996175765991211,0.00014727964298799634,0.00013773464888799936
2,2,0.000293657707516104,0.0003347614547237754,0.9991249442100525,0.0002465834841132164
0,1,0.00010152951290365309,0.9995908141136169,0.00018353857740294188,0.00012410672206897289
1,1,0.00011731742415577173,0.999599039554596,0.00015572388656437397,0.00012793467612937093
2,0,0.9991266131401062,0.00010139200458070263,0.0005966514581814408,0.00017545587616041303
0,0,0.9994593262672424,0.00011524151341291144,0.00026863664970733225,0.00015675130998715758
0,0,0.9994614720344543,0.00013358528667595237,0.000262212852248922,0.00014266370271798223
1,1,0.00010504545934963971,0.9995520710945129,0.00020402528753038496,0.0001387612137477845
2,2,0.0006503608310595155,0.0003690185258165002,0.9987756609916687,0.0002049702306976542
2,0,0.992874264717102,0.006438458804041147,0.0003573459107428789,0.0003299691015854478
0,0,0.8812087774276733,0.00045571773080155253,0.1174822598695755,0.0008532736683264375
1,1,8.694866119185463e-05,0.9996132254600525,0.00015567679656669497,0.00014424398250412196
2,2,0.002970924833789468,0.0002543957671150565,0.9965512752532959,0.00022340375289786607
0,0,0.7198618650436401,0.27796298265457153,0.0010928852716460824,0.0010822665644809604
1,1,0.0022143269889056683,0.997406542301178,0.00020316473091952503,0.00017601165745873004
2,1,0.0001151598189608194,0.9995970129966736,0.00014847886632196605,0.00013938909978605807
1,0,0.9993287324905396,0.00022390954836737365,0.00031436680001206696,0.00013294394011609256
0,1,0.000163775694090873,0.9995476603507996,0.000163223099661991,0.00012536834401544183
0,0,0.999433696269989,0.00012229128333274275,0.00030149155645631254,0.00014240542077459395
1,1,0.0001330326485913247,0.9995760321617126,0.0001606108562555164,0.00013038395263720304
2,2,0.00035597840906120837,0.00025512889260426164,0.9991220831871033,0.00026677371351979673
0,0,0.9994509816169739,0.0002480825351085514,0.0001736037665978074,0.00012735217751469463
1,1,9.320275421487167e-05,0.9995965361595154,0.0001766492787282914,0.00013360001321416348
1,1,0.0001094231047318317,0.99959796667099,0.00015312345931306481,0.00013950040738563985
1,1,0.00010210239997832105,0.9995707869529724,0.00015344218991231173,0.00017364410450682044
0,0,0.7582448720932007,0.0010159745579585433,0.24002568423748016,0.0007134448969736695
2,2,0.0004486769321374595,0.0003321706026326865,0.9989905953407288,0.00022849049128126353
1,1,0.0001070784346666187,0.9995744824409485,0.00016184759442694485,0.00015653675654903054
2,0,0.9347747564315796,0.00026431295555084944,0.06432487815618515,0.0006361188134178519
0,0,0.9994749426841736,0.00010775531700346619,0.0002764746022876352,0.00014093119534663856
0,1,0.0015131826512515545,0.9980389475822449,0.0003043038013856858,0.0001435560843674466
1,1,0.0001177962840301916,0.9996002316474915,0.00015598910977132618,0.00012595714360941201
2,1,0.00021598274179268628,0.9977588653564453,0.0018195430748164654,0.0002054945653071627
1,1,0.0001217957615153864,0.9995352029800415,0.000206526237889193,0.00013649652828462422
2,1,0.00016250058251898736,0.9993247985839844,0.00037093914579600096,0.00014172877126839012
0,0,0.9994865655899048,0.00013622133701574057,0.00024126075732056051,0.00013587248395197093
0,1,0.0014579438138753176,0.971206545829773,0.027043001726269722,0.0002925545850303024
1,1,8.851363236317411e-05,0.9995734095573425,0.00019995536422356963,0.0001381607144139707
2,1,0.0011256173020228744,0.9191487431526184,0.07922083139419556,0.0005047467420808971
1,1,0.0005091303028166294,0.9991783499717712,0.00020330546249169856,0.00010920822387561202
0,0,0.9994935989379883,0.00011177176202181727,0.00025169519358314574,0.0001429569092579186
2,2,0.00039280482451431453,0.0002462729753460735,0.9991008043289185,0.0002601875748950988
0,0,0.999484658241272,0.00013007210509385914,0.00024263827071990818,0.00014261831529438496
1,1,8.346018876181915e-05,0.9995996356010437,0.00018616615852806717,0.0001306815684074536
2,1,0.00019121295190416276,0.9994875192642212,0.0001608325110282749,0.000160424126079306
1,1,0.00012038032582495362,0.9995444416999817,0.00019744489691220224,0.00013770669465884566
0,0,0.9972906708717346,0.00025836931308731437,0.002283278154209256,0.00016754597891122103
2,2,0.0005935172666795552,0.00023063608387019485,0.9989435076713562,0.00023239378060679883
2,2,0.0003280172822996974,0.0002354679600102827,0.9991359114646912,0.0003006059559993446
0,0,0.9994779229164124,0.0001147494840552099,0.00027041081921197474,0.00013690143532585353
1,1,0.00012054437684128061,0.9995711445808411,0.00016660717665217817,0.00014172519149724394
1,1,0.00010133865725947544,0.9995174407958984,0.00024767726426944137,0.00013359542936086655
2,2,0.0003542928025126457,0.0002511728962417692,0.9991235136985779,0.00027100101578980684
0,0,0.9994588494300842,0.0001182955238618888,0.0002725467493291944,0.00015024427557364106
1,1,0.0002194024418713525,0.9994810223579407,0.00016995223995763808,0.00012958307343069464
0,0,0.9995012283325195,0.00012372690252959728,0.00022612024622503668,0.00014892550825607032
2,0,0.9993473887443542,0.00013866598601453006,0.0003657899796962738,0.00014819709758739918
2,2,0.00031927129020914435,0.00036327759153209627,0.9990787506103516,0.00023860216606408358
0,0,0.9995105266571045,0.00012984110799152404,0.00023200141731649637,0.0001275999820791185
1,0,0.9994416832923889,0.00015024356252979487,0.00029222018201835454,0.0001158422019216232
0,0,0.9994595646858215,0.00010982788808178157,0.0002895824145525694,0.00014099880354478955
2,2,0.00030060490826144814,0.000694919959641993,0.9987455606460571,0.0002588432398624718
1,1,0.00010525455581955612,0.9996065497398376,0.00015559695020783693,0.00013262021820992231
2,2,0.000295720441499725,0.0002549921628087759,0.9991590976715088,0.0002901814004871994
0,0,0.9994811415672302,0.000118147989269346,0.0002483825956005603,0.00015229659038595855
1,2,0.000864877481944859,0.34017571806907654,0.6579511761665344,0.0010081654181703925
2,1,0.0001191022020066157,0.9995858073234558,0.00017952332564163953,0.00011559700942598283
1,1,0.0017607270274311304,0.9910066723823547,0.006967401131987572,0.00026521546533331275
0,0,0.9994638562202454,0.00013228853640612215,0.0002596137928776443,0.00014424705295823514
0,1,0.0006357262027449906,0.9989914298057556,0.00023927695292513818,0.0001336197747150436
1,2,0.00028440222376957536,0.00033382861874997616,0.9991077780723572,0.00027390813920646906
2,1,0.00010192392073804513,0.9985241293907166,0.0011860813247039914,0.00018777919467538595
1,0,0.9988929629325867,0.0005531191709451377,0.0003933280531782657,0.00016066787065938115
0,0,0.9995006322860718,0.00012565583165269345,0.0002408255240879953,0.00013293561642058194
2,2,0.0009720163652673364,0.17036767303943634,0.8277525901794434,0.0009077105205506086
0,0,0.9994603991508484,0.00014028135046828538,0.0002749104460235685,0.0001244892628164962
1,1,0.00014857812493573874,0.9995195865631104,0.00017343561921734363,0.0001583397388458252
2,0,0.9945482611656189,0.00023981655249372125,0.0050698863342404366,0.00014206992636900395
0,0,0.9993491768836975,0.00010530576400924474,0.0004310780204832554,0.00011447010183474049
2,2,0.0007609215681441128,0.0008260048343800008,0.9982195496559143,0.00019356803386472166
1,0,0.9876032471656799,0.00046303460840135813,0.01166192814707756,0.00027186828083358705
0,0,0.9988184571266174,9.527965448796749e-05,0.0009610211127437651,0.00012520559539552778
1,1,9.078152652364224e-05,0.9996201992034912,0.000147428858326748,0.00014151968935038894
2,1,7.711759099038318e-05,0.9995999932289124,0.00017150960047729313,0.00015150531544350088
0,0,0.9994229078292847,0.00011740509216906503,0.00030967657221481204,0.0001500145299360156
1,0,0.999321460723877,0.00013728145859204233,0.00043029323569498956,0.00011094938236055896
2,2,0.0003283120458945632,0.00032018532510846853,0.9991042017936707,0.0002472007181495428
2,2,0.0005639662267640233,0.00021064403699710965,0.9989761114120483,0.00024926086189225316
1,1,0.00010816111898748204,0.999600350856781,0.0001629414618946612,0.0001285212201764807
0,0,0.99947589635849,0.0001343142066616565,0.00024341950484085828,0.00014644856855738908
2,2,0.0004542749666143209,0.00019604989211075008,0.9990891218185425,0.00026057710056193173
0,0,0.9990915060043335,9.137905726674944e-05,0.0006842862349003553,0.0001329235383309424
1,1,0.00011749444820452482,0.9995666146278381,0.00017876764468383044,0.00013719747948925942
2,2,0.00030374267953448,0.002990106586366892,0.9964693784713745,0.00023678617435507476
0,1,0.2745005786418915,0.7232955694198608,0.0013931446010246873,0.0008106990135274827
1,1,0.00010376147110946476,0.9996017813682556,0.0001599969109520316,0.00013453316933009773
2,2,0.00028492961428128183,0.0008246441720984876,0.998665452003479,0.00022504240041598678
0,0,0.9994611144065857,0.00012301038077566773,0.00027219566982239485,0.0001435971789760515
1,1,0.00011202794848941267,0.9996066689491272,0.00014751925482414663,0.00013383895566221327
1,1,0.00010931828001048416,0.9995912909507751,0.00017040077364072204,0.00012900658475700766
2,0,0.9986577033996582,0.00010437265154905617,0.0010707194451242685,0.00016718146798666567
0,0,0.9994827508926392,0.0001117814244935289,0.00026192053337581456,0.00014354991435538977
1,1,0.00010250120976706967,0.9996210336685181,0.00013616187789011747,0.00014025467680767179
0,1,0.0001875447342172265,0.9912996888160706,0.008146943524479866,0.0003659198118839413
2,2,0.00020474752818699926,0.0005053298664279282,0.9989577531814575,0.0003322366392239928
1,1,9.130923717748374e-05,0.9996095299720764,0.00016511794819962233,0.0001340182643616572
0,0,0.9991864562034607,0.0004915213794447482,0.00021607261442113668,0.00010598242079140618
2,1,0.00010185692372033373,0.9963757395744324,0.0032405382953584194,0.0002818172506522387
1,1,8.395969780394807e-05,0.9996234178543091,0.00015946917119435966,0.00013308922643773258
0,0,0.999514102935791,0.00011574436211958528,0.00022968562552705407,0.00014042328984942287
2,2,0.00030431259074248374,0.0006059785955585539,0.9988161325454712,0.00027358438819646835
0,0,0.9994379878044128,0.00011917787924176082,0.0003024247125722468,0.00014038528024684638
2,2,0.00037657126085832715,0.0002844373229891062,0.9990701079368591,0.0002688384847715497
2,1,8.694196003489196e-05,0.9987252354621887,0.0009210278512910008,0.00026675473782233894
1,1,0.00012106713984394446,0.9995706677436829,0.00017633181414566934,0.00013193186896387488
2,1,7.391308463411406e-05,0.9991204142570496,0.0006081844330765307,0.00019744434393942356
0,0,0.9994580149650574,0.00012558387243188918,0.0002616755955386907,0.0001547099236631766
1,2,0.00031369025236926973,0.0036237628664821386,0.9958314299583435,0.00023121752019505948
2,2,0.0004049011622555554,0.0006260296795517206,0.9987030029296875,0.00026600094861350954
0,0,0.9994372725486755,0.00015905327745713294,0.0002748445840552449,0.0001287443592445925
0,0,0.9994661211967468,0.0001270113280043006,0.0002542605216149241,0.0001526341075077653
2,2,0.0003263492835685611,0.0002458297531120479,0.9991570711135864,0.00027080316795036197
2,2,0.3162521421909332,0.002414725488051772,0.6805329918861389,0.0008000931120477617
3,1,0.00018738889775704592,0.9995124340057373,0.0001798717275960371,0.00012040080764563754
1,1,9.243274689652026e-05,0.9996090531349182,0.0001600330142537132,0.00013846915680915117
0,0,0.9994294047355652,0.00017112941714003682,0.00025829399237409234,0.0001411885896231979
2,0,0.9991826415061951,0.00046201026998460293,0.000242328635067679,0.00011301088670734316
1,1,0.0015313561307266355,0.9981017708778381,0.00022320999414660037,0.0001436792081221938
2,0,0.9994939565658569,0.00011562894360395148,0.0002610479132272303,0.00012933177640661597
1,1,9.530250099487603e-05,0.99962317943573,0.00015099560550879687,0.00013054165174253285
0,0,0.9993434548377991,0.00036621245089918375,0.00017425102123524994,0.00011602429731283337
2,2,0.00030909801716916263,0.00025231667677871883,0.999146580696106,0.00029195091337896883
0,0,0.9994736313819885,0.00011541473213583231,0.0002726235834416002,0.0001383469207212329
2,0,0.9994959831237793,0.00012394285295158625,0.00024665065575391054,0.00013346344348974526
1,1,0.00011047573207179084,0.999596893787384,0.0001585319550940767,0.00013406859943643212
0,0,0.99951171875,0.00012909229553770274,0.00021820017718710005,0.00014101745910011232
1,1,0.00014099861436989158,0.9995383024215698,0.000195069529581815,0.00012570072431117296
2,2,0.0005229694070294499,0.0003774392534978688,0.9988988637924194,0.0002007286238949746
2,1,9.467299241805449e-05,0.9996058344841003,0.00015590415569022298,0.0001436238526366651
0,0,0.9994180202484131,0.00027962433523498476,0.00018371206533629447,0.00011867294233525172
1,1,0.00011109781917184591,0.9996140599250793,0.00014830846339464188,0.0001265809842152521
0,0,0.9994783997535706,0.00013892853166908026,0.0002555218816269189,0.00012713031901512295
1,2,0.0009488941286690533,0.06653255224227905,0.9318317174911499,0.0006868914351798594
2,2,0.0003788416797760874,0.0002869020390789956,0.9990911483764648,0.00024312401365023106
0,0,0.9994868040084839,0.00012180276098661125,0.00025194446789100766,0.00013938863412477076
2,1,0.0002770719875115901,0.9994369149208069,0.00016154561308212578,0.0001244915765710175
2,2,0.00027194031281396747,0.00032422979711554945,0.9991044402122498,0.0002994282986037433
0,0,0.999487042427063,0.00010480748460395262,0.00026679280563257635,0.00014140302664600313
1,0,0.9994472861289978,0.00011670321691781282,0.0003094396961387247,0.00012661020446103066
2,0,0.9992369413375854,0.00013474197476170957,0.0005189638468436897,0.00010931871656794101
1,1,0.00015765668649692088,0.9995583891868591,0.0001429998519597575,0.00014100199041422457
2,1,0.0001067808480001986,0.99960857629776,0.00014634669059887528,0.00013830992975272238
0,0,0.9994428753852844,0.00013396474241744727,0.0002738876501098275,0.00014923741400707513
2,2,0.00019764783792197704,0.0021926728077232838,0.9972746968269348,0.00033497827826067805
0,0,0.9994615912437439,0.0002538865082897246,0.00016194772615563124,0.00012265036639291793
1,1,0.00010604371345834807,0.9996117949485779,0.00014238842413760722,0.0001397840096615255
0,0,0.9994937181472778,0.00015930728113744408,0.0002148654602933675,0.00013211194891482592
1,1,9.389678598381579e-05,0.9996243715286255,0.0001466154062654823,0.0001351364771835506
2,0,0.9993717074394226,0.0001243888691533357,0.0003707266878336668,0.00013316284457687289
2,2,0.0002907767193391919,0.0005071767955087125,0.9989743232727051,0.00022775467368774116
0,2,0.00029248910141177475,0.0004216762026771903,0.9990561604499817,0.00022970324789639562
1,1,0.00010544733231654391,0.9996129870414734,0.00015739230730105191,0.00012414960656315088
2,2,0.0005332245491445065,0.03492416441440582,0.9640024900436401,0.0005400798982009292
1,2,0.00028008935623802245,0.0007113194442354143,0.9987418055534363,0.00026680700830183923
1,2,0.0003336337103974074,0.0003669633297249675,0.9990787506103516,0.00022063452342990786
1,1,9.761054388945922e-05,0.9996088147163391,0.0001488395791966468,0.00014483982522506267
0,0,0.9994645714759827,0.00014083797577768564,0.00025418715085834265,0.00014045543503016233
2,2,0.0012318704975768924,0.32673096656799316,0.6706382036209106,0.0013989474391564727
0,0,0.9988510608673096,8.576998516218737e-05,0.0009283193503506482,0.00013486256648320705
2,0,0.998712420463562,0.00010604979615891352,0.0010462957434356213,0.0001352763647446409
1,1,0.0001247110776603222,0.9995734095573425,0.0001742523891152814,0.00012760728714056313
0,0,0.9994921684265137,0.00011962102871621028,0.00025283952709287405,0.00013538198254536837
1,1,9.980522736441344e-05,0.9995822310447693,0.0001817273732740432,0.00013619527453556657
2,2,0.0036161367315799,0.13970333337783813,0.8561146855354309,0.0005658601876348257
0,0,0.9995131492614746,0.00010132015449926257,0.00025195375201292336,0.00013347540516406298
2,2,0.00042118728742934763,0.00023905718990135938,0.9990575909614563,0.00028205831767991185
1,1,0.00010010516416514292,0.9995988011360168,0.00016791802772786468,0.00013318078708834946
0,0,0.9994934797286987,0.00014061390538699925,0.00022533383162226528,0.0001405252842232585
1,1,9.566331573296338e-05,0.9996102452278137,0.00015244660608004779,0.00014171017392072827
0,0,0.9993330836296082,0.0001523671526229009,0.00038812789716757834,0.00012637319741770625
1,1,0.00011076488590333611,0.9992327690124512,0.0005194400437176228,0.0001369890378555283
0,0,0.9995003938674927,0.0001142809196608141,0.0002422046527499333,0.00014304937212727964
2,2,0.0003311258624307811,0.00031401714659295976,0.9990848302841187,0.0002700457989703864
0,0,0.9994786381721497,0.00013144263357389718,0.00025026514776982367,0.00013974659668747336
2,1,0.00010915620805462822,0.9995686411857605,0.00018343354167882353,0.00013876523007638752
3,0,0.9994686245918274,0.00018753747281152755,0.0002185410266974941,0.00012538247392512858
2,0,0.9994997978210449,0.0001275415561394766,0.00023863739625085145,0.00013399499584920704
2,2,0.0002478108508512378,0.000391532143112272,0.9989012479782104,0.0004594443889800459
2,0,0.9989281296730042,0.00032488841679878533,0.0006334069184958935,0.00011358742631273344
2,2,0.0002872819604817778,0.00025974289746955037,0.9991068243980408,0.000346168817486614
1,2,0.0014325198717415333,0.0005203859764151275,0.9978528022766113,0.00019426719518378377
0,0,0.999483585357666,0.00019604875706136227,0.00019708242325577885,0.00012328222510404885
1,1,0.00010404770728200674,0.9995995163917542,0.00015719908697064966,0.00013927623513154685
2,2,0.0003339864779263735,0.006793791428208351,0.9925674200057983,0.000304772169329226
0,0,0.9994743466377258,0.00012687362323049456,0.00025580680812709033,0.00014293668209575117
2,1,0.0001873607252491638,0.9972618818283081,0.002350287977606058,0.0002004935231525451
1,1,8.681660983711481e-05,0.9995829463005066,0.0001957713539013639,0.00013441163173411041
0,0,0.9994683861732483,0.00013831294199917465,0.00025225887657143176,0.00014110779738985002
2,2,0.00036463988362811506,0.0006169831613078713,0.99882572889328,0.0001926793047459796
0,0,0.9982717037200928,0.00029770785477012396,0.0013032519491389394,0.0001273804809898138
1,1,0.00012130622053518891,0.9995445609092712,0.00019571791926864535,0.0001383128110319376
2,0,0.9991940855979919,0.00044072759919799864,0.000261590292211622,0.00010356910934206098
2,2,0.00028311574715189636,0.0008479427197016776,0.9986640214920044,0.00020493596093729138
1,1,6.938540900591761e-05,0.9995645880699158,0.00019595416961237788,0.00017001866945065558
1,0,0.9993213415145874,0.0002421508834231645,0.00031919777393341064,0.00011733349674614146
0,0,0.9994640946388245,0.00011579983402043581,0.0002744189987424761,0.00014569793711416423
2,0,0.9986889958381653,0.00010497237963136286,0.001064411480911076,0.00014160618593450636
3,1,0.00015448883641511202,0.9995546936988831,0.00016511016292497516,0.00012567342491820455
1,2,0.0005179772851988673,0.0042017740197479725,0.9950211048126221,0.00025917901075445116
2,1,0.00012010562932118773,0.9991903901100159,0.0005036144284531474,0.00018590707622934133
2,2,0.0006665560067631304,0.0001795615826267749,0.9988829493522644,0.00027088256319984794
2,0,0.9994625449180603,0.00020146978204138577,0.0002230460668215528,0.00011289526446489617
1,2,0.00042553985258564353,0.004869685508310795,0.9944604635238647,0.0002443104749545455
1,2,0.0002488931640982628,0.0012993075652047992,0.9982132911682129,0.00023848324781283736
2,2,0.0008754926384426653,0.0003114267310593277,0.9985914826393127,0.00022149099095258862
2,2,0.000750961247831583,0.0002486993616912514,0.9987629652023315,0.00023741628683637828
0,0,0.999452531337738,0.00015139745664782822,0.0002730127889662981,0.00012314983177930117
0,0,0.9994540810585022,0.00012175696610938758,0.0002838354848790914,0.00014030897000338882
1,1,0.00010703822772484273,0.9995995163917542,0.00015947599604260176,0.00013394882262218744
1,1,0.002339875092729926,0.9970203042030334,0.00038467542617581785,0.0002551522047724575
1,1,9.627888357499614e-05,0.9996119141578674,0.00015205091040115803,0.0001397327141603455
0,0,0.9994637370109558,0.00012495166447479278,0.00026854482712224126,0.00014277904119808227
0,0,0.999421238899231,0.00013895370648242533,0.00029592335340566933,0.0001438496692571789
2,2,0.015111272223293781,0.0003265760897193104,0.9841062426567078,0.0004559300432447344
1,1,8.312628779094666e-05,0.9996125102043152,0.00016298494301736355,0.00014141916471999139
0,1,0.00013792434765491635,0.9995577931404114,0.00016298644186463207,0.00014131813077256083
1,1,8.895592327462509e-05,0.9994843006134033,0.00026804578374139965,0.00015864582383073866
2,1,0.000118937277875375,0.99955815076828,0.00018792846822179854,0.00013501507055480033
2,2,0.00032303144689649343,0.00021905105677433312,0.9991505146026611,0.00030745050753466785
3,0,0.9994857311248779,0.00011986406752839684,0.00025378851569257677,0.0001405857183272019
1,1,9.976301225833595e-05,0.9996168613433838,0.0001487982226535678,0.00013452635903377086
2,1,0.03748146444559097,0.960163950920105,0.002059961436316371,0.00029464546241797507
1,1,9.523650078335777e-05,0.9993959665298462,0.000330030161421746,0.00017875827325042337
0,0,0.9995080232620239,0.00011710018588928506,0.0002371861191932112,0.00013769524230156094
1,0,0.9995076656341553,0.00011491475743241608,0.00024951124214567244,0.0001279633870581165
0,0,0.999479353427887,0.00011440675734775141,0.000256519706454128,0.00014977296814322472
2,0,0.9995026588439941,0.00010216205555479974,0.00026132093626074493,0.00013392601977102458
1,1,9.160060290014371e-05,0.9995929598808289,0.00017590593779459596,0.00013953230518382043
0,0,0.9994661211967468,0.00011643026664387435,0.0002849783340934664,0.00013243829016573727
2,2,0.0003151793498545885,0.00031428097281605005,0.9990997314453125,0.0002708248212002218
0,0,0.9994750618934631,0.00012904264440294355,0.00025573407765477896,0.00014024956908542663
2,2,0.00044154340866953135,0.0002141051081707701,0.9991018772125244,0.00024253051378764212
1,2,0.0003416838590055704,0.0002775825560092926,0.999076247215271,0.0003044783661607653
2,0,0.9980125427246094,0.0015773625345900655,0.0002898384409490973,0.00012028435594402254
2,0,0.9948603510856628,0.00252877501770854,0.002481315517798066,0.00012956603313796222
0,1,0.0005355883040465415,0.999030351638794,0.0002120794088114053,0.00022203422849997878
1,1,0.00010164810373680666,0.9995813965797424,0.0001752014213707298,0.0001417450257577002
0,0,0.9995163679122925,0.00012067878560628742,0.00022998993517830968,0.00013300035789143294
2,1,0.00011797579645644873,0.996887743473053,0.0027714918833225965,0.00022284984879661351
0,0,0.9994890689849854,0.0001231553906109184,0.00026373137370683253,0.00012403883738443255
2,2,0.00044331554090604186,0.0008139486308209598,0.9985302686691284,0.0002125301252817735
1,1,9.428671910427511e-05,0.9996191263198853,0.0001383115304633975,0.00014825377729721367
2,2,0.0002970801433548331,0.0002835104533005506,0.9991428852081299,0.00027647687238641083
0,1,0.004379858262836933,0.9951437711715698,0.0002675458381418139,0.0002088799956254661
1,1,0.00011251460819039494,0.9995792508125305,0.00017092052439693362,0.00013728297199122608
1,1,0.0001092024685931392,0.999595582485199,0.00015531548706348985,0.0001399079046677798
2,2,0.00034129215055145323,0.0004963080282323062,0.998955488204956,0.0002068433241220191
0,0,0.9994731545448303,0.00013491812569554895,0.0002466788573656231,0.00014526666200254112
2,2,0.00035012041917070746,0.000233991420827806,0.9991501569747925,0.00026566613814793527
3,1,0.00010342447058064863,0.9993795156478882,0.0003585262456908822,0.00015843083383515477
0,0,0.999468982219696,0.0001459612394683063,0.00025485994410701096,0.000130254149553366
2,2,0.00032282876782119274,0.0002866616996470839,0.9991494417190552,0.0002410800225334242
0,0,0.9994902610778809,0.0001438549516024068,0.00023027801944408566,0.00013552047312259674
1,1,0.00010417299199616536,0.9995765089988708,0.00018759421072900295,0.00013163441326469183
1,2,0.00025348164490424097,0.0006368418107740581,0.9988523721694946,0.0002572370576672256
0,0,0.9994807839393616,0.00016340996080543846,0.0002225837088190019,0.00013330011279322207
3,2,0.00026675680419430137,0.0003981053305324167,0.9990683197975159,0.00026687790523283184
1,1,0.00014009277219884098,0.999568521976471,0.00016137902275659144,0.0001299450232181698
2,0,0.9994093179702759,0.0001183396452688612,0.00034945804509334266,0.00012285876437090337
0,0,0.9994738698005676,0.0001408621174050495,0.0002507453318685293,0.00013444668729789555
1,1,0.00010086869588121772,0.9995821118354797,0.00017976763774640858,0.00013726438919547945
2,2,0.0009083063341677189,0.00020908024453092366,0.9986573457717896,0.00022519301273860037
0,0,0.9994316697120667,0.00010792651301017031,0.0003130346303805709,0.00014739303151145577
2,2,0.00048403223627246916,0.001126407296396792,0.9981904625892639,0.00019900516781490296
1,1,8.831495506456122e-05,0.999514102935791,0.00024977902648970485,0.0001477746554883197
0,0,0.9994930028915405,0.000106584164313972,0.0002537071122787893,0.00014677926083095372
0,0,0.9995050430297852,0.00013412049156613648,0.00023099538520909846,0.00012982034240849316
1,1,9.819692058954388e-05,0.9995566010475159,0.00019091166905127466,0.00015429654740728438
2,2,0.0003699736262205988,0.0028173180762678385,0.9965620636940002,0.0002506312448531389
2,2,0.00031912463600747287,0.0003664403920993209,0.9990695118904114,0.00024484170717187226
1,1,0.00011719534086296335,0.9995916485786438,0.0001669668999966234,0.00012415570381563157
0,0,0.9994208812713623,0.0001137920335168019,0.00031261565163731575,0.00015267188427969813
1,1,8.526394231012091e-05,0.9993667006492615,0.0004037584294565022,0.0001442421053070575
0,0,0.9994495511054993,0.0001312021049670875,0.0002943714789580554,0.0001248084008693695
2,1,0.0006145364604890347,0.9990444779396057,0.00019777250417973846,0.00014314826694317162
1,1,0.00011425206321291625,0.9995930790901184,0.00016850308747962117,0.00012411066563799977
0,0,0.9994900226593018,0.00012734196207020432,0.0002469153259880841,0.00013578122889157385
2,2,0.0004932577721774578,0.0002469208266120404,0.9990196228027344,0.00024019343254622072
1,1,0.00011806889233412221,0.9995753169059753,0.00015994995192158967,0.00014673704572487622
0,0,0.9994315505027771,0.00011599823483265936,0.0003049991209991276,0.00014738782192580402
2,2,0.00032493085018359125,0.00037272856570780277,0.9989767074584961,0.0003256186028011143
0,0,0.9994792342185974,0.00011521237320266664,0.00025739381089806557,0.00014827445556875318
2,2,0.00046915299026295543,0.00024338651564903557,0.9990354776382446,0.00025202552205882967
1,1,0.00012817185779567808,0.9995715022087097,0.0001757286227075383,0.00012458792480174452
0,0,0.9994729161262512,0.00011577535042306408,0.0002753488952293992,0.00013601956015918404
2,0,0.9994913339614868,0.00016737880650907755,0.00022075153538025916,0.0001205121079692617
1,1,8.560265996493399e-05,0.9996100068092346,0.00016323855379596353,0.0001412167912349105
0,0,0.9994943141937256,0.0001228636974701658,0.00023966834123712033,0.00014309558901004493
2,1,0.0001433227735105902,0.9890918731689453,0.010261262767016888,0.0005034839850850403
1,1,0.00010905583621934056,0.9995861649513245,0.00017339971964247525,0.00013144963304512203
1,1,0.00011401686788303778,0.9995912909507751,0.0001542074460303411,0.0001404496724717319
2,2,0.0007414891733787954,0.00041968413279391825,0.9986452460289001,0.00019370228983461857
0,0,0.9994848966598511,0.00011882630496984348,0.0002458688977640122,0.00015028775669634342
1,1,8.106634777504951e-05,0.9996107220649719,0.00015335381613112986,0.0001548832660773769
2,2,0.00048107680049724877,0.00017993635265156627,0.9990870952606201,0.00025196478236466646
0,2,0.0003109545214101672,0.0002755263994913548,0.9991695880889893,0.00024392043997067958
2,2,0.0002757707261480391,0.0003396891988813877,0.9991403818130493,0.0002441825927235186
1,1,0.00011432864994276315,0.9996079802513123,0.00014000642113387585,0.00013774567923974246
2,2,0.0005507225869223475,0.0015694538597017527,0.9977279305458069,0.00015191610145848244
1,1,9.74657668848522e-05,0.9995673298835754,0.00019149466243106872,0.00014367737458087504
2,2,0.007957913912832737,0.0003020697913598269,0.9915077686309814,0.00023218791466206312
0,0,0.9994530081748962,0.00012004694144707173,0.00028044305508956313,0.0001464955130359158
2,0,0.9994872808456421,0.00011897309013875201,0.00025789689971134067,0.00013580534141510725
1,1,0.0003259278309997171,0.999270498752594,0.00022560154320672154,0.0001779712620191276
0,0,0.9994507431983948,0.00011721927876351401,0.0002893214696086943,0.00014269823441281915
1,1,0.00012628363037947565,0.9995681643486023,0.00016594036424066871,0.00013962789671495557
2,0,0.9995299577713013,0.00012998748570680618,0.00021318178914953023,0.00012695755867753178
0,0,0.9995369911193848,0.00013792621030006558,0.00019900659390259534,0.0001260985736735165
2,2,0.43311965465545654,0.008438936434686184,0.5576618313789368,0.0007795820711180568
0,0,0.9993990659713745,0.0003140191547572613,0.00016738043632358313,0.0001195456861751154
1,1,9.392507490701973e-05,0.9996090531349182,0.0001673070655670017,0.00012973112461622804
1,1,8.824770338833332e-05,0.9995142221450806,0.00025807187194004655,0.0001394517457811162
2,1,9.447131742490456e-05,0.9995971322059631,0.0001629519829293713,0.00014544936129823327
0,0,0.9994522929191589,0.00012926226190757006,0.00026672653621062636,0.00015173522115219384
2,2,0.0870247408747673,0.0008350014104507864,0.9115193486213684,0.0006208221893757582
0,0,0.999462902545929,0.00013427082740236074,0.0002655719290487468,0.00013723557640332729
1,1,0.0001271187502425164,0.9995847344398499,0.0001491686562076211,0.00013888755347579718
0,2,0.0006948672235012054,0.0005293136928230524,0.9986217021942139,0.00015407329192385077
1,1,0.00010923995432676747,0.9995822310447693,0.00018785720749292523,0.00012064956536050886
2,2,0.00031243939884006977,0.00043153201113455,0.9990211725234985,0.00023493492335546762
1,1,0.00016745967150200158,0.9995489716529846,0.00014271403779275715,0.00014089420437812805
0,0,0.9994392991065979,0.000126640239614062,0.00028247249429114163,0.00015158050518948585
2,2,0.0003911360981874168,0.00025925697991624475,0.9990959167480469,0.00025376625126227736
0,0,0.9984778761863708,0.0011701955227181315,0.00017943195416592062,0.00017261529865209013
1,2,0.00034733343636617064,0.00045475305523723364,0.9990047812461853,0.000193058920558542
2,0,0.999440610408783,0.00011311965499771759,0.00030973731190897524,0.00013643661804962903
0,0,0.999514102935791,0.0001494845055276528,0.00020792042778339237,0.00012844629236496985
2,2,0.0005747152026742697,0.0011299294419586658,0.9981107711791992,0.00018461138824932277
1,1,0.00016327104822266847,0.9995800852775574,0.00013257510727271438,0.00012400434934534132
0,0,0.9994853734970093,0.00012113452976336703,0.00024389401369262487,0.0001495587930548936
2,1,8.437655196757987e-05,0.9995731711387634,0.0001727624621707946,0.0001696713879937306
1,1,0.00011453664774307981,0.9988521337509155,0.000833480095025152,0.00019978878844995052
0,0,0.9994922876358032,0.00010052315337816253,0.0002648164809215814,0.00014229702355805784
1,1,0.3513091802597046,0.6440301537513733,0.003285696730017662,0.0013749629724770784
2,2,0.0003825348103418946,0.00038156582741066813,0.9990235567092896,0.00021230643324088305
0,0,0.9994766116142273,0.0001249077613465488,0.00025760114658623934,0.00014091195771470666
2,2,0.0006306581781245768,0.0010780910961329937,0.998136043548584,0.00015516846906393766
1,1,0.00010080868378281593,0.9996097683906555,0.00015807458839844912,0.00013133694301359355
0,0,0.9994428753852844,0.00012188769323984161,0.0002862819528672844,0.0001489443820901215
1,1,0.00010975250188494101,0.9995949864387512,0.00016031763516366482,0.0001350624079350382
2,1,0.0004303173627704382,0.9992683529853821,0.00017174873210024089,0.0001295682304771617
2,1,0.0004335915145929903,0.9991139769554138,0.0002834314072970301,0.00016904782387427986
1,1,0.00010797598952194676,0.9995942711830139,0.0001631279883440584,0.00013470907288137823
0,0,0.9995136260986328,0.00011740095942514017,0.00022305105812847614,0.00014586503675673157
2,2,0.0008710484835319221,0.17457236349582672,0.8237273097038269,0.0008292275597341359
0,1,0.00010164280683966354,0.9995540976524353,0.00018284350517205894,0.0001613763888599351
1,1,0.00014508349704556167,0.9993788003921509,0.0003455330152064562,0.00013057459727860987
1,1,9.265986591344699e-05,0.9995378255844116,0.0002433993067825213,0.00012619046901818365
0,2,0.05176281929016113,0.0003531193360686302,0.9473366141319275,0.0005474071949720383
2,2,0.0003457257116679102,0.0002709215914364904,0.9991268515586853,0.00025641851243562996
1,1,0.00012025874457322061,0.9996001124382019,0.0001414650323567912,0.00013823254266753793
2,2,0.0005582933663390577,0.0005446549039334059,0.9987327456474304,0.00016437290469184518
0,0,0.9994935989379883,0.0001233323710039258,0.0002385908446740359,0.00014452000323217362
0,0,0.9993875026702881,0.00010284234303981066,0.0003820050915237516,0.00012763064296450466
1,1,0.0018597497837617993,0.99699866771698,0.0010397819569334388,0.00010179975652135909
2,2,0.0004251723294146359,0.000581124157179147,0.9987117052078247,0.00028200855012983084
0,0,0.999482274055481,0.00011411560262786224,0.00025905121583491564,0.00014454717165790498
1,1,0.0001433172874385491,0.9995766282081604,0.0001564550184411928,0.00012354391219560057
2,2,0.0003990772529505193,0.003377934917807579,0.9959697723388672,0.0002532261423766613
2,2,0.0002692478010430932,0.0002761856303550303,0.9991580247879028,0.00029643537709489465
0,2,0.005141550675034523,0.00017896083591040224,0.9942923784255981,0.0003871847875416279
1,1,0.00012159000471001491,0.9995505213737488,0.00019331072689965367,0.00013457659224513918
0,0,0.9979264736175537,9.41363032325171e-05,0.0018381723202764988,0.000141219818033278
1,1,0.00012825951853301376,0.9995238780975342,0.00021346875291783363,0.00013436446897685528
2,2,0.00027773313922807574,0.000261613487964496,0.9991664886474609,0.0002941091079264879
1,2,0.0003209848946426064,0.0006518274894915521,0.9988176226615906,0.00020950165344402194
2,0,0.9984207153320312,0.0001186342560686171,0.0013230715412646532,0.00013755896361544728
0,0,0.999494194984436,0.00010903603106271476,0.0002734042936936021,0.00012331340985838324
0,0,0.9994682669639587,0.00012452896044123918,0.00025795988040044904,0.00014927337178960443
1,0,0.9988127946853638,0.0008546802564524114,0.0002021526452153921,0.0001304099423578009
2,2,0.0004103488172404468,0.00026095114299096167,0.9990919828414917,0.00023674442491028458
2,1,0.00016658689128234982,0.9988387227058411,0.0008181650191545486,0.00017655004921834916
1,0,0.9993839263916016,0.00012907087511848658,0.00034709085593931377,0.0001399253960698843
0,0,0.9994206428527832,0.00013255761587060988,0.00030377975781448185,0.0001430179108865559
0,0,0.9994592070579529,0.0001230817288160324,0.0002613315009512007,0.00015643006190657616
0,0,0.9994134902954102,0.000268795236479491,0.00019000961037818342,0.00012766243889927864
1,0,0.9994922876358032,0.00013969175051897764,0.00022740168788004667,0.00014050114259589463
2,2,0.00030365950078703463,0.0002505689044483006,0.9991783499717712,0.00026746050571091473
2,0,0.9994850158691406,0.00012701470404863358,0.0002469722821842879,0.00014090212062001228
1,1,0.00010257980466121808,0.9996036887168884,0.00016070721903815866,0.0001330477389274165
1,1,9.94363654172048e-05,0.9996198415756226,0.00014773548173252493,0.0001330044906353578
2,2,0.00035375505103729665,0.0002655419521033764,0.9991251826286316,0.00025558704510331154
0,0,0.9994497895240784,0.00012296924251131713,0.0002878822560887784,0.00013940446660853922
0,0,0.9971761703491211,0.00013562860840465873,0.0025272683706134558,0.00016093812882900238
1,1,0.00011575036478461698,0.9996013045310974,0.00015409005573019385,0.00012891512596979737
2,2,0.00033572467509657145,0.00022639220696873963,0.999121367931366,0.0003165114903822541
2,2,0.0003724261769093573,0.0004422927158884704,0.9989751577377319,0.0002101672871503979
1,1,0.0002543739683460444,0.999462902545929,0.0001563502592034638,0.000126353683299385
0,0,0.9994962215423584,0.00011840547813335434,0.0002437048387946561,0.00014163795276544988
2,2,0.001864764140918851,0.3664318025112152,0.6307982802391052,0.0009051417000591755
0,0,0.9994433522224426,0.00012673003948293626,0.0002819410292431712,0.00014799140626564622
1,1,0.00010353981633670628,0.9995661377906799,0.00015331745089497417,0.00017698081501293927
0,0,0.9994871616363525,0.00011333656584611163,0.0002542629954405129,0.0001452289434382692
1,1,0.00013106688857078552,0.9995341300964355,0.00019138678908348083,0.00014340812049340457
2,2,0.00030688015976920724,0.00024159328313544393,0.9991638660430908,0.00028777794796042144
2,2,0.0009292183094657958,0.17546118795871735,0.8227164149284363,0.0008931655320338905
0,0,0.9994619488716125,9.996353037422523e-05,0.0003050581144634634,0.00013308750931173563
1,1,9.860609861789271e-05,0.99958735704422,0.0001703432499198243,0.00014367970288731158
0,0,0.9994494318962097,0.00010881735943257809,0.0002953263756353408,0.0001463553635403514
1,1,0.00015061063459143043,0.9995043277740479,0.0001967437710845843,0.00014831198495812714
2,2,0.00035097324871458113,0.000238243694184348,0.9991410970687866,0.00026958572561852634
1,1,0.00010915866732830182,0.9995978474617004,0.0001612705091247335,0.00013185055286157876
2,2,0.0003374884545337409,0.0002902699343394488,0.9991294741630554,0.00024277859483845532
0,0,0.9994271993637085,0.0001263647136511281,0.0002977433323394507,0.0001487282570451498
0,0,0.999474823474884,0.00011895458737853914,0.0002565066097304225,0.00014968361938372254
2,2,0.0003102606860920787,0.0003641449147835374,0.9990816116333008,0.00024395526270382106
1,1,0.00010687605390558019,0.9995823502540588,0.00018583887140266597,0.00012500655429903418
0,0,0.9990900754928589,8.166427869582549e-05,0.0006867873016744852,0.00014149157505016774
0,0,0.9994283318519592,8.817013440420851e-05,0.0003477088175714016,0.00013581002713181078
1,1,0.0008359022322110832,0.9683800935745239,0.030035872012376785,0.0007482169312424958
1,1,0.00012565292126964778,0.9994545578956604,0.00029382016509771347,0.00012588848767336458
0,0,0.9986774325370789,0.00014625499898102134,0.0010585385607555509,0.00011781285866163671
0,0,0.9994800686836243,0.0001138825828093104,0.0002682343765627593,0.0001378636370645836
1,2,0.00021976752032060176,0.0010368275688961148,0.9984952211380005,0.00024823061539791524
2,1,8.674566197441891e-05,0.9990575909614563,0.0006503232289105654,0.00020533510542009026
2,0,0.9994884729385376,0.00011104012082796544,0.0002617741993162781,0.00013874564319849014
3,1,0.005420024041086435,0.9935622215270996,0.0007177914376370609,0.0003000077558681369
0,0,0.9995028972625732,0.0001096996056730859,0.0002524868177715689,0.00013495943858288229
1,0,0.9994843006134033,0.00017048721201717854,0.00022817672288510948,0.00011699293099809438
2,2,0.003834899514913559,0.00027978114667348564,0.995610773563385,0.00027457985561341047
0,0,0.9994968175888062,0.00012288569996599108,0.00024126045173034072,0.0001389758981531486
1,1,0.00010064649541163817,0.9995970129966736,0.00016675548977218568,0.00013563940592575818
0,0,0.9995026588439941,0.0001013281726045534,0.00024813346681185067,0.0001478059566579759
2,1,0.00010083655797643587,0.9992502331733704,0.00046560788177885115,0.00018328613077756017
2,1,0.0017091974150389433,0.9972656965255737,0.0008642594912089407,0.00016085604147519916
1,1,0.00028198404470458627,0.9994233846664429,0.00014753566938452423,0.0001471792784286663
0,1,0.22901082038879395,0.7638298273086548,0.006187457591295242,0.0009719186928123236
2,1,0.001605446683242917,0.9161471724510193,0.0817846730351448,0.00046277750516310334
1,1,0.0003660499060060829,0.9993429780006409,0.00013655748625751585,0.00015437687397934496
0,0,0.9995090961456299,0.0001259775017388165,0.0002179444272769615,0.00014698794984724373
2,1,9.922752360580489e-05,0.9995458722114563,0.00018312018073629588,0.0001717250415822491
2,0,0.9982800483703613,0.00010052663856185973,0.001487026340328157,0.00013235482037998736
1,1,8.01426504040137e-05,0.9995644688606262,0.0002083396102534607,0.0001470549905207008
0,0,0.9994503855705261,0.00018091579840984195,0.00025435694260522723,0.00011435632040956989
0,0,0.9994718432426453,0.00012487238564062864,0.00026097739464603364,0.00014237324649002403
1,1,8.228210208471864e-05,0.9992434978485107,0.0005037602968513966,0.00017048840527422726
2,2,0.0002901001425925642,0.0003049157385248691,0.9991279244422913,0.0002770481223706156
0,0,0.9994111061096191,0.0001676215761108324,0.00031478184973821044,0.00010650572221493348
1,2,0.0009745312854647636,0.010038303211331367,0.9887661337852478,0.0002209373633377254
2,1,0.0002265966177219525,0.9993694424629211,0.00021946457854937762,0.0001845407095970586
2,1,8.364554378204048e-05,0.999567449092865,0.00021438310795929283,0.00013454111467581242
0,0,0.9994865655899048,0.0001297957933275029,0.00024427397875115275,0.0001393819402437657
1,1,9.898259304463863e-05,0.9996083378791809,0.00015641178470104933,0.00013634582865051925
1,1,9.94557558442466e-05,0.9996155500411987,0.00014681657194159925,0.00013805511116515845
0,0,0.9994827508926392,0.0001187221787404269,0.0002488233149051666,0.00014966126764193177
2,2,0.00021985711646266282,0.0009945553028956056,0.998555600643158,0.00023001639056019485
0,0,0.9994612336158752,0.00012407157919369638,0.0002679552708286792,0.00014674071280751377
1,1,0.0001768516522133723,0.9995179176330566,0.0001765818306012079,0.00012863127631135285
2,2,0.00026005829568021,0.000411699409596622,0.9990730285644531,0.0002551801153458655
0,0,0.999321460723877,0.0003586822422221303,0.00019668506865855306,0.00012321883696131408
1,1,0.0029771665576845407,0.9919072389602661,0.004716200288385153,0.0003994540893472731
2,1,0.00010025471419794485,0.9992197751998901,0.0005372997256927192,0.0001427160168532282
2,2,0.0003924419288523495,0.00029536159127019346,0.9990825653076172,0.00022958907356951386
1,0,0.9994716048240662,0.00011756767344195396,0.000273411424132064,0.00013736063556279987
0,0,0.9994663596153259,0.00012037550914101303,0.000272417557425797,0.0001409078249707818
0,2,0.05411938577890396,0.00023019860964268446,0.9449135661125183,0.0007368877995759249
2,2,0.00027061847504228354,0.00024382049741689116,0.9991727471351624,0.0003128416428808123
1,1,0.00012135128054069355,0.9995860457420349,0.00016094211605377495,0.00013169567682780325
2,2,0.00030566556961275637,0.0018655199091881514,0.9976200461387634,0.00020876291091553867
0,0,0.9994803071022034,0.0001106880881707184,0.0002641494502313435,0.0001449418195988983
1,1,7.72540588513948e-05,0.9995150566101074,0.0002735417219810188,0.00013420332106761634
2,1,0.0006489250808954239,0.9984595775604248,0.0007807323709130287,0.00011077918316004798
1,1,0.00010669680341379717,0.9996127486228943,0.00014609252684749663,0.00013457160093821585
2,1,0.00010192922491114587,0.9995583891868591,0.00021037121769040823,0.00012930780940223485
1,0,0.99947589635849,0.00017040416423697025,0.00023064063861966133,0.00012309012527111918
0,0,0.9994613528251648,0.00011299594916636124,0.000275041296845302,0.0001507211127318442
2,2,0.0004326090856920928,0.006883630529046059,0.9924147725105286,0.0002690191613510251
2,2,0.0004437525640241802,0.0001916186447488144,0.9990981817245483,0.0002664033090695739
2,2,0.00036302709486335516,0.000463872158434242,0.9989504218101501,0.00022274178627412766
1,1,9.182932990370318e-05,0.9996024966239929,0.00016793867689557374,0.000137797454954125
2,0,0.9993793964385986,0.0001878826878964901,0.00032586080487817526,0.00010684925655368716
2,1,9.490299999015406e-05,0.9995594620704651,0.00020795565797016025,0.0001376441796310246
1,1,6.957412551855668e-05,0.9995274543762207,0.00025048345560207963,0.0001525596308056265
1,1,0.00011805108078988269,0.9995980858802795,0.00015133692068047822,0.00013248546747490764
0,0,0.9994975328445435,0.00012310971214901656,0.0002399286750005558,0.00013933272566646338
2,1,0.0002597525017336011,0.9994334578514099,0.00015848381735850126,0.00014834149624221027
1,0,0.9987983703613281,0.0003615515888668597,0.0007440554327331483,9.59784010774456e-05
0,0,0.9994901418685913,0.0001240849815076217,0.0002468715829309076,0.00013887215754948556
2,2,0.28536146879196167,0.08794064074754715,0.6262238025665283,0.00047405489021912217
2,1,0.004171716049313545,0.8287109136581421,0.16224998235702515,0.004867370240390301
0,0,0.9994744658470154,0.00011723011266440153,0.00027172855334356427,0.0001365275529678911
1,1,0.00011202698078704998,0.9995675683021545,0.0001894434099085629,0.0001309042563661933
1,1,9.612271242076531e-05,0.9995362758636475,0.00021679980272892863,0.0001508458808530122
0,0,0.7859858870506287,0.0011654271511361003,0.21223102509975433,0.0006176996976137161
0,0,0.9993834495544434,0.00010637903324095532,0.00037827788037247956,0.0001318828872172162
2,2,0.0002987082989420742,0.0023080131504684687,0.9970698356628418,0.0003234285395592451
0,1,0.0002627806388773024,0.9976007342338562,0.001762309460900724,0.00037408008938655257
1,1,8.911848271964118e-05,0.9966662526130676,0.0028994546737521887,0.00034519017208367586
2,2,0.00030118227005004883,0.00040926659130491316,0.9990447163581848,0.0002447569859214127
1,1,9.18540681595914e-05,0.9996229410171509,0.00014298930182121694,0.00014220750017557293
0,0,0.9994707703590393,9.221334039466456e-05,0.0003026683407370001,0.0001344297343166545
2,0,0.9995146989822388,9.90746557363309e-05,0.00024681523791514337,0.00013950449647381902
0,0,0.9994795918464661,0.00012488513311836869,0.0002571267250459641,0.00013842231419403106
1,1,9.616198803996667e-05,0.9996119141578674,0.00015780411195009947,0.00013419368769973516
1,2,0.00023032976605463773,0.00040170951979234815,0.9990838766098022,0.000284085312159732
0,0,0.9994845390319824,0.00015257550694514066,0.00023980638070497662,0.0001230656198458746
2,2,0.000676253461278975,0.00019335006072651595,0.9988848567008972,0.0002455987560097128
1,1,0.0002001343236770481,0.9995028972625732,0.00017330377886537462,0.00012365834845695645
0,0,0.9994331002235413,0.00013724550080951303,0.0002753534645307809,0.0001542733662063256
2,2,0.09051443636417389,0.000945364823564887,0.9078450202941895,0.000695148715749383
2,0,0.9974023103713989,0.00033578224247321486,0.002133691217750311,0.00012828105536755174
1,1,9.120480535784736e-05,0.9996123909950256,0.00016274450172204524,0.00013375779963098466
0,0,0.9994621872901917,0.0001946469710674137,0.00022594477923121303,0.00011727071978384629
0,0,0.9994895458221436,0.00012009679630864412,0.0002541918365750462,0.0001362163166049868
1,1,0.00010938007471850142,0.9996090531349182,0.00015907165652606636,0.00012249287101440132
2,1,0.0002532599901314825,0.9970447421073914,0.002500138245522976,0.00020176402176730335
1,1,7.91971106082201e-05,0.999607503414154,0.00016359036089852452,0.00014982132415752858
0,0,0.9994865655899048,0.00010836738510988653,0.00027140320162288845,0.00013359308650251478
2,1,0.0001060178765328601,0.9995760321617126,0.00017008012218866497,0.00014789703709539026
0,0,0.9994937181472778,0.00013326345651876181,0.00023986416636034846,0.00013309695350471884
2,2,0.0002075755037367344,0.002527568256482482,0.9969379901885986,0.0003268842992838472
1,1,9.818352555157617e-05,0.9996138215065002,0.00014589732745662332,0.00014214367547538131
1,1,9.591437265044078e-05,0.9995923638343811,0.00016406361828558147,0.00014758427278138697
0,0,0.9994316697120667,0.0001051843719324097,0.000310823175823316,0.0001523146202089265
2,2,0.02465503290295601,0.025302093476057053,0.9497911930084229,0.0002516807580832392
2,1,0.0006112966220825911,0.998986542224884,0.0002726776001509279,0.00012949119263794273
0,0,0.9995099306106567,0.0001366577052976936,0.00022482816711999476,0.0001286128390347585
1,1,0.00014235530397854745,0.9995279312133789,0.00019560064538381994,0.0001341752358712256
2,2,0.0003937719448003918,0.00020733242854475975,0.9991304278373718,0.0002685116196516901
1,1,0.00011638809519354254,0.9995710253715515,0.00015445894678123295,0.00015808941680006683
0,0,0.9994685053825378,0.0001333686668658629,0.0002476923109497875,0.00015047531633172184
1,1,0.0004611643380485475,0.9599266648292542,0.03914669528603554,0.00046552211279049516
0,0,0.9994858503341675,0.00011913994239876047,0.0002496597880963236,0.00014537994866259396
0,0,0.9995428323745728,9.816222882363945e-05,0.00022930087288841605,0.00012976893049199134
2,2,0.0003187023103237152,0.00029466181877069175,0.9991366267204285,0.00025002137408591807
1,1,9.17431025300175e-05,0.9996091723442078,0.00016106422117445618,0.00013802327157463878
0,0,0.9994534850120544,0.00010194020433118567,0.00030542758759111166,0.00013913496513850987
1,1,0.000125999198644422,0.9995649456977844,0.00016718325787223876,0.00014197282143868506
0,0,0.9994612336158752,0.00012015399988740683,0.000270623539108783,0.00014809104322921485
2,2,0.00041372960549779236,0.00023187320039141923,0.9991039633750916,0.0002503477153368294
0,0,0.9986520409584045,0.0010237894020974636,0.00021427971660159528,0.00010988504072884098
2,2,0.0006658050697296858,0.3379039764404297,0.6591999530792236,0.002230304991826415
1,1,9.737151412991807e-05,0.9986644983291626,0.0009913648245856166,0.00024674669839441776
2,2,0.00031299988040700555,0.00029059391818009317,0.9991482496261597,0.0002481382107362151
0,0,0.9898360371589661,0.0001438419712940231,0.009712143801152706,0.00030793758924119174
1,1,9.774424688657746e-05,0.9995861649513245,0.00016177525685634464,0.00015430242638103664
0,0,0.9992337226867676,0.00014269609528128058,0.0005102386348880827,0.0001134335616370663
1,1,9.635055903345346e-05,0.999596893787384,0.00017237503197975457,0.00013446068624034524
2,2,0.0003268789441790432,0.004002215340733528,0.9951985478401184,0.0004723575839307159
2,1,0.003334936685860157,0.99611496925354,0.00033373766927979887,0.00021630348055623472
1,1,0.00011423963587731123,0.9996024966239929,0.0001471426512580365,0.0001360824826406315
2,0,0.9994682669639587,0.0001353965635644272,0.00026077323127537966,0.00013552083692047745
2,2,0.0003079510643146932,0.00041815731674432755,0.9990493655204773,0.00022450671531260014
0,0,0.9994983673095703,0.0001221058628289029,0.00023982662241905928,0.00013966768165118992
1,1,0.00010994927288265899,0.9996036887168884,0.0001466366957174614,0.0001397998130414635
2,2,0.00029784318758174777,0.00025840094895102084,0.9991036057472229,0.0003400576824788004
1,1,0.00035130008473061025,0.964827299118042,0.03439471125602722,0.0004267626500222832
0,0,0.9994803071022034,0.00011151495709782466,0.00028643710538744926,0.00012177535973023623
2,2,0.0003339620307087898,0.0002948270121123642,0.9991258978843689,0.000245292583713308
0,0,0.9994346499443054,0.00011066086881328374,0.00032130847102962434,0.00013333032256923616
1,2,0.00037092206184752285,0.000916093704290688,0.9984966516494751,0.00021638745965901762
2,2,0.0003077715518884361,0.00030107013299129903,0.9991042017936707,0.0002869512536562979
1,1,0.00010215860675089061,0.9995937943458557,0.00017166284669656307,0.00013237312668934464
0,0,0.9994327425956726,0.0001202431958517991,0.000308288203086704,0.00013862521154806018
2,2,0.00034049744135700166,0.00043473418918438256,0.9989956021308899,0.00022914519649930298
1,1,0.003241593949496746,0.9962835907936096,0.00024640667834319174,0.000228389777475968
0,0,0.9901328086853027,0.009270105510950089,0.0003297164221294224,0.0002673934504855424
0,0,0.9994662404060364,0.0001678583212196827,0.00022709906625095755,0.00013887570821680129
1,1,0.00010872428538277745,0.9995978474617004,0.00015232265286613256,0.00014109189214650542
2,2,0.02468681149184704,0.0006115628639236093,0.9743629097938538,0.00033864451688714325
1,0,0.9994780421257019,0.00013376749120652676,0.000262812536675483,0.00012538665032479912
0,0,0.9994980096817017,0.00011800303036579862,0.0002442849217914045,0.00013976116315461695
2,0,0.999427855014801,0.00018246579566039145,0.0002814018225762993,0.00010827032383531332
2,0,0.9991781115531921,0.0003985620569437742,0.00033353836624883115,8.983743464341387e-05
1,1,9.200233762385324e-05,0.9996126294136047,0.00015508457727264613,0.00014027194993104786
2,1,0.00010169150482397527,0.9994445443153381,0.00032986432779580355,0.00012386168236844242
0,0,0.9994856119155884,0.00010991426825057715,0.000259437772911042,0.0001451005373382941
1,1,0.00011273093696217984,0.9995507597923279,0.0002025575959123671,0.00013387690705712885
0,1,8.65981201059185e-05,0.9992815852165222,0.0004731329099740833,0.00015868822811171412
0,0,0.9993963241577148,0.00030977113055996597,0.00018340558744966984,0.00011049929162254557
1,1,0.00012980669271200895,0.9995991587638855,0.00014095679216552526,0.00013011803093831986
2,2,0.0010546522680670023,0.0001726465270621702,0.998487114906311,0.00028563581872731447
2,2,0.0003837128751911223,0.0002317209291504696,0.9991185069084167,0.0002660618629306555
1,1,8.249678649008274e-05,0.9996069073677063,0.00015826222079340369,0.00015238724881783128
0,0,0.9957348704338074,0.00014736228331457824,0.0039515006355941296,0.0001662211725488305
2,2,0.0003091429825872183,0.0002206631179433316,0.9991605281829834,0.0003097577136941254
1,1,8.015122875804082e-05,0.999603807926178,0.00017209714860655367,0.00014394594472832978
0,0,0.9994940757751465,0.00012840956333093345,0.0002289929543621838,0.00014852348249405622
0,0,0.9994874000549316,0.00012155786680523306,0.00024880998535081744,0.0001422837085556239
2,1,0.00012388912728056312,0.9995344877243042,0.00020459297229535878,0.0001370408572256565
1,1,9.475839033257216e-05,0.9996196031570435,0.00015491594967897981,0.00013072643196210265
2,2,0.00025740396813489497,0.0002929064503405243,0.9991335272789001,0.00031621663947589695
0,0,0.9994640946388245,0.000122495781397447,0.0002732185530476272,0.00014024335541762412
1,2,0.0002449658641126007,0.0028930394910275936,0.9965901374816895,0.00027192389825358987
1,0,0.9994363188743591,0.0002087289176415652,0.00023686756321694702,0.00011804955283878371
2,1,8.960493141785264e-05,0.999588668346405,0.00019034727301914245,0.00013140583178028464
0,1,0.0006054715486243367,0.999091625213623,0.00014987101894803345,0.00015309623267967254
2,2,0.0003052974061574787,0.0003336080117151141,0.9990818500518799,0.00027931362274102867
1,1,0.00010045137605629861,0.9995810389518738,0.0001778507576091215,0.0001405774091836065
0,0,0.9992076754570007,8.265658107120544e-05,0.0005645835772156715,0.00014509240281768143
2,0,0.9741661548614502,0.02170598693192005,0.0038883343804627657,0.00023948457965161651
0,1,0.00011950670159421861,0.9995868802070618,0.00017474549531470984,0.00011892674228874967
1,1,0.0007965680561028421,0.9985859394073486,0.0004737138806376606,0.00014378290507011116
1,1,8.580028224969283e-05,0.9996194839477539,0.00015807115414645523,0.00013655646762344986
0,0,0.9994780421257019,0.0001439794577891007,0.00024143267364706844,0.00013655719521921128
2,1,9.245665569324046e-05,0.9996205568313599,0.0001489334972575307,0.00013798657164443284
1,1,0.0001232574722962454,0.9995871186256409,0.0001594016357557848,0.00013023873907513916
0,0,0.9994562268257141,0.00021753256442025304,0.00020017441420350224,0.00012605964730028063
2,0,0.9269485473632812,0.07116160541772842,0.001516403048299253,0.0003734478377737105
0,0,0.9994397759437561,0.0001148353039752692,0.000303230423014611,0.00014213046233635396
1,1,9.056538692675531e-05,0.9995520710945129,0.00021771842148154974,0.00013964575191494077
2,2,0.0009495146805420518,0.00016397344006691128,0.9986265897750854,0.00025992721202783287
2,1,0.00011873381299665198,0.9995244741439819,0.00022161462402436882,0.00013525305257644504
1,0,0.9994719624519348,0.00012394246004987508,0.00026620650896802545,0.00013798328291159123
2,0,0.9989722967147827,0.00036228110548108816,0.0005477117374539375,0.00011778932093875483
0,0,0.99945467710495,0.00013426499208435416,0.00025813429965637624,0.00015284138498827815
2,2,0.00034916639560833573,0.0003481137682683766,0.9990596175193787,0.00024308086722157896
1,1,9.1766138211824e-05,0.9995951056480408,0.0001759867009241134,0.0001371901307720691
0,0,0.9994460940361023,0.00024256666074506938,0.00018775032367557287,0.00012357468949630857
2,2,0.0002930963528342545,0.00029591392376460135,0.9991559982299805,0.00025495319277979434
1,1,0.00011172727681696415,0.9995704293251038,0.00017930137983057648,0.00013861099432688206
1,2,0.0003118424501735717,0.0008490502368658781,0.9985979199409485,0.00024113405379466712
3,1,0.0007843055645935237,0.9987897276878357,0.00031962821958586574,0.00010631167242536321
0,0,0.9994631409645081,0.00011829524009954184,0.0002788061392493546,0.00013972616579849273
0,0,0.9992232322692871,0.00010266719618812203,0.0005344395176507533,0.00013956360635347664
1,1,7.909270789241418e-05,0.9995090961456299,0.0002652468392625451,0.00014651309174951166
0,0,0.9994623064994812,0.00010433040733914822,0.0002894506324082613,0.00014394601748790592
2,0,0.9991990923881531,0.00010225694859400392,0.0005835341871716082,0.00011513087520143017
3,0,0.996936559677124,0.002578421961516142,0.0002913009957410395,0.00019373136456124485
1,1,8.969097689259797e-05,0.9996243715286255,0.000142611053888686,0.0001433953584637493
2,2,0.0003367585886735469,0.0004131838504690677,0.999021053314209,0.0002289177500642836
0,0,0.99947589635849,0.00012842963042203337,0.00024960542214103043,0.000146113641676493
1,1,0.00015005326713435352,0.9995788931846619,0.0001478345802752301,0.0001232518843607977
1,1,0.00010887951066251844,0.9995883107185364,0.0001676810352364555,0.0001350767124677077
2,2,0.0003718957887031138,0.0003007889026775956,0.9990891218185425,0.0002381962985964492
0,0,0.9994922876358032,0.00011236660066060722,0.0002590609947219491,0.00013627774023916572
0,0,0.9991804957389832,0.000478591799037531,0.00022298523981589824,0.00011786085087805986
1,1,0.00043657756759785116,0.9992369413375854,0.00020846906409133226,0.00011803162487922236
2,2,0.0005074063083156943,0.05730660632252693,0.9412840604782104,0.0009018999407999218
1,0,0.9989135265350342,0.0007331578526645899,0.00022913205611985177,0.0001242654543602839
0,0,0.9994550347328186,0.00013063973165117204,0.000259767024544999,0.000154621695401147
2,2,0.0003842768492177129,0.0002419195370748639,0.999108612537384,0.0002652356051839888
2,2,0.0006630211137235165,0.00020446369308046997,0.9988542795181274,0.0002782934461720288
1,1,0.0004223434079904109,0.9817761778831482,0.017470858991146088,0.00033062344300560653
2,2,0.011110217310488224,0.00028268949245102704,0.9882329106330872,0.00037422709283418953
1,1,0.00010335979459341615,0.9995949864387512,0.00016537446936126798,0.00013629512977786362
0,0,0.9987560510635376,0.000863654597196728,0.000225137933739461,0.00015520679880864918
2,2,0.0007992899045348167,0.0001957049680640921,0.9987381100654602,0.00026696865097619593
2,1,0.00010116209887200966,0.9996122717857361,0.00014661907334811985,0.00014003131946083158
0,0,0.999428927898407,0.00014748162357136607,0.0002972700458485633,0.00012630326091311872
1,1,0.00010568442667135969,0.999607264995575,0.00015706692647654563,0.0001299636933254078
0,0,0.9994785189628601,0.0001265538012376055,0.00024254860181827098,0.00015242579684127122
1,1,0.0002031598414760083,0.9993268251419067,0.0003498203295748681,0.0001201818449771963
2,0,0.780622124671936,0.0006652651936747134,0.21791860461235046,0.0007940285722725093
0,0,0.9995284080505371,0.00010470821871422231,0.0002227017394034192,0.00014425514382310212
1,1,0.0001379556197207421,0.9995555281639099,0.00017612511874176562,0.000130327811348252
2,1,7.468702096957713e-05,0.999437153339386,0.00032186193857342005,0.00016630212485324591
2,1,9.279538062401116e-05,0.9981693029403687,0.001447412185370922,0.00029045651899650693
0,0,0.9992632269859314,0.0001193755233543925,0.0005001619574613869,0.00011717070447048172
2,2,0.0011589056812226772,0.0002330977440578863,0.9984001517295837,0.00020781511557288468
2,2,0.00027005086303688586,0.0002643408952280879,0.9991645812988281,0.00030104006873443723
0,0,0.9994577765464783,0.00014569534687325358,0.0002564422902651131,0.00014012401516083628
1,1,0.014416604302823544,0.9848175644874573,0.000371187663404271,0.0003946899378206581
2,2,0.0004458841576706618,0.0002531764912419021,0.9990695118904114,0.00023148825857788324
1,1,0.00011523414286784828,0.9995812773704529,0.00017235064296983182,0.00013115908950567245
0,0,0.9994736313819885,0.00011678567534545437,0.00028026060317642987,0.00012933654943481088
1,0,0.9330174922943115,0.06442945450544357,0.0016412619734182954,0.0009118434973061085
2,2,0.0004422439378686249,0.0004625435103662312,0.9988935589790344,0.00020162331929896027
0,0,0.9994481205940247,0.0001359587477054447,0.0002703408827073872,0.00014558297698386014
2,2,0.00031919899629428983,0.00021864705195184797,0.9991718530654907,0.0002903334388975054
0,0,0.9994900226593018,0.00011965065641561523,0.0002545007155276835,0.00013585714623332024
1,2,0.0004359108570497483,0.0002797915949486196,0.9990435242652893,0.0002407328283879906
0,0,0.9995201826095581,0.00010162773105548695,0.0002528143231756985,0.00012540939496830106
1,1,0.0002270248660352081,0.9989938139915466,0.0006596515886485577,0.00011953469947911799
0,0,0.9995136260986328,0.00010840763570740819,0.0002560097200330347,0.00012188899563625455
0,0,0.9979337453842163,0.0015678034396842122,0.00040886877104640007,8.953031647251919e-05
2,2,0.00024713814491406083,0.0005651534884236753,0.9989190101623535,0.0002687550149857998
1,1,9.805439913179725e-05,0.9995098114013672,0.00021923200984019786,0.00017292854317929596
2,1,0.00012375705409795046,0.9995121955871582,0.00023356534074991941,0.00013046292588114738
0,0,0.9995030164718628,0.00011152206570841372,0.00024700709036551416,0.00013847612717654556
2,1,0.00013128177670296282,0.9995452761650085,0.00018776842625811696,0.00013559487706515938
0,0,0.8357431292533875,0.0002655747812241316,0.16269534826278687,0.0012958538718521595
1,1,8.84832043084316e-05,0.9995700716972351,0.00018897975678555667,0.00015234500460792333
2,2,0.00043294482748024166,0.0003480896702967584,0.9989728927612305,0.0002460811228957027
1,1,0.00012132450501667336,0.9995866417884827,0.00014789155102334917,0.00014423659013118595
0,0,0.9994614720344543,0.0001216985474457033,0.0002702140773180872,0.00014667233335785568
2,2,0.0004988319706171751,0.000347569293808192,0.9989369511604309,0.00021665575332008302
2,2,0.00030122589669190347,0.00028633029432967305,0.9991503953933716,0.00026208601775579154
0,0,0.9994322657585144,0.0001099913424695842,0.0003209729620721191,0.00013673052308149636
1,1,0.00011864593398058787,0.9994612336158752,0.0002901966217905283,0.00013000023318454623
2,2,0.00036043516593053937,0.0006892369128763676,0.9987217783927917,0.00022852030815556645
2,2,0.0003646488185040653,0.0003650327562354505,0.9990202188491821,0.0002500812115613371
0,0,0.9994823932647705,0.00010670008487068117,0.0002687486703507602,0.00014211701636668295
1,0,0.9994640946388245,0.00016544605023227632,0.0002601059968583286,0.00011040586832677945
0,1,0.011028123088181019,0.9716880321502686,0.01649361103773117,0.0007902479846961796
1,0,0.9779389500617981,0.020926501601934433,0.0008752341382205486,0.0002592017990536988
1,2,0.0009203810477629304,0.0007205287693068385,0.998201847076416,0.00015715963672846556
2,0,0.9994682669639587,0.0001404264912707731,0.00025564333191141486,0.00013561082596424967
2,2,0.0016535406466573477,0.13796314597129822,0.8597568273544312,0.0006264245021156967
1,0,0.9994441866874695,0.0001261330471606925,0.00029523303965106606,0.0001344239863101393
0,0,0.9994914531707764,0.00010987235873471946,0.00025653434568084776,0.00014214783732313663
2,2,0.00042729132110252976,0.0003689461445901543,0.9989907145500183,0.00021298938372638077
1,1,0.0001132395991589874,0.9995972514152527,0.00015133348642848432,0.00013822845357935876
0,0,0.9994887113571167,0.00013257841055747122,0.00023094007337931544,0.00014772216673009098
2,2,0.00030119201983325183,0.00044622208224609494,0.9990227222442627,0.00022985377290751785
1,1,8.523915312252939e-05,0.999627947807312,0.00014636181003879756,0.0001404123759130016
2,1,0.00012935065024066716,0.9995101690292358,0.0001798997982405126,0.00018060649745166302
0,0,0.9994798302650452,0.00012462747690733522,0.0002595384721644223,0.00013602193212136626
1,0,0.999097466468811,0.0002377541532041505,0.0005548532353714108,0.00010992765601258725
0,0,0.9995344877243042,0.00011120027920696884,0.00021611859847325832,0.00013818233856000006
2,2,0.000430076674092561,0.005561833269894123,0.9936343431472778,0.0003737267688848078
1,2,0.0011945856967940927,0.000267878727754578,0.9983299374580383,0.00020760360348504037
0,0,0.9994760155677795,0.00012339913519099355,0.0002425755374133587,0.0001580165117047727
2,1,0.00010271863720845431,0.9995866417884827,0.00017782091163098812,0.0001328067883150652
1,1,0.00012219957716297358,0.9995406866073608,0.00018933499814011157,0.00014777605247218162
2,2,0.0009135903092101216,0.0008600304718129337,0.9980411529541016,0.00018515708507038653
0,0,0.999457061290741,0.00015666008403059095,0.0002575388934928924,0.00012865140161011368
1,1,8.251242252299562e-05,0.999599039554596,0.00017927130102179945,0.000139147654408589
0,0,0.9995217323303223,0.00010408864909550175,0.0002323822263861075,0.00014184039901010692
2,1,0.00011802642256952822,0.9994626641273499,0.0002809865400195122,0.00013833325647283345
0,2,0.0008928194874897599,0.00025602977257221937,0.9986363053321838,0.00021485378965735435
3,2,0.0005377123598009348,0.0021574737038463354,0.9971164464950562,0.00018831535999197513
1,1,0.00010379768355051056,0.9995682835578918,0.0001993819314520806,0.00012853523367084563
2,0,0.99941086769104,0.00012892746599391103,0.00035004064557142556,0.00011023995466530323
1,2,0.04856222867965698,0.09658820927143097,0.8543228507041931,0.0005267849192023277
0,0,0.9995061159133911,0.0001237515825778246,0.00023815191525500268,0.00013197770749684423
2,0,0.998158872127533,0.0004609659081324935,0.0012745429994538426,0.00010564013791736215
0,0,0.9993701577186584,0.0001392571721225977,0.0003563628706615418,0.00013422891788650304
1,2,0.011736981570720673,0.00031527222017757595,0.987632155418396,0.00031558144837617874
2,2,0.00037073215935379267,0.00022868698579259217,0.9991138577461243,0.0002866392023861408
1,0,0.9993127584457397,0.00014479609671980143,0.0004425894876476377,9.983420022763312e-05
0,0,0.9995166063308716,0.00012013601372018456,0.00024150923127308488,0.00012172046263003722
0,0,0.9994329810142517,0.0002768363629002124,0.00017878979269880801,0.00011138022819068283
2,0,0.8432151675224304,0.0005292103160172701,0.15572714805603027,0.0005284901708364487
1,1,0.00010077761544380337,0.9995980858802795,0.00016556814080104232,0.00013561369269154966
1,1,9.656071779318154e-05,0.9996147155761719,0.00015596041339449584,0.00013277491962071508
2,0,0.9387360215187073,0.000439989089500159,0.06056199595332146,0.00026203508605249226
0,1,0.023643596097826958,0.9753307104110718,0.0007123378454707563,0.00031334435334429145
1,1,0.00010900622146436945,0.9995993971824646,0.00014906986325513572,0.00014252848632168025
0,0,0.9994471669197083,0.00014259501767810434,0.0002636775898281485,0.00014659640146419406
2,1,0.00011379063653293997,0.9995906949043274,0.00016012669948395342,0.00013540734653361142
2,2,0.0003351809282321483,0.00021925089822616428,0.9991583824157715,0.00028718035900965333
0,0,0.9994837045669556,0.00010787491919472814,0.0002758173504844308,0.0001325888733845204
1,1,0.0001059144560713321,0.9996042847633362,0.00015279094805009663,0.00013698193652089685
1,1,9.714383486425504e-05,0.999396562576294,0.00036927295150235295,0.0001370230020256713
0,0,0.9993558526039124,0.00032513667247258127,0.00021058852144051343,0.0001083618844859302
2,2,0.0011231673415750265,0.310593843460083,0.686974823474884,0.0013081516372039914
2,0,0.9989498257637024,0.00011825749243143946,0.0008104494190774858,0.00012148448877269402
0,0,0.9994012117385864,0.00020168308401480317,0.000274156394880265,0.0001230146299349144
1,1,0.0001089717261493206,0.9995966553688049,0.00016284531739074737,0.00013153314648661762
1,1,0.00013610919995699078,0.9995507597923279,0.00019748701015487313,0.00011557686229934916
0,0,0.9994707703590393,0.00011387880658730865,0.0002705662336666137,0.0001448356924811378
2,2,0.00035340318572707474,0.0003468378563411534,0.9990541338920593,0.0002456090005580336
1,1,0.00013230202603153884,0.9995372295379639,0.00017344859952572733,0.00015707359125372022
0,0,0.9994513392448425,0.00011987033940386027,0.000280965119600296,0.0001478460180805996
1,2,0.0007120731752365828,0.030262839049100876,0.9686629772186279,0.00036201378679834306
0,1,0.0001967213029274717,0.9995312690734863,0.00014617580745834857,0.00012580789916682988
1,1,0.00011470829485915601,0.999610960483551,0.0001372679544147104,0.00013700286217499524
0,0,0.9994358420372009,0.00012849860650021583,0.0002776533365249634,0.00015807707677595317
1,1,0.0009137216839008033,0.5003206729888916,0.49776914715766907,0.0009964541532099247
2,2,0.00023291348770726472,0.0009372630156576633,0.9985837936401367,0.0002459698007442057
0,0,0.9994865655899048,0.00011552161595318466,0.00026240156148560345,0.000135507172672078
1,1,0.00010045929229818285,0.9996054768562317,0.00015503836038988084,0.0001390313118463382
2,1,0.0001595505455043167,0.9995204210281372,0.00020824918465223163,0.0001117513093049638
0,0,0.9994745850563049,0.00011688116501318291,0.0002874452620744705,0.00012111324031138793
1,1,0.0005741246277466416,0.8621941208839417,0.13637098670005798,0.0008608084172010422
0,0,0.9994332194328308,0.00012028293713228777,0.0002987161569762975,0.00014779032790102065
2,1,6.984739593463019e-05,0.999485969543457,0.00025664109853096306,0.00018754789198283106
2,0,0.9979876279830933,0.00012402022548485547,0.0017240250017493963,0.00016438380407635123
2,2,0.00043005577754229307,0.02173161692917347,0.9771279096603394,0.0007104123942553997
1,1,0.00011150154023198411,0.9996154308319092,0.0001464976667193696,0.00012660784705076367
0,0,0.9994329810142517,0.00012324540875852108,0.0002957262331619859,0.0001480519858887419
2,1,0.00011577613622648641,0.9996131062507629,0.00013894910807721317,0.00013210454198997468
1,1,0.00010279483831254765,0.9996044039726257,0.0001575519418111071,0.00013525148096960038
0,0,0.9990825653076172,0.0001551159075461328,0.0006371729541569948,0.00012517793220467865
1,1,0.0003137155144941062,0.9682837128639221,0.03078307770192623,0.0006195608293637633
2,1,9.520073217572644e-05,0.9986053109169006,0.001046332181431353,0.0002531863283365965
0,0,0.9994983673095703,0.00012516947754193097,0.0002445924619678408,0.00013181116082705557
2,2,0.0003381474525667727,0.0004987589782103896,0.9989445805549622,0.00021853645739611238
1,1,0.00012683292152360082,0.9995986819267273,0.00015746243298053741,0.00011703165364451706
1,1,0.00011701581388479099,0.9995911717414856,0.00015529939264524728,0.00013654922076966614
0,0,0.9994668364524841,0.00011140162678202614,0.0002763081283774227,0.00014547842147294432
2,2,0.0004402718914207071,0.000345024251146242,0.9990137815475464,0.0002008880692301318
2,1,0.0001642304559936747,0.999036431312561,0.0005986117175780237,0.00020083248091395944
0,0,0.9995044469833374,0.00010310549259884283,0.00025057370658032596,0.00014182957238517702
0,0,0.9994240999221802,9.739474626258016e-05,0.00033822315162979066,0.00014031345199327916
2,2,0.00031528642284683883,0.0003138784668408334,0.999123752117157,0.00024713153834454715
1,1,7.186258881120011e-05,0.9992921352386475,0.0004571661993395537,0.00017879561346489936
0,0,0.9994959831237793,0.0001155882710008882,0.0002465368015691638,0.00014194798131939024
0,0,0.9994907379150391,0.0001369394885841757,0.00023348504328168929,0.00013880670303478837
2,1,9.168912220047787e-05,0.9996042847633362,0.00016206463624257594,0.00014199531869962811
1,1,0.0002492898784112185,0.998848557472229,0.0007524270913563669,0.00014964606089051813
0,2,0.0008201080490835011,0.0002754204033408314,0.9986918568611145,0.00021255011961329728
0,0,0.9978712797164917,0.0001386419462505728,0.0018411566270515323,0.0001488790294388309
0,0,0.9988609552383423,0.00012284042895771563,0.0008980043930932879,0.00011811465810751542
0,0,0.999495267868042,0.0001110056255129166,0.00024788372684270144,0.00014583136362489313
1,0,0.9994757771492004,0.00012395215162541717,0.00025462821940891445,0.00014565449964720756
2,2,0.0004589929012581706,0.0004352687392383814,0.9989161491394043,0.00018970962264575064
2,1,7.470606942661107e-05,0.9995005130767822,0.00028031656984239817,0.0001444145163986832
1,1,0.013370705768465996,0.9855613112449646,0.0005130845820531249,0.0005548422923311591
0,0,0.999485969543457,0.00011742101924028248,0.00024953988031484187,0.00014705213834531605
0,0,0.9994959831237793,0.00011913647904293612,0.0002452690387144685,0.00013959105126559734
1,1,0.00011616583651630208,0.9989646673202515,0.0007178743835538626,0.0002012975892284885
2,2,0.00031075451988726854,0.00025342684239149094,0.999032735824585,0.00040318878018297255
2,1,0.0001677913824096322,0.999549925327301,0.00015473242092411965,0.00012748739391099662
1,1,0.00010049080447060987,0.9996119141578674,0.00015226974210236222,0.00013541162479668856
0,0,0.9994366765022278,0.00012382645218167454,0.00029610013007186353,0.00014340481720864773
0,1,0.0021441227290779352,0.9974150657653809,0.0002490040787961334,0.00019174390763510019
1,0,0.9994677901268005,0.000127095147036016,0.00027414615033194423,0.00013102169032208622
2,2,0.0003501092141959816,0.0002414173650322482,0.9991496801376343,0.0002588420466054231
2,2,0.0003067647630814463,0.00024464019224978983,0.9991406202316284,0.00030787463765591383
1,1,9.172885620500892e-05,0.9995854496955872,0.00017392078007105738,0.00014893351180944592
0,0,0.9995155334472656,0.00010760390432551503,0.0002509062469471246,0.00012589545804075897
0,0,0.999458372592926,0.00012283351679798216,0.00027203402714803815,0.00014681657194159925
1,1,0.00011731839185813442,0.9995748400688171,0.00016638025408610702,0.0001414539001416415
2,2,0.00034319169935770333,0.0012225429527461529,0.9982269406318665,0.00020737522572744638
1,1,0.00010415772703709081,0.9996034502983093,0.00015751499449834228,0.00013490082346834242
2,0,0.9988210797309875,0.00012651893484871835,0.0009206021204590797,0.00013170926831662655
2,1,0.0005020545213483274,0.9618161916732788,0.03714015707373619,0.0005415267078205943
0,0,0.9994291663169861,0.00011292348062852398,0.0003078657609876245,0.00014996741083450615
2,1,9.484041947871447e-05,0.9995903372764587,0.00016699868137948215,0.00014783794176764786
1,0,0.9752280116081238,0.02337568998336792,0.0011191845405846834,0.0002771576400846243
1,2,0.0006012219819240272,0.00046011534868739545,0.9987152814865112,0.0002234070561826229
2,0,0.9989683628082275,0.00010000997281167656,0.0007812721305526793,0.00015031269867904484
0,0,0.9994624257087708,0.00012334628263488412,0.000268868898274377,0.00014527507300954312
2,2,0.00045569424401037395,0.0004125296254642308,0.9988885521888733,0.00024319642398040742
0,0,0.9994409680366516,0.00010640017717378214,0.00032541347900405526,0.00012725596025120467
1,1,0.00010684434528229758,0.9996060729026794,0.0001536419295007363,0.0001334185799350962
2,2,0.0002686080406419933,0.0005120745045132935,0.9989860653877258,0.00023319540196098387
2,2,0.0003735656791832298,0.0002327556867385283,0.9991413354873657,0.00025234711938537657
1,1,9.450448851566762e-05,0.9996219873428345,0.0001497546472819522,0.00013374378613661975
0,0,0.9994401335716248,0.00012085132038919255,0.00030032265931367874,0.00013863602362107486
1,1,0.00010888555698329583,0.9996190071105957,0.00014245368947740644,0.00012961098400410265
0,0,0.9994840621948242,0.00017159490380436182,0.00020506983855739236,0.00013921620848122984
1,1,9.116819273913279e-05,0.9995761513710022,0.00017998804105445743,0.0001526153937447816
2,1,0.00029723369516432285,0.9993801116943359,0.00018603036005515605,0.0001366640644846484
0,0,0.9994516968727112,0.00012588199751917273,0.0002702400379348546,0.00015223328955471516
1,0,0.9994544386863708,0.00018304632976651192,0.0002378939971094951,0.00012461528240237385
0,0,0.9994146823883057,0.00011355986498529091,0.0003258365613874048,0.00014594229287467897
2,2,0.00027566179051063955,0.0002931090130005032,0.9991487264633179,0.0002825700503308326
2,1,8.527062163921073e-05,0.9996241331100464,0.00015465244359802455,0.00013596493226941675
0,1,0.0003492732357699424,0.9992522597312927,0.00029168458422645926,0.00010672079952200875
2,2,0.0003609573468565941,0.00041064791730605066,0.9989381432533264,0.00029023675597272813
0,0,0.9994390606880188,0.00010127101268153638,0.0003109422978013754,0.0001486591499997303
2,2,0.00023821750073693693,0.0008095429511740804,0.9986769556999207,0.0002752637374214828
1,1,0.0006553369457833469,0.9633524417877197,0.035435210913419724,0.0005569920758716762
0,0,0.9994530081748962,0.0001235027302755043,0.0002719640906434506,0.00015142410120461136
1,1,0.00031199611839838326,0.999402642250061,0.00016184708510991186,0.0001235324307344854
2,2,0.001226538559421897,0.00017393774760421365,0.9983330368995667,0.00026650610379874706
2,2,0.00030852295458316803,0.0003722836554516107,0.9990516304969788,0.0002674709539860487
1,1,0.0006723460974171758,0.9853388071060181,0.013613646849989891,0.00037513705319724977
0,0,0.9994999170303345,0.00012127130321459845,0.00022964643721934408,0.00014917721273377538
2,2,0.00033224798971787095,0.0003639562928583473,0.9990737438201904,0.00022998150961939245
0,0,0.8505828380584717,0.0005618050927296281,0.14839497208595276,0.00046037003630772233
1,2,0.000518519023898989,0.0010547185083851218,0.9982374906539917,0.00018926044867839664
1,1,0.00011701964103849605,0.9995980858802795,0.0001519618381280452,0.00013302669685799628
0,1,0.03688390925526619,0.9546645879745483,0.00786399282515049,0.000587558257393539
2,2,0.0006807702593505383,0.0003360807313583791,0.9988002777099609,0.00018279555661138147
2,2,0.0003037778951693326,0.00026753239217214286,0.9991533756256104,0.00027531388332135975
0,0,0.9994661211967468,0.00011899712262675166,0.0002928857575170696,0.0001220793346874416
1,1,0.00010209831816609949,0.999606192111969,0.00015517929568886757,0.00013657196541316807
0,0,0.9995049238204956,9.880383004201576e-05,0.0002711660345084965,0.00012509775115177035
0,0,0.9994908571243286,0.0001248046464752406,0.00023741062614135444,0.00014687079237774014
1,2,0.0006308296578936279,0.003288284642621875,0.9958494901657104,0.00023131810303311795
1,1,0.0001169475945062004,0.999594509601593,0.00015198854089248925,0.00013658522220794111
1,1,8.714801515452564e-05,0.9995763897895813,0.0001852199056884274,0.0001511879381723702
1,1,9.374066576128826e-05,0.9995595812797546,0.00018875373643822968,0.0001578680967213586
2,1,0.00012680640793405473,0.9993993043899536,0.000326812791172415,0.00014705424837302417
1,1,9.98026443994604e-05,0.9996040463447571,0.00015426339814439416,0.0001419549371348694
0,0,0.9994563460350037,0.00012855663953814656,0.0002707481908146292,0.00014439118967857212
2,2,0.0003798346151597798,0.00022745196474716067,0.9990671277046204,0.00032565646688453853
2,2,0.000589556701015681,0.001878138049505651,0.997346043586731,0.00018623725918587297
1,1,0.00011066393926739693,0.9995996356010437,0.00015235588944051415,0.00013734430831391364
0,0,0.9982646107673645,0.00012481365411076695,0.0014804567908868194,0.00013003195635974407
1,1,0.00023168146435637027,0.9960829019546509,0.0034318468533456326,0.0002535439271014184
2,2,0.0004227510653436184,0.00019834116392303258,0.9991080164909363,0.00027097848942503333
2,2,0.0002598244172986597,0.0003441715089138597,0.9991249442100525,0.0002711242123041302
0,0,0.9995236396789551,0.00012736373173538595,0.00021718590869568288,0.00013174209743738174
1,1,9.988741658162326e-05,0.999610960483551,0.0001481671934016049,0.00014100079715717584
1,0,0.9995052814483643,0.0001245942694367841,0.00023651642550248653,0.00013357521675061435
0,0,0.9994470477104187,0.00011633770918706432,0.00030119525035843253,0.00013541887165047228
0,0,0.9995061159133911,0.00010844135977094993,0.00025150354485958815,0.0001339276204816997
0,0,0.999452531337738,0.00013513733574654907,0.00026420329231768847,0.00014810316497460008
1,1,0.00018518396245781332,0.9964522123336792,0.0031005190685391426,0.00026207161135971546
0,0,0.9994394183158875,0.00013925036182627082,0.00026999175315722823,0.00015136731963139027
2,2,0.0004221138951834291,0.0003128287789877504,0.9990259408950806,0.00023920628882478923
1,1,0.00011842847015941516,0.9995988011360168,0.00014869068400003016,0.00013402743206825107
0,0,0.9994513392448425,0.0001283811725443229,0.0002781585499178618,0.00014212004316505045
1,1,0.000106189472717233,0.9995834231376648,0.00017373143055010587,0.00013671298802364618
2,2,0.0003589185362216085,0.00027189930551685393,0.9991033673286438,0.00026567751774564385
0,0,0.9994491934776306,0.00014867114077787846,0.0002908947062678635,0.00011117637041024864
0,0,0.9989243149757385,0.0007664410513825715,0.00019048147078137845,0.00011863265535794199
2,2,0.00038577671512030065,0.00022045389050617814,0.9991045594215393,0.00028916605515405536
1,1,0.0001168308881460689,0.999589741230011,0.0001635475200600922,0.0001298579591093585
0,0,0.9994837045669556,0.00011715128493960947,0.0002516785461921245,0.0001474173041060567
0,0,0.9995201826095581,0.00010925193055300042,0.0002456938091199845,0.00012487235653679818
1,1,9.45894789765589e-05,0.9996054768562317,0.00015192615683190525,0.00014800200005993247
0,0,0.9994805455207825,0.0001220217309310101,0.0002609090297482908,0.0001365249918308109
1,1,0.00011735293810488656,0.9995793700218201,0.00016258290270343423,0.0001406858064001426
2,2,0.00030947677441872656,0.00027649375260807574,0.9991381168365479,0.0002759037306532264
1,1,0.00010247134196106344,0.9996004700660706,0.00015875611279625446,0.0001383494382025674
0,0,0.9993407130241394,0.00010826077777892351,0.00040238912333734334,0.00014862068928778172
2,1,0.00012917412095703185,0.9995198249816895,0.0002275995211675763,0.00012346540461294353
0,2,0.3899672329425812,0.0012852156069129705,0.608202338218689,0.0005452526966109872
1,1,0.0001140804888564162,0.999593198299408,0.0001587190927239135,0.00013401480100583285
2,2,0.0006627403199672699,0.15286600589752197,0.8455259203910828,0.0009453337988816202
1,1,0.00011233183613512665,0.9995338916778564,0.00018504394392948598,0.00016876586596481502
2,2,0.0003826925822068006,0.0002392295136814937,0.9990924596786499,0.00028568008565343916
0,2,0.4196109175682068,0.0004994086921215057,0.578941822052002,0.0009479064028710127
1,1,9.3560476670973e-05,0.9994924068450928,0.0002780928334686905,0.00013600771490018815
0,0,0.9993894100189209,0.00011191188241355121,0.0003658810455817729,0.0001327646168647334
2,1,9.753007179824635e-05,0.9995936751365662,0.00017848084098659456,0.0001303545432165265
2,2,0.0003184088855050504,0.00023917896032799035,0.9991757273674011,0.0002667178341653198
1,1,0.001739146769978106,0.9856194257736206,0.012452708557248116,0.0001887069665826857
0,0,0.9995057582855225,0.00012557956506498158,0.0002347836270928383,0.0001339468581136316
2,2,0.00037603030796162784,0.0025818650610744953,0.9967357516288757,0.00030629910179413855
0,0,0.9994800686836243,0.00013381816097535193,0.0002457558875903487,0.00014039239613339305
1,1,0.00010212405322818086,0.9996064305305481,0.000148091945447959,0.00014332142018247396
2,2,0.0003121321788057685,0.0002818674547597766,0.9991331696510315,0.00027278997004032135
1,1,0.0001065608230419457,0.9995676875114441,0.0001879612827906385,0.00013774892431683838
0,0,0.9994497895240784,0.00012798354146070778,0.00026813879958353937,0.0001540163066238165
2,2,0.00030744148534722626,0.00025899961474351585,0.9990946054458618,0.00033898791298270226
2,2,0.027352703735232353,0.0024814968928694725,0.9698799252510071,0.00028578974888660014
1,1,0.00010980190563714132,0.9995891451835632,0.0001588585291756317,0.00014217800344340503
2,1,9.626687824493274e-05,0.9995757937431335,0.0001715484686428681,0.000156304711708799
2,0,0.9717352986335754,0.001010463573038578,0.026994885876774788,0.0002593306126073003
0,1,0.0012778370874002576,0.855016827583313,0.14293764531612396,0.0007677096873521805
0,0,0.999488115310669,0.00012563545897137374,0.00024155949358828366,0.00014472845941781998
2,2,0.0002525087329559028,0.0003670011064969003,0.9990777969360352,0.000302740401821211
1,1,9.18465739232488e-05,0.9996110796928406,0.0001478245249018073,0.0001492541196057573
2,1,0.005069661419838667,0.9392220377922058,0.05537162721157074,0.0003366952296346426
1,0,0.9984355568885803,0.0003220159269403666,0.0010686115128919482,0.00017379975179210305
0,0,0.9994232654571533,0.00011434394400566816,0.00032202788861468434,0.00014043570263311267
0,0,0.9994637370109558,0.00016724636952858418,0.00023461975797545165,0.00013437189045362175
2,2,0.00032864516833797097,0.00045048544416204095,0.9990111589431763,0.0002095887903124094
1,1,0.0001125085836974904,0.9995734095573425,0.00018779016681946814,0.00012627393880393356
1,1,0.0005676395376212895,0.9983017444610596,0.000936360564082861,0.0001942604867508635
0,0,0.9993963241577148,0.0001202502753585577,0.00035156813100911677,0.00013186321302782744
2,2,0.0018977101426571608,0.0815446600317955,0.9161499738693237,0.000407699728384614
0,0,0.9994706511497498,0.00012764673738274723,0.00024796888465061784,0.00015372618508990854
1,1,0.00014339169138111174,0.999529242515564,0.00019170186715200543,0.00013576481433119625
2,1,8.274776337202638e-05,0.9996128678321838,0.00017074622155632824,0.0001336657878709957
2,2,0.00040710894973017275,0.0005192839889787138,0.9988811612129211,0.0001924771349877119
0,0,0.9995162487030029,0.00013996953202877194,0.00022150843869894743,0.00012223643716424704
1,1,0.00010999559162883088,0.9996053576469421,0.00015352244372479618,0.00013120417133904994
1,1,8.594024984631687e-05,0.99953293800354,0.00022293692745734006,0.00015819483087398112
2,2,0.00041253946255892515,0.000990085769444704,0.9984161853790283,0.00018123499467037618
0,0,0.9994582533836365,0.00011618268035817891,0.0002818269422277808,0.0001437566679669544
1,1,9.677300113253295e-05,0.9996001124382019,0.0001601057592779398,0.00014296924928203225
2,2,0.0003472758107818663,0.00036452963831834495,0.9990399479866028,0.00024817712255753577
0,0,0.9994764924049377,0.00024363795819226652,0.00016386728384532034,0.00011608422209974378
2,2,0.0002920820261351764,0.0004738170828204602,0.998991072177887,0.0002429682353977114
1,1,9.586371743353084e-05,0.9995991587638855,0.0001706302718957886,0.0001344113697996363
0,0,0.999451220035553,0.00011507661110954359,0.00029934378108009696,0.00013437712914310396
3,1,0.0007350013474933803,0.9885918498039246,0.010441097430884838,0.00023198884446173906
0,0,0.9993607401847839,0.0001173140699393116,0.00039628121885471046,0.00012573041021823883
1,0,0.9990153312683105,0.0005097638349980116,0.0003466691414359957,0.00012824416626244783
1,1,0.00012087474169675261,0.9996004700660706,0.0001470556453568861,0.00013169029261916876
2,2,0.0003123371279798448,0.0003094230778515339,0.9991238713264465,0.00025437306612730026
0,0,0.9994505047798157,0.00012007939221803099,0.00027350030723027885,0.00015586536028422415
1,1,0.0001004132573143579,0.9995790123939514,0.00017441046657040715,0.00014619519060943276
2,1,0.00011440627713454887,0.9987406134605408,0.0009668531711213291,0.00017813847807701677
0,0,0.9994534850120544,0.00012230969150550663,0.0002784067764878273,0.00014574600209016353
0,0,0.9995200634002686,0.0001072324303095229,0.00023828471603337675,0.0001344449701718986
2,2,0.0004141012905165553,0.0004294878744985908,0.998950719833374,0.00020572610083036125
1,1,0.00010951953299809247,0.9995900988578796,0.0001659276895225048,0.00013437810412142426
1,0,0.9994789958000183,0.00014929333701729774,0.00022640910174231976,0.0001453396980650723
2,0,0.9993368983268738,9.454585961066186e-05,0.00043724317220039666,0.0001312892127316445
0,0,0.9994801878929138,0.00012342612899374217,0.00025149821885861456,0.0001449528499506414
2,2,0.0003625807003118098,0.007909227162599564,0.9914529323577881,0.0002751885331235826
0,0,0.9995026588439941,0.00010909197590081021,0.0002472587220836431,0.00014103138528298587
1,1,8.564193558413535e-05,0.9996242523193359,0.0001440374762751162,0.00014608098717872053
0,0,0.999502420425415,0.00012436398537829518,0.0002327261317986995,0.0001405383227393031
1,1,7.861886115279049e-05,0.9996083378791809,0.0001774776028469205,0.00013564224354922771
2,2,0.0003712668549269438,0.000250118289841339,0.9991121888160706,0.00026642277953214943
1,1,9.460859291721135e-05,0.999586284160614,0.0001684624148765579,0.00015057198470458388
0,0,0.9994856119155884,0.00012383793364278972,0.0002588458592072129,0.00013174815103411674
2,2,0.0007109626312740147,0.00022951018763706088,0.9987573623657227,0.00030215998413041234
0,0,0.9994744658470154,0.00013089193089399487,0.00024975102860480547,0.00014490130706690252
2,2,0.0011560946004465222,0.0011392824817448854,0.997542142868042,0.00016248876636382192
1,1,0.00013628869783133268,0.9995935559272766,0.00013632730406243354,0.0001338627189397812
0,0,0.999496340751648,0.00012332013284321874,0.00023962998238857836,0.0001407192030455917
1,2,0.00045312827569432557,0.0004053023876622319,0.9989064931869507,0.0002351280563743785
2,1,9.903452883008868e-05,0.9995864033699036,0.00018577971786726266,0.00012881908332929015
1,1,0.00011696806905092672,0.9996017813682556,0.00015078528667800128,0.00013048072287347168
0,0,0.9994674324989319,0.0001226714375661686,0.00025885397917591035,0.0001510482543380931
2,0,0.9992738366127014,0.00015890492068137974,0.0004416368901729584,0.000125688427942805
1,2,0.0004970238078385592,0.010329443030059338,0.9888643026351929,0.0003092318947892636
2,1,7.314740651054308e-05,0.9995549321174622,0.00021896298858337104,0.0001530056179035455
0,2,0.2738904058933258,0.04005679860711098,0.6853607296943665,0.0006920824525877833
1,1,7.105733675416559e-05,0.9995817542076111,0.00020167182083241642,0.000145434241858311
0,2,0.10811328142881393,0.0007108068093657494,0.8902508020401001,0.0009251750307157636
2,2,0.00026347924722358584,0.001086327712982893,0.9983488321304321,0.00030130016966722906
0,0,0.9994601607322693,0.00010770173685159534,0.0003028011124115437,0.00012945450725965202
2,2,0.0010631366167217493,0.061648886650800705,0.936772346496582,0.0005157086998224258
2,0,0.9590331315994263,0.0002825138217303902,0.039830807596445084,0.0008535304805263877
0,0,0.9995149374008179,0.0001487617555540055,0.00020884907280560583,0.00012737866200041026
1,1,9.252098971046507e-05,0.9996104836463928,0.0001606140867806971,0.00013643312558997422
2,2,0.00029520681709982455,0.00033385088318027556,0.9990972280502319,0.00027373890043236315
0,0,0.999492883682251,0.0001177079466287978,0.0002473247004672885,0.0001420133630745113
1,1,0.00013009662507101893,0.9995661377906799,0.00015296530909836292,0.00015071335656102747
2,0,0.997692346572876,0.0016590544255450368,0.0005298382602632046,0.00011874707706738263
0,0,0.9995081424713135,0.00011595214891713113,0.00023613867233507335,0.000139772571856156
1,1,0.00010340495646232739,0.9995607733726501,0.00016941801004577428,0.00016632636834401637
2,0,0.9293140172958374,0.06871623545885086,0.0014806492254137993,0.0004891923745162785
1,1,9.787100134417415e-05,0.9996155500411987,0.00015564066416118294,0.00013099133502691984
0,0,0.9994819760322571,0.00010792185639729723,0.00026766760856844485,0.0001423494250047952
2,1,0.00010242736607324332,0.9995937943458557,0.00017445080447942019,0.00012925035844091326
2,2,0.0002682047488633543,0.0004367238434497267,0.9989970326423645,0.0002980736317113042
0,0,0.9991317391395569,0.0004530843871179968,0.0002296224847668782,0.0001855123700806871
1,1,9.100688475882635e-05,0.9996048808097839,0.00015770821482874453,0.00014646467752754688
1,1,0.00010359300358686596,0.9986870884895325,0.0008570746285840869,0.0003522912447806448
2,2,0.0008756574825383723,0.00016799983859527856,0.9987037181854248,0.00025263355928473175
2,2,0.000302940170513466,0.0002334377059014514,0.9991718530654907,0.00029186782194301486
2,2,0.0004540654190350324,0.0003077902947552502,0.9990087747573853,0.00022929620172362775
0,0,0.999492883682251,0.00011037978401873261,0.00026709373923949897,0.00012960970343556255
1,1,0.0001048938647727482,0.9996041655540466,0.00015195856394711882,0.00013902357022743672
2,1,0.00010008553363149986,0.9996058344841003,0.00015880074352025986,0.00013524742098525167
0,0,0.999496579170227,0.00014210939116310328,0.0002153214591089636,0.0001459727791370824
2,2,0.00028928916435688734,0.00032172389910556376,0.9991286396980286,0.0002603700559120625
1,1,0.00018777130753733218,0.9995263814926147,0.0001603826240170747,0.00012545191566459835
2,0,0.9993250370025635,0.00014115040539763868,0.00041904006502591074,0.00011477394582470879
2,2,0.0011123778531327844,0.0031973118893802166,0.9955376386642456,0.00015274992620106786
2,1,0.007293242495507002,0.8868797421455383,0.10537879914045334,0.0004481251526158303
1,2,0.00032271951204165816,0.00031640572706237435,0.9991208910942078,0.00023992816568352282
0,0,0.9816957712173462,0.0002215431013610214,0.017624225467443466,0.00045847927685827017
2,2,0.00032191502396017313,0.0003072783292736858,0.9991273283958435,0.00024348549777641892
0,0,0.999242901802063,0.0003626115503720939,0.0002930634072981775,0.00010143504914594814
1,1,0.00011050191824324429,0.9995802044868469,0.00015751973842270672,0.0001518080389359966
1,1,0.00011631103552645072,0.9996086955070496,0.00014966499293223023,0.00012532352411653847
0,0,0.9958327412605286,0.00040257329237647355,0.003659099107608199,0.0001056529872585088
2,2,0.0003818999684881419,0.0014935071812942624,0.9979064464569092,0.00021825938893016428
0,0,0.999496579170227,0.00010409089009044692,0.00025620608357712626,0.00014310381084214896
2,0,0.9994478821754456,8.152339432854205e-05,0.0003418445121496916,0.00012881302973255515
1,1,0.00010695028322516009,0.9995986819267273,0.00015799958782736212,0.0001364375202683732
0,1,0.0001225638116011396,0.9995824694633484,0.00016265040903817862,0.00013226272130850703
2,2,0.00026336757582612336,0.00035448293783701956,0.9991245865821838,0.000257544539636001
1,1,0.0004396298318170011,0.9165282249450684,0.08227554708719254,0.0007566558197140694
0,0,0.9993928670883179,0.00018343364354223013,0.00032228382769972086,0.00010141536040464416
2,2,0.0004032151191495359,0.010001861490309238,0.9891998767852783,0.0003950291429646313
1,1,9.987285739043728e-05,0.9996224641799927,0.00014811070286668837,0.00012953320401720703
0,1,0.021422268822789192,0.778049111366272,0.19971589744091034,0.0008128099725581706
2,2,0.2419600933790207,0.0012995019787922502,0.756168782711029,0.0005716639570891857
1,2,0.0003442581510171294,0.000736429647076875,0.9987090826034546,0.00021023036970291287
2,2,0.0003339294053148478,0.00032291063689626753,0.9990683197975159,0.0002748138504102826
1,1,0.00013112049782648683,0.9995473027229309,0.00018833120702765882,0.00013323781604412943
2,1,0.00012662503286264837,0.9995623230934143,0.0001893416338134557,0.0001216176533489488
1,1,8.187739877030253e-05,0.9995587468147278,0.000220926696783863,0.00013843592023476958
2,1,0.0009033498936332762,0.8413882255554199,0.15690454840660095,0.0008037936058826745
0,0,0.9994718432426453,0.00013923787628300488,0.0002631040697451681,0.00012583112402353436
2,1,0.00018495631229598075,0.9994959831237793,0.00019201624672859907,0.00012696873454842716
1,0,0.9995121955871582,0.00012839473492931575,0.00021837055101059377,0.00014096776430960745
0,1,0.00017124865553341806,0.9995079040527344,0.0001770559319993481,0.0001438415638403967
2,2,0.0005689851241186261,0.0002519626868888736,0.9989510774612427,0.0002279412728967145
1,1,0.00012013658852083609,0.9995909333229065,0.00015463771705981344,0.00013424002099782228
2,2,0.000456366193247959,0.0006850926438346505,0.9986889958381653,0.00016963336383923888
2,1,0.0001146475988207385,0.9994480013847351,0.0003214770695194602,0.00011598354467423633
0,0,0.9994288086891174,0.0001098470384022221,0.0003188137779943645,0.00014245009515434504
1,1,0.0001692688965704292,0.9995042085647583,0.00019681411504279822,0.0001297684939345345
0,0,0.9994877576828003,0.00010897171159740537,0.00027022091671824455,0.0001329949009232223
1,1,0.00010978344653267413,0.9995716214179993,0.00019222260743845254,0.00012638997577596456
2,2,0.00034691698965616524,0.00025190628366544843,0.9991400241851807,0.00026112899649888277
1,1,0.00015051929221954197,0.9995785355567932,0.00014179058780428022,0.00012914797116536647
0,0,0.99943608045578,0.00011868754518218338,0.0003011752851307392,0.00014406186528503895
2,2,0.10887451469898224,0.0006336129154078662,0.8898040652275085,0.0006878525018692017
1,1,8.659850573167205e-05,0.9996176958084106,0.0001528750581201166,0.0001427241222700104
0,0,0.9994520545005798,0.00015148447710089386,0.0002742856740951538,0.0001221395650645718
2,2,0.0004300790897104889,0.012473726645112038,0.9865882992744446,0.0005078332033008337
1,1,0.00011520400585141033,0.9995943903923035,0.0001609803002793342,0.00012944558693561703
2,2,0.0005261660553514957,0.000213489358429797,0.9990027546882629,0.0002575978578533977
0,0,0.9994848966598511,0.00011354402522556484,0.00024740054504945874,0.0001542110403534025
2,2,0.00037233627517707646,0.00022422832262236625,0.9991207718849182,0.0002827017451636493
0,0,0.9995088577270508,0.00011674736742861569,0.00023236768902279437,0.00014209230721462518
1,1,9.525856148684397e-05,0.9996178150177002,0.00014336270396597683,0.0001436458551324904
0,0,0.9995148181915283,0.00010597146319923922,0.00023236619017552584,0.0001468743139412254
1,0,0.9993708729743958,0.00017252926772926003,0.0003405670286156237,0.00011595999239943922
2,2,0.00027680775383487344,0.0002990548964589834,0.9991382360458374,0.00028583352104760706
1,1,0.00010367439972469583,0.999618649482727,0.00014191708760336041,0.00013567779387813061
1,1,0.00010296591790392995,0.999618411064148,0.00014820251089986414,0.00013033003779128194
2,1,0.0031271521002054214,0.5179532170295715,0.4780946671962738,0.0008249212405644357
1,1,0.00011818536586361006,0.9995915293693542,0.00016264026635326445,0.00012766839063260704
2,2,0.0004497819172684103,0.0016174993943423033,0.9977340698242188,0.0001985671406146139
0,0,0.9994509816169739,0.0001409465039614588,0.00025984947569668293,0.00014819733041804284
1,1,0.00011198680294910446,0.9995693564414978,0.0001827706437325105,0.00013579927326645702
2,0,0.9972756505012512,0.00011110906780231744,0.0024546352215111256,0.00015866597823332995
0,0,0.9995172023773193,0.00010941958316834643,0.00024261121870949864,0.00013077849871478975
1,1,0.00043141641071997583,0.9987421631813049,0.00046636475599370897,0.00036002317210659385
2,1,0.0002946027379948646,0.9994194507598877,0.0001629890757612884,0.00012292434985283762
0,0,0.9994829893112183,9.729929297463968e-05,0.0002806733245961368,0.00013902779028285295
0,2,0.000401138182496652,0.0003979667671956122,0.9989644289016724,0.0002364908141316846
0,2,0.2600646913051605,0.0022550495341420174,0.7371493577957153,0.0005308680119924247
1,1,9.016891999635845e-05,0.9995669722557068,0.0001978567015612498,0.00014496488438453525
1,2,0.0002637788711581379,0.0007505547837354243,0.9987770915031433,0.00020861989469267428
2,2,0.00041962790419347584,0.000303744018310681,0.9990639090538025,0.0002128325868397951
2,1,0.002453527646139264,0.9963024854660034,0.0009744708077050745,0.00026949800667352974
1,2,0.0002753722365014255,0.0009835518430918455,0.9985352754592896,0.00020585814490914345
2,2,0.00028011342510581017,0.0002695803123060614,0.9991258978843689,0.00032444120733998716
2,0,0.9140167236328125,0.00029780471231788397,0.084710031747818,0.0009753992781043053
1,1,6.944341294001788e-05,0.9995676875114441,0.00020250155648682266,0.0001603676937520504
0,0,0.9994657635688782,0.00013113318709656596,0.0002646302164066583,0.00013845894136466086
2,1,0.0005438943626359105,0.9637367129325867,0.03524836525321007,0.0004709900531452149
0,0,0.9995216131210327,0.00010415327415103093,0.00024407735327258706,0.00013021071208640933
2,0,0.9994814991950989,0.0001227735774591565,0.0002667915541678667,0.0001290210784645751
1,1,0.00015285395784303546,0.9995521903038025,0.00016520552162546664,0.00012974863057024777
2,1,0.00016388256335631013,0.9995133876800537,0.00020826679246965796,0.00011446390999481082
1,1,0.00019998857169412076,0.9994801878929138,0.00019666229491122067,0.00012320082169026136
0,0,0.9993131160736084,0.00032457566703669727,0.0002536670072004199,0.00010864522482734174
2,2,0.0003241193771827966,0.0005414345068857074,0.9989004135131836,0.000234008562983945
1,1,0.00011085755977546796,0.9996044039726257,0.00015324275591410697,0.0001315839763265103
0,0,0.9994534850120544,0.0001317476708209142,0.0002690198889467865,0.00014574920351151377
2,2,0.00023078391677699983,0.0006742870318703353,0.9988195300102234,0.00027545957709662616
2,2,0.0004478601331356913,0.004429821390658617,0.9948818683624268,0.00024045334430411458
0,2,0.0004069548740517348,0.00020013013272546232,0.9990541338920593,0.0003387326141819358
1,1,0.00019043292559217662,0.9994768500328064,0.00020617767586372793,0.00012659269850701094
2,1,0.0007461433997377753,0.8145139813423157,0.18372417986392975,0.0010156738571822643
0,0,0.9989043474197388,8.756914030527696e-05,0.0008841108065098524,0.00012394429359119385
2,2,0.0003143860958516598,0.00036973023088648915,0.9990612864494324,0.0002545735624153167
1,1,0.00018250566790811718,0.9993946552276611,0.0003124131471849978,0.00011039146193070337
0,0,0.9994989633560181,0.00010690271301427856,0.0002514307270757854,0.00014275955618359149
0,2,0.21996165812015533,0.054429247975349426,0.7249749898910522,0.0006341040134429932
1,1,0.00012027160119032487,0.9995802044868469,0.00016770798538345844,0.0001317907590419054
0,2,0.012812882661819458,0.0021146126091480255,0.984872043132782,0.00020051551109645516
1,2,0.0009442492155358195,0.24121014773845673,0.7567430734634399,0.0011025271378457546
2,2,0.00030549868824891746,0.00031998465419746935,0.9991171956062317,0.00025725693558342755
0,0,0.9994495511054993,0.00011866548447869718,0.00027866175514645875,0.00015311721654143184
2,2,0.00042139089782722294,0.00023917239741422236,0.9990654587745667,0.00027405930450186133
0,0,0.999430239200592,0.00027135919663123786,0.00018464350432623178,0.00011370978609193116
2,0,0.9993600249290466,0.00010809202649397776,0.0004135592607781291,0.0001184214124805294
1,1,8.517585229128599e-05,0.9995812773704529,0.00018341206305194646,0.00015014065138529986
2,0,0.9992048144340515,0.00020854648028034717,0.0004908445989713073,9.576213778927922e-05
0,1,0.0003502060426399112,0.998734176158905,0.0005266332882456481,0.0003889791842084378
2,2,0.00030102854361757636,0.00028066252707503736,0.9991530179977417,0.00026533519849181175
1,0,0.9995139837265015,0.000125448452308774,0.00022302818251773715,0.00013756178668700159
0,0,0.9994964599609375,0.000123870704555884,0.0002328466362087056,0.00014680861204396933
2,2,0.0005434449412859976,0.0002193013351643458,0.9990088939666748,0.00022837462893221527
1,0,0.9994661211967468,0.00012543216871563345,0.00026115195942111313,0.0001472837320761755
0,0,0.9994581341743469,0.00011164847819600254,0.0002909805334638804,0.0001392554841004312
0,0,0.9993888139724731,0.00012627674732357264,0.00035597398527897894,0.0001288887142436579
1,2,0.0002694125287234783,0.0007746242335997522,0.9987106323242188,0.0002452980261296034
2,1,0.0001046993857016787,0.999610960483551,0.00014720860053785145,0.0001370989193674177
1,1,0.00010119746730197221,0.9996108412742615,0.0001551118039060384,0.00013283203588798642
2,1,9.181486529996619e-05,0.9995995163917542,0.0001550594752188772,0.00015356151561718434
0,1,0.06003730371594429,0.9376576542854309,0.0010699938284233212,0.0012350550387054682
1,1,0.00016508267435710877,0.9995331764221191,0.00013905903324484825,0.00016263836005236953
0,0,0.9586899280548096,0.00033356883795931935,0.040527768433094025,0.0004487407277338207
0,0,0.9945323467254639,0.0016766336048021913,0.0035965582355856895,0.0001944356772582978
0,0,0.9994284510612488,0.0001146665817941539,0.0003033308021258563,0.00015346657892223448
2,2,0.00034022759064100683,0.0002069550537271425,0.9991633892059326,0.00028951646527275443
1,1,9.030450746649876e-05,0.9996180534362793,0.00014757455210201442,0.00014410732546821237
2,1,7.709148485446349e-05,0.999460756778717,0.00032993388595059514,0.00013219531683716923
1,1,0.00010305173782398924,0.9996141195297241,0.00014519892283715308,0.00013758581189904362
2,1,0.00017158254922833294,0.9995493292808533,0.0001572529727127403,0.00012171852722531185
1,1,8.43287562020123e-05,0.999614953994751,0.00017264614871237427,0.00012813843204639852
2,2,0.00032642236328683794,0.0005765699315816164,0.998885452747345,0.00021164519421290606
3,0,0.9994587302207947,0.00018682068912312388,0.0002341471699764952,0.00012033074744977057
0,0,0.9992638230323792,8.752849680604413e-05,0.000511468097101897,0.00013709602353628725
1,1,0.00011797375191235915,0.9995960593223572,0.00015054101822897792,0.00013550068251788616
2,1,0.0003773049684241414,0.9715431928634644,0.02754383534193039,0.0005356139736250043
0,0,0.9994723200798035,0.00011764514783862978,0.0002644623746164143,0.00014560607087332755
2,1,0.0014374597230926156,0.9958893656730652,0.002518346067517996,0.00015478345449082553
1,1,0.00011917339725187048,0.9995778203010559,0.00016209761088248342,0.00014100875705480576
0,0,0.999472439289093,0.00013094997848384082,0.00025030848337337375,0.00014630066289100796
1,1,0.00014117927639745176,0.9995703101158142,0.0001558837539050728,0.0001325860503129661
2,2,0.00028745748568326235,0.0002881301916204393,0.9991292357444763,0.0002952886279672384
2,2,0.0007702670991420746,0.00027858620160259306,0.9987051486968994,0.0002460144751239568
1,1,0.0001102204987546429,0.9995841383934021,0.00017964154540095478,0.0001259903219761327
0,0,0.9994779229164124,0.00012468465138226748,0.00025929996627382934,0.00013811641838401556
0,0,0.9994962215423584,0.00010995883349096403,0.000245401548454538,0.0001484035892644897
1,1,9.966121433535591e-05,0.9995878338813782,0.00016595896158833057,0.0001465465611545369
2,1,8.306703966809437e-05,0.9996004700660706,0.00018007330072578043,0.00013641589612234384
1,1,0.04416294023394585,0.9544731974601746,0.0008832212188281119,0.00048065767623484135
0,0,0.9995197057723999,0.00012438865087460726,0.00022506355890072882,0.0001308611681452021
2,2,0.00034355613752268255,0.00030808159499429166,0.9990887641906738,0.0002595920814201236
2,2,0.0003359962720423937,0.00025259703397750854,0.9991099238395691,0.0003014286339748651
1,1,0.00010511632717680186,0.9995912909507751,0.00017261324683204293,0.00013095517351757735
2,2,0.000411453889682889,0.00020422859233804047,0.9991235136985779,0.0002607886854093522
1,1,0.00010293173545505852,0.9996029734611511,0.00016149635484907776,0.00013261265121400356
2,2,0.0005019084783270955,0.014193203300237656,0.9849442839622498,0.0003605405509006232
0,0,0.9994625449180603,0.00012616184540092945,0.0002612150274217129,0.00015017049736343324
1,1,0.0001122125904657878,0.9995160102844238,0.00022512197028845549,0.00014668692892882973
0,0,0.9994858503341675,0.0001201903069159016,0.00025149507564492524,0.00014247086073737592
2,2,0.00029346864903345704,0.0003533785347826779,0.999099850654602,0.0002532988728489727
2,2,0.029905984178185463,0.03440382331609726,0.9353353977203369,0.0003547470550984144
1,1,0.00014493271009996533,0.9995385408401489,0.00020303417113609612,0.00011359885684214532
0,0,0.9994567036628723,0.00012151506962254643,0.0002748410333879292,0.00014692754484713078
2,2,0.0005112367798574269,0.008830406703054905,0.9902535080909729,0.00040483506745658815
0,0,0.99947589635849,0.0001876778551377356,0.00020487443543970585,0.00013146382116246969
1,1,0.0001087658092728816,0.9996039271354675,0.00014237643335945904,0.00014491702313534915
0,0,0.9994887113571167,0.00013995112385600805,0.00022731913486495614,0.00014393925084732473
2,0,0.9852532744407654,0.00040569997509010136,0.014040688052773476,0.00030033697839826345
1,1,0.00011127720063086599,0.9995984435081482,0.00015870296920184046,0.0001315841800533235
0,0,0.9995057582855225,0.00012336728104855865,0.00023695723211858422,0.00013393524568527937
2,2,0.000368542067008093,0.0002981898724101484,0.9991025924682617,0.00023073308693710715
1,1,8.865328709362075e-05,0.999584972858429,0.00018690773868001997,0.00013941347424406558
2,0,0.9995057582855225,0.00011930285108974203,0.00024097769346553832,0.0001340508897555992
0,0,0.9994542002677917,9.839195263339207e-05,0.0003128175449091941,0.0001345720811514184
1,0,0.8493298292160034,0.0009851414943113923,0.14930157363414764,0.0003835098759736866
2,2,0.00029074036865495145,0.0002337862824788317,0.999161958694458,0.0003135045408271253
1,2,0.0009823085274547338,0.0724785327911377,0.9259825348854065,0.000556641083676368
0,0,0.999505877494812,0.00012070722004864365,0.00023694755509495735,0.00013638348900713027
1,1,9.811342169996351e-05,0.9996004700660706,0.00016244497965089977,0.00013892205606680363
0,0,0.999489426612854,0.00012307302677072585,0.00025998736964538693,0.00012748393055517226
0,0,0.9995100498199463,0.00011049595195800066,0.00024768299772404134,0.00013170187594369054
1,2,0.00027016314561478794,0.0026985707227140665,0.9966320395469666,0.00039916561217978597
2,2,0.00035380834015086293,0.00032078439835458994,0.9991023540496826,0.00022304458252619952
2,2,0.0004969985457137227,0.054108329117298126,0.9447245597839355,0.0006701141246594489
2,2,0.005736319348216057,0.0007245746091939509,0.9932946562767029,0.00024437246611341834
2,1,0.00010173215559916571,0.9996106028556824,0.0001535082992631942,0.00013413361739367247
2,0,0.9994809031486511,0.0001317759306402877,0.00026088173035532236,0.00012644095113500953
2,2,0.00046274284250102937,0.028437944129109383,0.970532238483429,0.0005670651444233954
1,1,0.00010192237823503092,0.9995980858802795,0.00015699600044172257,0.00014299925533123314
0,0,0.9994516968727112,0.00017537543317303061,0.00023606028116773814,0.0001369076344417408
1,1,0.00012592229177244008,0.9995798468589783,0.00015814494690857828,0.00013608277367893606
0,0,0.99944669008255,0.00013075619062874466,0.0002796832995954901,0.00014294774155132473
0,2,0.17937390506267548,0.0013723195297643542,0.8186188340187073,0.0006349760224111378
0,0,0.9994183778762817,0.00011414999607950449,0.00034815474646165967,0.000119330536108464
1,1,8.984684973256662e-05,0.9994600415229797,0.00030817315564490855,0.00014186411863192916
2,2,0.0006238666246645153,0.00024726157425902784,0.9989261031150818,0.00020278635201975703
2,1,8.288757817354053e-05,0.9995538592338562,0.00020918252994306386,0.0001541174278827384
0,0,0.999423623085022,0.0001319178700214252,0.0002880559768527746,0.00015645462553948164
1,1,9.466568735660985e-05,0.9995649456977844,0.00019552191952243447,0.00014493032358586788
0,0,0.9994646906852722,0.0001224006846314296,0.00026540455291979015,0.00014741800259798765
2,1,8.528456964995712e-05,0.9995521903038025,0.0001924668758874759,0.00017001946980599314
1,1,0.00017293366545345634,0.9995261430740356,0.0001432704011676833,0.00015769082529004663
1,1,0.00013672452769242227,0.9994551539421082,0.00027476222021505237,0.00013328513887245208
0,0,0.9994780421257019,0.0001140114400186576,0.00025820854352787137,0.00014977550017647445
2,2,0.0003450260846875608,0.00026183895533904433,0.9991390705108643,0.00025406002532690763
0,0,0.9994750618934631,0.00011250394891249016,0.0002753938897512853,0.00013708995538763702
2,2,0.0004162226978223771,0.0003596140304580331,0.9989898800849915,0.00023425529070664197
1,1,0.00011545108282007277,0.9996091723442078,0.00014359215856529772,0.00013176354696042836
2,2,0.0003846609906759113,0.00023108840105123818,0.9991030693054199,0.00028117996407672763
1,1,8.440862438874319e-05,0.9995574355125427,0.00022242401610128582,0.00013569873408414423
0,0,0.9994766116142273,0.0001512084563728422,0.00023779174080118537,0.0001343632466159761
0,0,0.9994933605194092,0.00012515441630966961,0.0002478189708199352,0.00013361145101953298
2,1,0.00010270463826600462,0.9994522929191589,0.0003129843680653721,0.00013202763511799276
1,1,0.0001226052117999643,0.9995892643928528,0.00016084458911791444,0.0001272812660317868
0,0,0.9994719624519348,0.0001341551833320409,0.00025230427854694426,0.00014151759387459606
2,0,0.9648670554161072,0.00640828488394618,0.02798331342637539,0.0007414793944917619
1,1,0.0001235308445757255,0.9995394945144653,0.00018571024702396244,0.00015138376329559833
1,2,0.0004423708887770772,0.0006652988377027214,0.9987057447433472,0.00018650857964530587
2,2,0.0003974259889218956,0.0002201081078965217,0.9991046786308289,0.0002777480403892696
0,0,0.9994891881942749,0.0001270976208616048,0.0002382574020884931,0.00014542925055138767
1,1,9.552366827847436e-05,0.9995952248573303,0.00015249622811097652,0.00015683229139540344
0,0,0.9994914531707764,0.00012466446787584573,0.00024134891282301396,0.0001424138026777655
2,1,0.00010010342521127313,0.999496579170227,0.0002443279081489891,0.000158982933498919
2,1,0.0006393982330337167,0.9990236759185791,0.00019598209473770112,0.00014092790661379695
1,0,0.9994783997535706,0.00019058692851103842,0.0002090582565870136,0.00012189945846330374
0,0,0.9994896650314331,0.00012922100722789764,0.00023937872902024537,0.0001417540479451418
1,1,0.00011157467088196427,0.9995864033699036,0.00017302691412623972,0.00012909923680126667
2,2,0.0003075180866289884,0.00032671194639988244,0.9991291165351868,0.00023667058849241585
0,0,0.9995272159576416,0.00011875735071953386,0.00021690806897822767,0.00013716876856051385
2,2,0.00855425838381052,0.00036334001924842596,0.9907398223876953,0.00034251963370479643
0,0,0.9995218515396118,0.00010350876982556656,0.00024315180780831724,0.00013151489838492125
1,1,0.0003299084783066064,0.9993847608566284,0.00016925788077060133,0.00011607159103732556
2,2,0.000321563973557204,0.000266086048213765,0.9991501569747925,0.0002620996965561062
2,0,0.9994390606880188,0.0002654891286510974,0.00018765752611216158,0.00010779214062495157
1,2,0.00028521675267256796,0.000683760445099324,0.9988027811050415,0.00022834014089312404
2,0,0.9979821443557739,0.0008093876531347632,0.0011000031372532248,0.00010842584742931649
1,1,0.00018664081289898604,0.9925265312194824,0.006984950974583626,0.00030179822351783514
0,0,0.9994982481002808,0.00012976524885743856,0.00023346453963313252,0.00013852117990609258
0,0,0.9994741082191467,0.00013395551650319248,0.00024105650663841516,0.00015089749649632722
2,2,0.000379110686480999,0.0002892335469368845,0.9990842342376709,0.0002474252542015165
1,1,0.0001371019461657852,0.9994909763336182,0.00020095374202355742,0.00017094389477279037
0,0,0.9995023012161255,0.00011162594455527142,0.0002518268011044711,0.00013413725537247956
1,1,0.00010455051233293489,0.9995688796043396,0.0001852870627772063,0.00014133937656879425
2,2,0.00028847952489741147,0.00035723476321436465,0.999092698097229,0.0002616525744087994
0,0,0.9992121458053589,9.63475540629588e-05,0.0005687616649083793,0.0001227641332661733
1,2,0.0006656947080045938,0.031175397336483,0.9676333665847778,0.0005255306605249643
2,2,0.00031910862890072167,0.0006139607285149395,0.9988669157028198,0.00020006936392746866
2,2,0.0003861541044898331,0.0009809479815885425,0.9984661340713501,0.00016686494927853346
1,1,0.0001321904273936525,0.9995620846748352,0.0001718644634820521,0.00013381612370721996
0,0,0.9994983673095703,0.00011796908802352846,0.0002425444108666852,0.00014111566997598857
1,1,0.00010270465281791985,0.99956876039505,0.0001793106785044074,0.00014913002087268978
2,2,0.0007249693153426051,0.00022932160936761647,0.9988574981689453,0.00018831774650607258
0,0,0.9993565678596497,0.00010866238153539598,0.00039958226261660457,0.00013518997002393007
0,0,0.9994471669197083,0.0001214512376463972,0.00027723656967282295,0.00015410831838380545
2,1,0.0008358313934877515,0.9988334774971008,0.00019435171270743012,0.00013632565969601274
1,1,0.000104176600871142,0.9995700716972351,0.0001897992187878117,0.00013594201300293207
1,1,8.809182327240705e-05,0.9996259212493896,0.00014248443767428398,0.00014347753312904388
2,2,0.0029586311429739,0.00023083057021722198,0.9965454936027527,0.00026501904358156025
0,0,0.9993993043899536,0.00029815328889526427,0.00017785422096494585,0.00012462621089071035
1,1,9.40136524150148e-05,0.9996122717857361,0.0001552994071971625,0.00013845361536368728
0,0,0.9993471503257751,0.0003283947007730603,0.000208461846341379,0.00011595414252951741
2,2,0.0003216332697775215,0.0033151530660688877,0.9961255192756653,0.00023765671357978135
1,1,0.00016713447985239327,0.9995383024215698,0.00015988195082172751,0.0001347284996882081
2,1,0.00011396233458071947,0.9995754361152649,0.00017189692880492657,0.00013872860290575773
0,0,0.9994966983795166,0.00014909039600752294,0.0002126033796230331,0.00014158293197397143
3,2,0.0014847031561657786,0.001245015999302268,0.9970863461494446,0.00018397397070657462
2,2,0.00040179656934924424,0.0015884301392361522,0.997740626335144,0.00026922966935671866
1,1,0.0002545430907048285,0.9992808699607849,0.0003486515488475561,0.00011586045729927719
2,2,0.0003100433386862278,0.00045239299652166665,0.9990113973617554,0.00022623412951361388
1,1,9.975986904464662e-05,0.9996045231819153,0.0001549435983179137,0.00014079725951887667
0,0,0.9994760155677795,0.00012615318701136857,0.00025469358661212027,0.0001431541022611782
1,1,0.00010733078670455143,0.9995861649513245,0.00016594397311564535,0.00014056928921490908
2,2,0.0005207860376685858,0.0002243722410639748,0.9990023970603943,0.00025244077551178634
0,2,0.0018897013505920768,0.0002701875055208802,0.9976301193237305,0.00020993217185605317
1,1,0.00023876524937804788,0.9994575381278992,0.00017267577641177922,0.00013102884986437857
0,0,0.9994710087776184,0.00012342052650637925,0.00026498487568460405,0.00014060764806345105
2,2,0.0002740666677709669,0.0003737653896678239,0.9990969896316528,0.0002551721117924899
0,0,0.9994605183601379,0.0001244718296220526,0.00026315503055229783,0.0001517888595117256
1,1,0.0011435227934271097,0.9978066086769104,0.0007587691070511937,0.00029105570865795016
2,2,0.0004052419390063733,0.00022946119133848697,0.9991089701652527,0.00025641784304752946
0,1,0.0407286211848259,0.9583414196968079,0.0005079512484371662,0.00042200571624562144
2,2,0.00030417475500144064,0.00025430391542613506,0.9991648197174072,0.0002766633697319776
1,1,0.00011491364421090111,0.9995847344398499,0.0001580780080985278,0.00014225102495402098
1,1,0.00011157718836329877,0.9995957016944885,0.00016409155796281993,0.00012864495511166751
2,1,9.987377416109666e-05,0.9995973706245422,0.00017036865756381303,0.00013244002184364945
0,1,0.00011460184759926051,0.9995999932289124,0.00016350335499737412,0.00012189325207145885
2,0,0.9994244575500488,0.00011863761028507724,0.0003352283383719623,0.0001216430973727256
1,1,0.00019692785281222314,0.9993771910667419,0.00026540891849435866,0.00016046379460021853
0,0,0.9994807839393616,0.00013793200196232647,0.0002527525066398084,0.00012861569121014327
0,0,0.9994827508926392,0.00017955858493223786,0.0002112074289470911,0.00012645927199628204
2,0,0.9490087032318115,0.04989170283079147,0.0007303627207875252,0.00036915793316438794
1,1,9.112241968978196e-05,0.9995946288108826,0.00017220410518348217,0.00014209013897925615
0,1,0.4583667814731598,0.5393469929695129,0.0013990028528496623,0.000887212110683322
2,1,9.605172090232372e-05,0.999570906162262,0.00019701261771842837,0.00013612204929813743
1,1,0.00010239880066365004,0.9996009469032288,0.00015331809117924422,0.0001433277502655983
0,0,0.999357283115387,0.00018983121844939888,0.00034341964055784047,0.00010940906940959394
0,0,0.9995063543319702,0.0001245749299414456,0.00024060973373707384,0.00012854038504883647
1,1,9.581534686731175e-05,0.9995588660240173,0.00019550375873222947,0.00014977031969465315
1,1,0.00010905069939326495,0.9995972514152527,0.00014561288116965443,0.00014815980102866888
2,2,0.0008009693119674921,0.0005123353330418468,0.9985193610191345,0.0001673690276220441
2,0,0.9994869232177734,0.00019793464161921293,0.00019295254605822265,0.00012223320663906634
0,0,0.9994346499443054,0.00012560059258248657,0.0002904173161368817,0.0001492072915425524
1,1,0.00011394585453672335,0.9995891451835632,0.00015838941908441484,0.00013854593271389604
2,2,0.0010206368751823902,0.0033262965735048056,0.995507001876831,0.0001460397761547938
2,2,0.00025150924921035767,0.0011851848103106022,0.9982265830039978,0.0003367196477483958
1,2,0.00037558417534455657,0.0003218019846826792,0.999098539352417,0.00020411601872183383
0,1,0.0014561190037056804,0.654150664806366,0.34336796402931213,0.0010251845233142376
2,1,0.0009160996996797621,0.7916876077651978,0.20638367533683777,0.0010126441484317183
0,0,0.9994449019432068,0.00014236709102988243,0.00026702386094257236,0.00014567389735020697
2,2,0.0003862628364004195,0.00023346459784079343,0.9991287589073181,0.0002515817468520254
2,2,0.0002765209646895528,0.00032666948391124606,0.9991201758384705,0.00027653915458358824
1,1,0.0001263589656446129,0.9995494484901428,0.00017158877744805068,0.0001526351843494922
0,0,0.9994966983795166,0.00015209661796689034,0.00021344017295632511,0.0001377475418848917
1,1,0.00013273452350404114,0.9995831847190857,0.00015773622726555914,0.00012630238779820502
0,0,0.9994729161262512,0.0001287899649469182,0.0002502407878637314,0.0001481249782955274
2,2,0.0003065982018597424,0.0004036881437059492,0.9990020394325256,0.0002875768986996263
0,0,0.9994677901268005,0.00011509991600178182,0.0002762915682978928,0.0001408526732120663
1,1,0.0001122889734688215,0.9995860457420349,0.0001666131429374218,0.00013503621448762715
0,0,0.9994446635246277,8.919525862438604e-05,0.0003297027142252773,0.0001364133640890941
2,2,0.48948755860328674,0.0014011472230777144,0.5084205865859985,0.0006906728376634419
1,0,0.9954996705055237,0.0008447668515145779,0.0035240687429904938,0.00013146534911356866
0,0,0.9994605183601379,0.00011517484381329268,0.0002882688713725656,0.00013607316941488534
2,2,0.00032313700648956,0.00023908140428829938,0.9991453886032104,0.00029235065449029207
1,1,9.899320139084011e-05,0.999582827091217,0.00017928172019310296,0.00013895073789171875
0,0,0.9993870258331299,0.00023338069149758667,0.00025933500728569925,0.00012025856995023787
0,2,0.0005659768939949572,0.0002071378257824108,0.9989487528800964,0.0002780711802188307
1,1,9.336948278360069e-05,0.9995459914207458,0.0002305198140675202,0.00013011756527703255
2,2,0.00030325379339046776,0.00025292078498750925,0.9991594552993774,0.0002843225665856153
1,1,0.00010254845983581617,0.9996070265769958,0.0001589488092577085,0.00013155270426068455
2,2,0.0003451816737651825,0.0004099461657460779,0.9990425705909729,0.00020226434571668506
0,0,0.9994757771492004,0.00010954869503621012,0.00026438513305038214,0.0001503353996668011
1,1,0.00014588631165679544,0.9995306730270386,0.0002019852545345202,0.00012142257764935493
2,0,0.99937504529953,9.312116162618622e-05,0.0004073374147992581,0.000124513782793656
2,2,0.0003391725476831198,0.00027063433662988245,0.9991503953933716,0.0002397691860096529
1,1,0.00010999133519362658,0.9995895028114319,0.0001549004955450073,0.0001456395402783528
0,0,0.9994839429855347,0.00013145575940143317,0.0002418752119410783,0.0001426572707714513
2,2,0.0012251014122739434,0.00031007450888864696,0.9981746673583984,0.00029017592896707356
1,1,0.00010628159361658618,0.9996161460876465,0.00014530048065353185,0.00013229658361524343
2,1,0.0012573712738230824,0.932432234287262,0.06585459411144257,0.0004557920328807086
0,1,9.928194049280137e-05,0.9995953440666199,0.0001599761744728312,0.0001453550939913839
1,2,0.0003001290315296501,0.00030485016759485006,0.9991434812545776,0.0002515331725589931
0,0,0.9994962215423584,9.816608508117497e-05,0.0002645110944285989,0.00014113730867393315
2,0,0.985221803188324,0.013805833645164967,0.0007397268200293183,0.0002326866815565154
2,2,0.00036029188777320087,0.0003365738084539771,0.9990682005882263,0.00023493882326874882
0,0,0.9994582533836365,0.00010799383744597435,0.00029943836852908134,0.00013430695980787277
1,2,0.0003136999439448118,0.00047473006998188794,0.9989916682243347,0.00021992438996676356
0,0,0.999440610408783,0.00011172267113579437,0.00030564158805646,0.00014208680659066886
0,0,0.9995266199111938,0.00010420465696370229,0.00023415795294567943,0.00013502160436473787
0,0,0.9994889497756958,0.00011155528045492247,0.0002640550083015114,0.00013539291103370488
0,0,0.9994986057281494,0.0001391940750181675,0.0002162481687264517,0.00014587205077987164
2,2,0.0002711019478738308,0.001143513130955398,0.9983429908752441,0.00024237495381385088
1,1,9.687348938314244e-05,0.9995765089988708,0.00018967397045344114,0.00013685488374903798
0,0,0.9994572997093201,0.00012497421994339675,0.0002650474780239165,0.0001525745465187356
2,2,0.0009046318009495735,0.00027689122362062335,0.9984945058822632,0.0003239407087676227
1,1,0.00024166112416423857,0.9993252754211426,0.0002859072119463235,0.0001471496798330918
0,0,0.9994807839393616,0.00012092251563444734,0.00024642469361424446,0.00015188344696071
2,2,0.0004033893928863108,0.000252951547736302,0.9990847110748291,0.00025890395045280457
1,1,9.222723747370765e-05,0.9995842576026917,0.00017818169726524502,0.0001453771983506158
1,0,0.9994664788246155,0.00010418954479973763,0.00029199395794421434,0.00013732929073739797
2,2,0.0016927520046010613,0.019240928813815117,0.9787148237228394,0.0003514372801873833
0,0,0.999297022819519,0.00035728857619687915,0.00022140558576211333,0.00012424288433976471
2,1,0.0001056623223121278,0.9995887875556946,0.0001668936456553638,0.00013873388525098562
1,0,0.9987598657608032,0.0009034335380420089,0.00018167243979405612,0.00015499025175813586
0,0,0.9994686245918274,0.00017376118921674788,0.00021364350686781108,0.0001440220366930589
1,1,0.00011836532939923927,0.9995766282081604,0.00016426833462901413,0.0001407295640092343
0,0,0.9994804263114929,0.00011064251157222316,0.00026874657487496734,0.0001401316112605855
2,0,0.999398946762085,0.0001268659980269149,0.00035571676562540233,0.00011838187492685392
1,1,0.00010054133599624038,0.9996026158332825,0.00015389420150313526,0.0001430215925211087
2,2,0.0002844031259883195,0.00032969325548037887,0.9990785121917725,0.00030733365565538406
0,0,0.999359667301178,0.000332457828335464,0.0001886693644337356,0.00011913341586478055
0,0,0.9994449019432068,0.00011746502423193306,0.00029439819627441466,0.00014317233581095934
2,2,0.00708219688385725,0.0004504713579080999,0.9922428727149963,0.00022447152878157794
1,1,0.00010224271682091057,0.9996145963668823,0.00015583285130560398,0.00012726240674965084
1,2,0.0004953279276378453,0.003982589114457369,0.9952567219734192,0.0002653860719874501
2,2,0.0002986972394865006,0.0014634177787229419,0.9980289340019226,0.00020888133440166712
0,0,0.9975534081459045,0.0020415340550243855,0.0002891155600082129,0.00011593039380386472
1,1,0.00010200623364653438,0.9995954632759094,0.00015471925144083798,0.00014781940262764692
0,0,0.999512791633606,0.00011380836076568812,0.00022962180082686245,0.00014377987827174366
0,2,0.00043030313099734485,0.0003625586396083236,0.9989836812019348,0.00022341764997690916
2,2,0.00041368367965333164,0.0001961570087587461,0.9991088509559631,0.0002813850005622953
1,1,0.00015811141929589212,0.9991154074668884,0.0005785776302218437,0.00014788485714234412
0,0,0.9994589686393738,0.00012116078869439662,0.00027316194609738886,0.00014670149539597332
2,1,0.00010121012019226328,0.9996090531349182,0.00014726743393111974,0.00014255310816224664
1,2,0.0002654898853506893,0.007257196586579084,0.9921144247055054,0.00036291207652539015
0,0,0.9994797110557556,0.00011461975373094901,0.00026219687424600124,0.00014341755013447255
0,0,0.9993516802787781,0.00012270637671463192,0.0003808250476140529,0.0001447240065317601
2,2,0.0003228644491173327,0.006823450326919556,0.9925411939620972,0.00031241774559020996
1,1,7.942521187942475e-05,0.9995443224906921,0.00021852592180948704,0.0001576099602971226
1,1,0.00012485483603086323,0.9995457530021667,0.0001969742152141407,0.0001323378673987463
0,0,0.9994826316833496,0.00011792651639552787,0.00025300789275206625,0.00014642890891991556
0,0,0.9994826316833496,0.00011792651639552787,0.00025300789275206625,0.00014642890891991556
0,0,0.9995080232620239,9.823223808780313e-05,0.0002554819220677018,0.00013824841880705208
0,0,0.9994997978210449,0.00011060224642278627,0.000250727724051103,0.0001388756063533947
1,1,0.00011127581092296168,0.9995096921920776,0.00021057155390735716,0.00016843264165800065
1,1,0.00014016554632689804,0.9995794892311096,0.00014859325892757624,0.00013179797679185867
2,2,0.0005091781495139003,0.00019984001119155437,0.9989996552467346,0.0002913059142883867
0,0,0.9994713664054871,0.0001095430925488472,0.0002755922614596784,0.00014349733828566968
2,2,0.0005172934615984559,0.0002510547055862844,0.9989991784095764,0.00023242314637172967
1,1,9.745275019668043e-05,0.9996111989021301,0.0001547324500279501,0.00013669149484485388
0,0,0.9994630217552185,9.252243035007268e-05,0.0003187060938216746,0.00012574232823681086
0,0,0.9994755387306213,0.0001121485693147406,0.0002667683584149927,0.0001456054305890575
1,1,8.610089571448043e-05,0.9996169805526733,0.00015856249956414104,0.00013838248560205102
2,2,0.0018872292712330818,0.0028478135354816914,0.9951190948486328,0.00014584983000531793
1,1,9.245213732356206e-05,0.9996269941329956,0.00014348466356750578,0.00013699590635951608
2,1,8.823750977171585e-05,0.9989660978317261,0.0007562148966826499,0.00018945042393170297
0,2,0.0010270442580804229,0.002467692131176591,0.9963515996932983,0.00015364904538728297
1,1,9.066099300980568e-05,0.9990922212600708,0.0006539913592860103,0.00016311791841872036
0,2,0.000418811512645334,0.00023881772358436137,0.9991157650947571,0.00022663245908915997
0,0,0.9994828701019287,9.767339361133054e-05,0.0002829331497196108,0.00013644721184391528
2,1,0.00010029679106082767,0.999583899974823,0.00019158660143148154,0.00012419026461429894
1,1,0.00028412058600224555,0.9994194507598877,0.00017656697309575975,0.00011987188190687448
0,0,0.9994922876358032,0.0001278763811569661,0.0002482141717337072,0.00013159369700588286
2,1,0.00024577174917794764,0.9957626461982727,0.0037947872187942266,0.0001967558346223086
1,1,8.59189240145497e-05,0.9996060729026794,0.00015927762433420867,0.00014866072160657495
0,2,0.0006914514233358204,0.0005399857182055712,0.9985994696617126,0.000169206818100065
2,1,0.00010488551924936473,0.9995942711830139,0.00017560245760250837,0.00012527989747468382
1,1,0.00011894154886249453,0.9995482563972473,0.0001965095871128142,0.00013634635251946747
0,2,0.0008365610265173018,0.0007555237389169633,0.9982530474662781,0.00015488502685911953
1,0,0.9957947731018066,0.0037068312522023916,0.0003060837625525892,0.00019231144688092172
0,2,0.038218751549720764,0.0006894204998388886,0.9605724215507507,0.0005193500546738505
2,2,0.0002863241243176162,0.00032586301676928997,0.9991022348403931,0.0002856019709724933
1,1,0.00011901212565135211,0.9995864033699036,0.00016492795839440078,0.00012964359484612942
0,0,0.9994783997535706,0.00011892574548255652,0.00025461113546043634,0.0001481353974668309
0,0,0.999477207660675,0.00010391698015155271,0.0002710114058572799,0.0001478406775277108
1,1,0.00015174184227362275,0.9995493292808533,0.0001564435806358233,0.0001425429800292477
2,0,0.9989663362503052,0.00010732255032053217,0.0007908523548394442,0.00013554867473430932
0,1,0.0001311312516918406,0.9994290471076965,0.00026304437778890133,0.00017676662537269294
0,2,0.0004250068450346589,0.0017100021941587329,0.9976796507835388,0.00018527173961047083
2,1,0.00033297910704277456,0.9823785424232483,0.016907358542084694,0.0003810268244706094
2,1,6.618430779781193e-05,0.9995735287666321,0.0002093892398988828,0.0001509005669504404
2,2,0.00038683065213263035,0.0002840250381268561,0.9990910291671753,0.00023810887068975717
0,0,0.9995167255401611,0.00012872782826889306,0.00023116337251849473,0.0001233694638358429
1,2,0.0002230993122793734,0.0013310243375599384,0.9981655478477478,0.0002803442475851625
2,2,0.00031452206894755363,0.00022067493409849703,0.9991550445556641,0.0003097234875895083
1,0,0.9994750618934631,0.00013572792522609234,0.00025260960683226585,0.00013669647159986198
0,0,0.9989587068557739,0.0002310951385879889,0.0007007172680459917,0.0001095316038117744
0,0,0.9994770884513855,0.00012469156354200095,0.00024933472741395235,0.0001489015994593501
2,1,0.00010507264960324392,0.9996200799942017,0.00014415533223655075,0.00013076639152131975
2,0,0.9932124614715576,0.0002447851584292948,0.006295668426901102,0.00024703744566068053
1,1,0.00011847104178741574,0.9995939135551453,0.00015436690591741353,0.0001332742685917765
2,0,0.9993935823440552,0.00017297112208325416,0.0003194425371475518,0.00011405107943573967
0,0,0.9994668364524841,0.00012187480751890689,0.00026689606602303684,0.000144415142131038
1,2,0.00040232244646176696,0.00031956759630702436,0.9990098476409912,0.00026826959219761193
2,0,0.9927932024002075,0.0005740092019550502,0.006431094370782375,0.00020169399795122445
0,0,0.9994762539863586,0.0001035114546539262,0.00027445924933999777,0.00014574668603017926
2,2,0.00031224204576574266,0.0003820333513431251,0.9990721940994263,0.0002335157332709059
1,2,0.0003102146729361266,0.0002952679933514446,0.9991488456726074,0.0002457030350342393
1,1,0.00036648314562626183,0.9980802536010742,0.0009566964581608772,0.0005965401651337743
0,0,0.9994823932647705,0.00012120719475205988,0.0002477888483554125,0.00014848903811071068
1,1,0.00011514716607052833,0.9995805621147156,0.00017170888895634562,0.00013267621397972107
2,2,0.00046804448356851935,0.0002564013993833214,0.9990183115005493,0.0002571939257904887
2,2,0.0003442083252593875,0.00027486588805913925,0.9991241097450256,0.00025687526795081794
1,2,0.0010394705459475517,0.00030771459569223225,0.9984468817710876,0.00020595124806277454
0,0,0.9994807839393616,0.0001106972194975242,0.00026266215718351305,0.00014586553152184933
2,1,0.00012122909538447857,0.9995570778846741,0.00019631256873253733,0.00012537109432742
1,1,0.00010700205893954262,0.9995952248573303,0.00016422345652244985,0.00013360404409468174
0,0,0.9994685053825378,0.00012216488539706916,0.0002686949446797371,0.00014066993026062846
2,2,0.0003939117304980755,0.0002950656635221094,0.9990662932395935,0.0002448451123200357
1,2,0.000978314084932208,0.0008897840161807835,0.9978817105293274,0.00025015376741066575
0,0,0.999454915523529,0.00011872169852722436,0.0002760572824627161,0.0001503133389633149
1,1,0.00043408290366642177,0.9992827773094177,0.00015853834338486195,0.00012460420839488506
2,2,0.0006335636135190725,0.00027437583776190877,0.998880922794342,0.0002110488567268476
0,0,0.9994812607765198,0.00013355034752748907,0.00024322218087036163,0.00014206819469109178
1,1,0.00010823954653460532,0.9995927214622498,0.00016886918456293643,0.00013017577293794602
2,2,0.00036435641231946647,0.00027030310593545437,0.9991063475608826,0.0002589893410913646
0,0,0.999500036239624,0.00011662860197247937,0.00024139702145475894,0.0001419204199919477
0,0,0.9994837045669556,0.00014481644029729068,0.00024046046019066125,0.00013098680938128382
2,2,0.00044811947736889124,0.0009135871659964323,0.9984728693962097,0.00016536521434318274
1,0,0.9994789958000183,0.0001352735998807475,0.00025068112881854177,0.00013504724483937025
1,1,0.0001339384471066296,0.9995706677436829,0.00015137478476390243,0.0001440243941033259
2,2,0.00029864575481042266,0.0003782838466577232,0.9990967512130737,0.00022640454699285328
0,0,0.9994727969169617,0.00010882115020649508,0.0002696849696803838,0.0001487898116465658
1,1,9.150696860160679e-05,0.9995859265327454,0.00018952530808746815,0.00013309766654856503
0,0,0.9994256496429443,0.00011986221943516284,0.00033181995968334377,0.00012274798064026982
2,2,0.00041518735815770924,0.0002587478084024042,0.9991040825843811,0.00022193546465132385
2,1,0.0008126331376843154,0.8736704587936401,0.12472762167453766,0.0007892822613939643
0,0,0.9994961023330688,0.0001232416689163074,0.0002431416214676574,0.00013744972238782793
1,1,0.00011431453458499163,0.9995989203453064,0.0001531292946310714,0.00013369426596909761
2,1,0.00023978929675649852,0.9991274476051331,0.00032902619568631053,0.00030366776627488434
0,0,0.9994491934776306,0.0001303686440223828,0.00026840981445275247,0.00015195833111647516
1,1,0.00011304535291856155,0.9995922446250916,0.0001595970243215561,0.0001351702812826261
1,1,0.00011671288666548207,0.9994681477546692,0.0003041733871214092,0.00011092291970271617
0,0,0.9995013475418091,0.00011651302338577807,0.00024981918977573514,0.00013232279161456972
2,2,0.00382816419005394,0.008644434623420238,0.9873450398445129,0.00018231217109132558
1,1,0.00012254880857653916,0.9996030926704407,0.00015490675286855549,0.00011946339509449899
0,0,0.9994786381721497,0.00015404794248752296,0.0002452814078424126,0.00012205735401948914
2,2,0.00027949217474088073,0.0003792429924942553,0.9990894794464111,0.00025181189994327724
2,0,0.9992623925209045,9.518055594526231e-05,0.0005045931902714074,0.00013787280477117747
0,0,0.9994310736656189,0.00013710942585021257,0.00027871321071870625,0.00015312957111746073
1,1,0.00010798171570058912,0.9995519518852234,0.0001910253195092082,0.0001490422000642866
0,0,0.9994974136352539,0.0001809426030376926,0.000193940635654144,0.0001276412804145366
2,0,0.993999719619751,0.004661270882934332,0.0012231845175847411,0.00011580518912523985
1,1,0.00010284573363605887,0.9995872378349304,0.0001716052502160892,0.000138382165459916
0,0,0.9994279742240906,0.00011458672815933824,0.0003091859689448029,0.00014821866352576762
2,1,0.00010312044469173998,0.9996111989021301,0.00015424979210365564,0.00013143286923877895
1,1,9.62413105298765e-05,0.999616265296936,0.0001584608107805252,0.0001290726795559749
2,1,0.0010506368707865477,0.5838110446929932,0.41402891278266907,0.001109435921534896
0,0,0.9994634985923767,0.00013382054748944938,0.00025162380188703537,0.00015104663907550275
1,1,9.569108806317672e-05,0.9995934367179871,0.00018163584172725677,0.0001292516681132838
0,0,0.999466598033905,0.00011632134555839002,0.00027222363860346377,0.0001447962858946994
2,2,0.00029826423269696534,0.00026565740699879825,0.9991211295127869,0.0003149232070427388
1,1,0.00010563850810285658,0.9996217489242554,0.00014031190949026495,0.0001322753814747557
0,0,0.9992521405220032,0.00010336524428566918,0.0005161169683560729,0.00012834210065193474
1,1,0.00012893747771158814,0.9995866417884827,0.00015733623877167702,0.0001271217770408839
2,2,0.0003898342838510871,0.0005769060808233917,0.9988341927528381,0.00019902567146345973
0,1,0.0023039442021399736,0.9972359538078308,0.0003226437547709793,0.00013753444363828748
3,1,8.11658101156354e-05,0.9995121955871582,0.00026134063955396414,0.00014522192941512913
2,0,0.9923514723777771,0.0001366040378343314,0.007262427359819412,0.0002494992222636938
1,1,0.00017526182637084275,0.9993472695350647,0.00032210443168878555,0.0001552985340822488
0,0,0.9993440508842468,0.0003048836952075362,0.00021602983179036528,0.00013510270218830556
2,1,0.00011351471039233729,0.9996004700660706,0.0001382270420435816,0.0001477385376347229
0,0,0.9995259046554565,0.00010092864249600098,0.00023504665296059102,0.00013810591190122068
1,1,7.83576542744413e-05,0.999583899974823,0.00019128300482407212,0.00014640044537372887
1,2,0.003347999881953001,0.00034302976564504206,0.9961233735084534,0.00018560687021818012
0,0,0.9994557499885559,0.00013429459067992866,0.0002718237810768187,0.0001381669717375189
2,2,0.0005162117886357009,0.0002636687713675201,0.9990135431289673,0.0002064548752969131
1,1,0.00010086375550599769,0.9995284080505371,0.00022863615595269948,0.0001421185297658667
1,1,0.00016527250409126282,0.9995256662368774,0.00017752997518982738,0.00013149407459422946
2,2,0.00033795280614867806,0.00024801920517347753,0.9991244673728943,0.0002895742072723806
0,0,0.9995110034942627,0.00012490359949879348,0.0002460857213009149,0.00011804643145296723
2,0,0.999498724937439,0.00013831464457325637,0.0002391855523455888,0.00012378738028928638
1,1,9.951636457117274e-05,0.9996039271354675,0.00015945768973324448,0.00013717683032155037
2,2,0.00048308202531188726,0.00022935893503017724,0.9990333318710327,0.0002543230657465756
2,2,0.00023368682013824582,0.0007704473100602627,0.9986664056777954,0.00032947835279628634
1,1,0.0001148911687778309,0.9995055198669434,0.00024442048743367195,0.0001351577666355297
0,0,0.9994255304336548,0.00010350492084398866,0.00032494854531250894,0.0001460495695937425
1,1,0.00010517446207813919,0.9994528889656067,0.0002999134885612875,0.0001419655600329861
0,0,0.9992844462394714,0.0003758719249162823,0.0002150758809875697,0.00012471212539821863
2,1,0.00010846308578038588,0.9995367527008057,0.00020302162738516927,0.00015184284711722285
0,0,0.9994625449180603,0.0001186533336294815,0.0002735884045250714,0.00014523770369123667
1,1,0.00013152678729966283,0.9995273351669312,0.00018826764426194131,0.00015286181587725878
2,2,0.00043977692257612944,0.00038583087734878063,0.9989618062973022,0.0002125516184605658
1,2,0.0005768718547187746,0.00021714165632147342,0.9989769458770752,0.0002290504489792511
2,2,0.00027413794305175543,0.0008114327793009579,0.9987078905105591,0.00020645491895265877
0,0,0.9994970560073853,0.00012240861542522907,0.00023629983479622751,0.00014427895075641572
1,1,0.00010825958452187479,0.9995976090431213,0.00015404100122395903,0.00014018506044521928
0,0,0.9995067119598389,0.00012405842426232994,0.00023282127222046256,0.00013637826486956328
2,2,0.0002863275876734406,0.00024935996043495834,0.9991656541824341,0.00029871962033212185
2,1,0.00014906750584486872,0.999528169631958,0.00019452767446637154,0.00012824295845348388
1,1,0.00010635732905939221,0.9995951056480408,0.00016934903396759182,0.00012912400416098535
0,0,0.9995237588882446,0.00012040894944220781,0.00022069911938160658,0.00013522495282813907
0,0,0.999504804611206,0.00013552955351769924,0.00023078439699020237,0.00012883781164418906
2,2,0.0002989075146615505,0.00028115641907788813,0.9991449117660522,0.00027496027178131044
1,1,0.00012329402670729905,0.9995563626289368,0.00018616183660924435,0.00013414490967988968
2,1,0.00011034853378077969,0.9995644688606262,0.00020452967146411538,0.00012057967251166701
2,2,0.0003269488224759698,0.0002308543334947899,0.9991443157196045,0.0002978566917590797
1,1,0.00012859547859989107,0.9995513558387756,0.0001744518958730623,0.00014557621034327894
2,2,0.000332801544573158,0.0002904865250457078,0.9991334080696106,0.0002433658082736656
0,0,0.9994767308235168,0.00012707374116871506,0.00025099681806750596,0.00014521053526550531
1,1,0.0001223024446517229,0.9996086955070496,0.00013861960906069726,0.00013039416808169335
0,0,0.999481737613678,0.00011957449896726757,0.00027649020194076,0.00012217207404319197
2,1,9.572788985678926e-05,0.999302864074707,0.0004693548835348338,0.00013193614722695202
1,1,0.0001528434659121558,0.9995912909507751,0.0001399367902195081,0.00011589910718612373
2,1,8.571553189540282e-05,0.999432384967804,0.00033827597508206964,0.00014362249930854887
1,1,0.04459944739937782,0.9544143080711365,0.0004477325128391385,0.0005385397234931588
0,0,0.9994949102401733,0.00014494048082269728,0.00022983392409514636,0.00013023654173593968
0,2,0.0003214138268958777,0.00034013265394605696,0.9991094470024109,0.00022899347823113203
0,0,0.9994811415672302,0.00011861073289765045,0.00025578512577340007,0.00014441004896070808
1,1,8.739381155464798e-05,0.9995833039283752,0.00018462000298313797,0.00014465569984167814
0,0,0.999483585357666,0.0001162432599812746,0.0002595052937977016,0.0001406877563567832
2,2,0.00031702526030130684,0.00024992067483253777,0.9991705417633057,0.0002625200431793928
1,1,0.00010682673746487126,0.9996015429496765,0.0001491982111474499,0.00014235627895686775
3,1,0.44290977716445923,0.554058849811554,0.0013326916377991438,0.0016986761474981904
0,0,0.9646991491317749,0.0006419956334866583,0.03428270295262337,0.00037614244502037764
1,0,0.9994786381721497,0.0001434031582903117,0.00024787464644759893,0.0001302017772104591
2,2,0.0003074505948461592,0.0003460728330537677,0.9991099238395691,0.0002365654072491452
1,1,0.0001051594881573692,0.9996098875999451,0.0001512970047770068,0.0001336577406618744
0,1,0.36977100372314453,0.6276254057884216,0.001234372379258275,0.001369262463413179
1,1,0.00011837521742563695,0.9995571970939636,0.0001973677717614919,0.00012705112749245018
2,0,0.9987342953681946,0.00011145596363348886,0.0010388462105765939,0.00011538799299160019
0,0,0.9982308745384216,0.000379494100343436,0.001201016828417778,0.00018859990814235061
0,0,0.9995130300521851,0.00015043494931887835,0.00020668853539973497,0.00012978610175196081
2,2,0.002702085068449378,0.0003244070103392005,0.9967842102050781,0.00018924479081761092
2,2,0.00027853925712406635,0.00026782849454320967,0.9991760849952698,0.0002775226894300431
1,1,9.582475468050689e-05,0.9996150732040405,0.0001532917667645961,0.0001357685832772404
0,0,0.9994828701019287,0.0001277297706110403,0.00023805032833479345,0.00015132539556361735
2,2,0.0005881944089196622,0.10437101870775223,0.8938393592834473,0.0012014880776405334
0,0,0.8999302387237549,0.009267137385904789,0.09026123583316803,0.0005413336912170053
1,1,8.942148269852623e-05,0.9996115565299988,0.0001547136198496446,0.00014429631119128317
2,1,9.638536721467972e-05,0.9995785355567932,0.00015456619439646602,0.0001705712784314528
1,1,0.00014549562183674425,0.9994390606880188,0.0002458606904838234,0.00016948771371971816
0,0,0.9995049238204956,0.000171520616277121,0.00019569056166801602,0.00012790628534276038
1,1,0.00021071152877993882,0.9994971752166748,0.0001578356750542298,0.0001342668547295034
2,2,0.000543460831977427,0.002290057484060526,0.9969567060470581,0.000209737045224756
0,0,0.9994997978210449,0.00016873580170795321,0.0001944055111380294,0.0001370477257296443
1,1,0.00010432728595333174,0.9996088147163391,0.00014692680269945413,0.00014004325203131884
2,2,0.0003270868619438261,0.00022227557201404124,0.9991505146026611,0.00030011998023837805
1,0,0.9995131492614746,0.00011752682621590793,0.00024367620062548667,0.00012563967902678996
0,0,0.9995046854019165,0.00010394342825748026,0.00025204941630363464,0.00013932891306467354
0,0,0.9994537234306335,0.00014836317859590054,0.0002561340224929154,0.0001417154271621257
1,1,0.00010969599679810926,0.9995825886726379,0.00018416107923258096,0.00012354148202575743
2,2,0.0002894207718782127,0.0003603703517001122,0.9991056323051453,0.0002445591089781374
2,2,0.0005052666529081762,0.00038824891089461744,0.9989199638366699,0.00018653363804332912
1,1,0.0001329476071987301,0.9995811581611633,0.000132217159261927,0.00015376927331089973
0,0,0.9994951486587524,0.00011814480239991099,0.00024549351655878127,0.00014121645654086024
0,0,0.9995157718658447,0.00011368091509211808,0.00022669744794256985,0.00014375822502188385
1,1,0.00012713989417534322,0.9995631575584412,0.000176592031493783,0.00013311101065482944
0,0,0.9995222091674805,0.0001051353247021325,0.00023970702022779733,0.00013294116070028394
2,1,0.0001532568858237937,0.9993695616722107,0.0003393676597625017,0.00013781357847619802
3,2,0.0002271331031806767,0.0007090384024195373,0.9987651109695435,0.0002987288753502071
0,0,0.9994515776634216,0.0001197587262140587,0.00027552375104278326,0.00015306963177863508
2,2,0.00032529543386772275,0.00025216140784323215,0.9991594552993774,0.00026316233561374247
1,1,0.00016358595166821033,0.9992735981941223,0.00035191906499676406,0.00021084447507746518
0,0,0.9994613528251648,0.0001152641634689644,0.00028590307920239866,0.0001374602725263685
2,1,0.00020850526925642043,0.9995219707489014,0.0001607804006198421,0.00010879133333219215
1,1,0.00011832729069283232,0.9995813965797424,0.00016890413826331496,0.00013138771464582533
2,1,0.00010020540503319353,0.9993914365768433,0.00037411542143672705,0.00013431157276500016
0,0,0.9994409680366516,0.00012511431123130023,0.00028421421302482486,0.00014973767974879593
2,2,0.0002079117257380858,0.0006099727470427752,0.9989080429077148,0.0002740616037044674
1,1,8.942545537138358e-05,0.9996045231819153,0.00017265044152736664,0.00013343567843548954
2,2,0.0005011954344809055,0.00020308232342358679,0.9990397095680237,0.00025600986555218697
0,0,0.9994040727615356,0.00027853186475113034,0.0001854797883424908,0.00013191779726184905
1,1,0.00010994236072292551,0.9996057152748108,0.0001457807229598984,0.00013861877960152924
0,0,0.9994751811027527,0.0001199747493956238,0.00025902315974235535,0.00014587251644115895
2,2,0.0003424463211558759,0.0002474786597304046,0.99915611743927,0.00025401831953786314
1,1,9.63751008384861e-05,0.9995825886726379,0.00018453782831784338,0.00013655312068294734
1,1,0.00011592098599066958,0.9995817542076111,0.00015547634393442422,0.00014682729670312256
0,0,0.9994468092918396,0.00012345403956715018,0.0002831129531841725,0.0001466324320062995
0,0,0.9994064569473267,0.00011555146193131804,0.00034835186670534313,0.00012968132796231657
0,0,0.9994858503341675,0.00011938357056351379,0.00024688956909812987,0.00014785141684114933
1,1,0.00011096139496657997,0.9996117949485779,0.00014396192273125052,0.00013338944700080901
2,1,0.00010302249575033784,0.9995936751365662,0.0001690393255557865,0.0001343286276096478
2,0,0.9994897842407227,0.0001227956818183884,0.00024619061150588095,0.00014120196283329278
1,1,0.0001015143861877732,0.9995334148406982,0.00023202065494842827,0.00013313040835782886
0,0,0.9995094537734985,0.00011607057240325958,0.00022583203099202365,0.00014873043983243406
0,0,0.5844180583953857,0.27725842595100403,0.13654892146587372,0.0017746519297361374
2,2,0.0005437166546471417,0.0006345012225210667,0.9986390471458435,0.00018275123147759587
1,1,0.00010707161709433421,0.999464213848114,0.0002907626039814204,0.00013796707207802683
0,0,0.9994776844978333,0.0001245260937139392,0.00026118013192899525,0.00013666998711414635
1,1,0.00010895521700149402,0.9995891451835632,0.00015671769506298006,0.00014514115173369646
0,0,0.9994845390319824,0.00013472307182382792,0.00025680381804704666,0.00012391366180963814
0,0,0.999471127986908,0.00012003000301774591,0.000258889514952898,0.00014999430277384818
2,2,0.00034506130032241344,0.00031776606920175254,0.999099612236023,0.00023763043282087892
1,0,0.9994852542877197,0.00014194552204571664,0.0002364485408179462,0.0001364138297503814
1,0,0.9993699193000793,0.00019236387743148953,0.0003313204797450453,0.00010646456939866766
2,1,0.0002901499974541366,0.9993816614151001,0.00018619091133587062,0.00014199742872733623
0,0,0.9994762539863586,0.0001291048392886296,0.00024867625324986875,0.00014598679263144732
0,0,0.9995110034942627,0.00012675300240516663,0.00022766047914046794,0.00013451250561047345
1,1,0.00011050575267290697,0.9994338154792786,0.000319642829708755,0.00013611468602903187
0,0,0.997046172618866,0.00013098576164338738,0.0026793512515723705,0.00014344515511766076
1,2,0.006094577722251415,0.00016847933875396848,0.9933913946151733,0.00034557055914774537
0,0,0.9994694590568542,0.00010896513413172215,0.00029193583759479225,0.00012965833593625575
1,0,0.9994390606880188,0.00010618101805448532,0.0003226631670258939,0.00013210673932917416
0,0,0.9994934797286987,0.0001152723707491532,0.0002469366881996393,0.00014424859546124935
1,1,0.00010820770694408566,0.9996017813682556,0.000152551059727557,0.00013746359036304057
2,2,0.0003175405436195433,0.0004000063636340201,0.9990504384040833,0.0002319848572369665
0,0,0.9994779229164124,0.00012046738993376493,0.0002575535618234426,0.00014405649562831968
2,2,0.00030997523572295904,0.00024782863329164684,0.9991815686225891,0.0002606819907668978
1,1,0.00011773702135542408,0.9996091723442078,0.0001408091775374487,0.00013221493281889707
0,0,0.9988419413566589,0.0006570779951289296,0.0003575970185920596,0.00014346963143907487
1,1,0.00010762690362753347,0.9996042847633362,0.00016087952826637775,0.00012730697926599532
2,1,0.0001007771206786856,0.9995855689048767,0.00016767322085797787,0.00014591285435017198
2,1,0.0002735070011112839,0.9994206428527832,0.00014980003470554948,0.0001561085373396054
1,1,0.002967222360894084,0.9897168278694153,0.007170157507061958,0.0001458636106690392
0,0,0.9994440674781799,0.00011473322956589982,0.00029349306714721024,0.00014774035662412643
0,0,0.9994826316833496,0.00011451497994130477,0.00026227766647934914,0.00014059466775506735
2,1,9.080488962354138e-05,0.9996115565299988,0.00015328302106354386,0.0001444236550014466
1,1,9.387332829646766e-05,0.999581515789032,0.0001619461691007018,0.00016262124700006098
1,1,0.00010188170563196763,0.9994831085205078,0.00028146544354967773,0.00013357530406210572
2,2,0.00033359607914462686,0.0002808627614285797,0.9991348385810852,0.0002507093013264239
0,0,0.9995051622390747,0.00010486297105671838,0.00025492170243524015,0.00013510335702449083
1,1,0.00010612323239911348,0.9995850920677185,0.00017385571845807135,0.00013493464211933315
0,0,0.9995235204696655,0.00012858906120527536,0.00020843460515607148,0.00013946741819381714
3,0,0.9994882345199585,0.0001633116480661556,0.00022933977015782148,0.00011908820306416601
3,1,0.0002234984713140875,0.9994927644729614,0.00016482541104778647,0.00011895105853909627
2,2,0.00052997114835307,0.0002113204391207546,0.9989957213401794,0.00026295389398001134
0,0,0.999414324760437,0.00015061716840136796,0.0002858923398889601,0.00014912729966454208
0,0,0.9995110034942627,0.00015692155284341425,0.00021165781072340906,0.0001204169457196258
2,1,0.00012202724610688165,0.9995542168617249,0.00020799699996132404,0.00011567948968149722
3,0,0.999363362789154,9.416662942385301e-05,0.0004220875562168658,0.00012042728485539556
0,0,0.9992382526397705,0.00011147392069688067,0.0005208831862546504,0.00012934555707033724
1,1,8.906272705644369e-05,0.9995408058166504,0.00020655062689911574,0.0001635936350794509
0,1,0.21991178393363953,0.7322751879692078,0.04706179350614548,0.0007512207957915962
1,0,0.9993867874145508,0.00024281982041429728,0.0002569803036749363,0.00011336160969221964
2,0,0.5223343372344971,0.47430774569511414,0.002616479294374585,0.0007414835272356868
0,0,0.9995042085647583,0.00011394410830689594,0.00023908287403173745,0.00014275773719418794
1,1,0.00012753317423630506,0.9995637536048889,0.00017134170047938824,0.00013743332237936556
0,0,0.9994878768920898,0.00012996949953958392,0.00024191469128709286,0.0001403123897034675
2,2,0.00027478887932375073,0.00023523360141552985,0.999164342880249,0.00032566359732300043
0,0,0.999472439289093,0.00010295520769432187,0.0002746139944065362,0.00015001480642240494
1,1,0.00012566296209115535,0.9995039701461792,0.00023613117809873074,0.00013432951527647674
2,1,0.0005193583201617002,0.9985272884368896,0.000728549319319427,0.0002247781230835244
0,0,0.9994851350784302,0.0001088964199880138,0.00026699743466451764,0.0001389504031976685
1,1,0.00010226620361208916,0.9991245865821838,0.0005718787433579564,0.00020123344438616186
2,2,0.00041365792276337743,0.00031940292683430016,0.9990418553352356,0.00022505209199152887
2,1,8.607999188825488e-05,0.999599277973175,0.000179236798430793,0.00013541843509301543
0,0,0.9994761347770691,0.0001730801013763994,0.00023320969194173813,0.0001176824007416144
1,1,9.515142301097512e-05,0.9996121525764465,0.00015624510706402361,0.0001364389609079808
1,1,0.0001583834527991712,0.9995562434196472,0.0001645236770855263,0.0001207941459142603
2,2,0.00040443200850859284,0.0003269376466050744,0.9990196228027344,0.00024901225697249174
3,2,0.001490770373493433,0.0002411802561255172,0.9980360865592957,0.00023203526507131755
1,0,0.9994972944259644,0.0001399105676682666,0.00022816793352831155,0.00013460188347380608
0,2,0.0005951910861767828,0.00026225781766697764,0.9989266991615295,0.00021584509522654116
2,2,0.0042890035547316074,0.06593336164951324,0.9293777346611023,0.0003999069449491799
2,2,0.00030724788666702807,0.00029072590405121446,0.9991264939308167,0.00027545541524887085
0,0,0.9991475343704224,0.00041957179200835526,0.0003290911845397204,0.00010376794671174139
3,1,0.00011564831947907805,0.9994403719902039,0.00030918477568775415,0.00013474254228640348
1,1,0.0013451208360493183,0.8549896478652954,0.14299240708351135,0.000672751571983099
0,0,0.9994567036628723,0.00011368894047336653,0.0002797079796437174,0.00014982243010308594
2,0,0.9989944100379944,0.00015759958478156477,0.0007363632321357727,0.00011165565229021013
2,2,0.0005078620743006468,0.0002831766614690423,0.9989417195320129,0.00026721361791715026
0,2,0.002262599067762494,0.00021519332949537784,0.9972760081291199,0.0002462516422383487
2,1,0.000220329879084602,0.9980189800262451,0.0016090795397758484,0.000151517175254412
0,0,0.9988547563552856,8.806425466900691e-05,0.0009279523510485888,0.0001292702800128609
2,1,9.005102037917823e-05,0.9996089339256287,0.00017161667346954346,0.0001293698587687686
1,2,0.0008638386498205364,0.03579552471637726,0.9627975821495056,0.0005431327736005187
1,1,0.00014245229249354452,0.999560534954071,0.0001742456661304459,0.0001227540196850896
0,0,0.9995142221450806,0.0001406551746185869,0.0002241479087388143,0.00012105522182537243
2,2,0.00028812134405598044,0.00031229437445290387,0.9991576671600342,0.00024189540999941528
2,2,0.0003030294319614768,0.00024724003742448986,0.9991793036460876,0.0002703802892938256
1,1,0.00015113982954062521,0.9983590245246887,0.0013021576451137662,0.00018773025658447295
0,0,0.9994598031044006,0.00010539909999351948,0.0002993903181049973,0.0001354239648208022
1,1,8.218421862693503e-05,0.9996206760406494,0.0001594956556800753,0.00013762098387815058
0,0,0.9994755387306213,0.00010296101390849799,0.00028746004682034254,0.00013401372416410595
2,1,9.654976020101458e-05,0.9995707869529724,0.00018742505926638842,0.00014520494733005762
0,2,0.0006014293758198619,0.0002310975978616625,0.9989169836044312,0.0002504708827473223
2,2,0.005217332858592272,0.061539147049188614,0.9327412247657776,0.0005023147678002715
1,1,0.00010577355715213344,0.9996005892753601,0.00016045298252720386,0.000133240464492701
1,2,0.000571713550016284,0.0015827590832486749,0.9976660013198853,0.00017961428966373205
0,0,0.9994827508926392,0.00011854308104375377,0.00026824584347195923,0.00013042650243733078
0,0,0.9994937181472778,0.0001524682593299076,0.00023826958204153925,0.0001154889541794546
0,0,0.999496340751648,0.0001229557383339852,0.00024137517903000116,0.00013934265007264912
1,1,9.129849058808759e-05,0.9996205568313599,0.0001545880368212238,0.00013355773990042508
2,0,0.9994691014289856,0.00010770784138003364,0.0002893253695219755,0.00013395663700066507
0,0,0.9994810223579407,0.00011216672282898799,0.000257172214332968,0.00014973609359003603
1,1,0.00024220692284870893,0.9955407977104187,0.003963758237659931,0.00025330035714432597
2,1,0.00031404499895870686,0.9988046884536743,0.0006910624215379357,0.00019019200408365577
0,0,0.9980680346488953,0.0010078042978420854,0.0008407954010181129,8.337515464518219e-05
3,2,0.0004331724194344133,0.00033507944317534566,0.9990082383155823,0.00022361923765856773
1,1,0.0001508356217527762,0.9995560050010681,0.0001526912092231214,0.00014053178892936558
3,2,0.0002943174622487277,0.00022793638345319778,0.9991365075111389,0.00034127780236303806
0,0,0.9576481580734253,0.005370090249925852,0.03659813851118088,0.0003835728275589645
2,2,0.0005205503548495471,0.00023707626678515226,0.9990384578704834,0.00020393289742060006
2,2,0.0003129694378003478,0.00034197469358332455,0.9990806579589844,0.00026437261840328574
1,1,0.0001512297021690756,0.9994367957115173,0.00023794402659405023,0.00017402016965206712
0,0,0.9994837045669556,0.00014420248044189066,0.0002347887639189139,0.0001372328115394339
1,1,0.00014370123972184956,0.9995703101158142,0.0001606919104233384,0.0001252562360605225
3,0,0.9993009567260742,0.00011544158041942865,0.0004628798342309892,0.00012071803939761594
0,0,0.9994568228721619,0.00012055921251885593,0.00029124802676960826,0.0001313826214754954
0,0,0.9994866847991943,0.00013903281069360673,0.0002473710337653756,0.00012686819536611438
2,2,0.00031085454975254834,0.0005152613739483058,0.9989637136459351,0.00021021321299485862
1,1,9.215388126904145e-05,0.9995991587638855,0.0001600550749571994,0.00014864708646200597
0,0,0.999472439289093,0.00013048076652921736,0.0002560147549957037,0.00014099499094299972
0,2,0.0003174268640577793,0.00027082429733127356,0.9991340041160583,0.00027777839568443596
1,1,9.02337851584889e-05,0.9995976090431213,0.00016947694530244917,0.00014275337161961943
1,1,0.016759749501943588,0.9825165271759033,0.00040172296576201916,0.00032201033900491893
0,0,0.9994797110557556,0.00010002691124100238,0.0002924102882388979,0.00012793781934306026
0,0,0.9994931221008301,0.00010478214244358242,0.00024909895728342235,0.00015292396710719913
2,2,0.0003019084397237748,0.001564370351843536,0.9978973865509033,0.00023629363568034023
0,0,0.9994280934333801,0.00013425502402242273,0.00029606849420815706,0.0001415313599864021
1,1,0.00013454488362185657,0.9995629191398621,0.00016470767150167376,0.0001378456363454461
2,0,0.9992706179618835,0.0001034014712786302,0.0005030917236581445,0.00012287954450584948
0,0,0.9994969367980957,0.00012812491331715137,0.0002469134924467653,0.00012807859457097948
1,0,0.8549823760986328,0.14325235784053802,0.0012115361168980598,0.0005537268589250743
1,1,0.00012693952885456383,0.9994328618049622,0.00030010519549250603,0.00014008018479216844
1,0,0.9995076656341553,0.00011714638822013512,0.0002282212080899626,0.00014702278713230044
2,2,0.0002764981472864747,0.00035351081169210374,0.9991273283958435,0.0002427787840133533
1,2,0.0002742217620834708,0.0003268012369517237,0.9991248250007629,0.00027415822842158377
1,1,6.445630424423143e-05,0.9995125532150269,0.0002638799778651446,0.0001590927131474018
0,0,0.9995123147964478,0.00011899445235030726,0.00024046872567851096,0.00012819825496990234
2,2,0.00031248482991941273,0.00025108500267378986,0.9991445541381836,0.00029184651793912053
0,0,0.9994634985923767,0.00012169240653747693,0.0002700945478864014,0.00014471024041995406
1,1,0.00011284320498816669,0.9995296001434326,0.00022032082779332995,0.0001372562546748668
2,2,0.00032891970477066934,0.00026679132133722305,0.9991556406021118,0.0002486417652107775
0,0,0.9994372725486755,0.00013502410729415715,0.0002795217733364552,0.0001482009538449347
1,1,0.001371015328913927,0.9981977343559265,0.0002816825290210545,0.00014962672139517963
1,1,0.00012927742500323802,0.9994788765907288,0.00022802666353527457,0.00016377253632526845
2,2,0.0002904334687627852,0.0003037989081349224,0.9991071820259094,0.0002984814636874944
0,0,0.9994789958000183,0.00018873166118282825,0.00020035143825225532,0.00013194970961194485
1,1,8.726217492949218e-05,0.999620795249939,0.00015992305998224765,0.00013209045573603362
3,2,0.0003224753600079566,0.00031043964554555714,0.9991118311882019,0.0002551634970586747
2,2,0.0002741538919508457,0.0005541659193113446,0.9989357590675354,0.00023599558335263282
2,2,0.00040861108573153615,0.0005997499683871865,0.9987738728523254,0.00021773386106360704
0,0,0.9995181560516357,0.00010778073192341253,0.00023280792811419815,0.00014127520262263715
1,1,9.226813563145697e-05,0.9995803236961365,0.00019080188940279186,0.00013651179324369878
0,0,0.9994704127311707,0.0001243062870344147,0.00025715454830788076,0.0001482108054915443
2,2,0.0005531228380277753,0.031079376116394997,0.9678236842155457,0.0005438546650111675
1,1,8.845865522744134e-05,0.9996139407157898,0.00015366436855401844,0.00014397033373825252
0,0,0.9993329644203186,0.00015374987560790032,0.00040447033825330436,0.00010875800217036158
2,0,0.9991042017936707,0.00028916876181028783,0.0004132450558245182,0.00019330493523739278
1,1,0.00012577924644574523,0.9994542002677917,0.00022250031179282814,0.00019749824423342943
0,0,0.9994727969169617,0.00013379831216298044,0.0002446415019221604,0.00014879975060466677
2,2,0.00029894369072280824,0.0002777062472887337,0.9990897178649902,0.000333691161358729
1,1,9.984638018067926e-05,0.9995786547660828,0.0001863619254436344,0.0001350939564872533
2,2,0.0003101839974988252,0.00026645930483937263,0.9991043210029602,0.0003190816205460578
1,1,0.00013914908049628139,0.9995577931404114,0.0001715619146125391,0.00013137170753907412
2,0,0.9994966983795166,0.00010967287380481139,0.00025174327311106026,0.00014190342335496098
1,1,9.553746349411085e-05,0.9995850920677185,0.00016838045848999172,0.00015094045375008136
0,0,0.9995065927505493,0.0001457242906326428,0.00021972613467369229,0.00012799057003576308
2,2,0.0004074435855727643,0.0006097291479818523,0.9987597465515137,0.00022316443210002035
2,2,0.0003238454519305378,0.004202025476843119,0.9950064420700073,0.00046767087769694626
0,0,0.9995272159576416,0.00011648581858025864,0.0002113770169671625,0.00014487828593701124
1,1,0.0001281362201552838,0.999581515789032,0.00015037081902846694,0.00014003207616042346
2,2,0.00023553478240501136,0.00044686885667033494,0.9990181922912598,0.0002993702073581517
0,0,0.9994186162948608,0.00012133766722399741,0.0003151013806927949,0.00014491353067569435
1,1,9.694463369669393e-05,0.9988958835601807,0.000816597486846149,0.00019049983529839665
1,1,9.380385017720982e-05,0.9996088147163391,0.0001519857905805111,0.00014543555153068155
2,2,0.000333559000864625,0.012014470994472504,0.9872905611991882,0.0003613945737015456
0,0,0.9994926452636719,0.0001472011354053393,0.00022351101506501436,0.00013659409887623042
1,1,6.66946143610403e-05,0.9994447827339172,0.00033165988861583173,0.00015689575229771435
0,0,0.999494194984436,0.00011942247510887682,0.00025239650858566165,0.00013404716446530074
2,1,0.000127776205772534,0.9995974898338318,0.00016211377806030214,0.00011262519547017291
1,1,0.00023049875744618475,0.9993574023246765,0.00028424873016774654,0.00012778147356584668
2,1,8.6395644757431e-05,0.9994725584983826,0.0002986332983709872,0.00014232283865567297
0,0,0.9994650483131409,0.00012386338494252414,0.00026400561910122633,0.00014702788030263036
0,0,0.9994934797286987,0.0001529101573396474,0.00020924312411807477,0.00014432136958930641
1,1,0.0001108305950765498,0.9995890259742737,0.0001665567688178271,0.00013363252219278365
0,0,0.99925297498703,0.00010530185682000592,0.0005061480915173888,0.00013554075849242508
0,0,0.9994530081748962,0.00012927099305670708,0.0002744615194387734,0.00014325570373330265
1,1,0.00010584011033643037,0.9995095729827881,0.00023642656742595136,0.00014807010302320123
2,0,0.999450147151947,0.00011467059084679931,0.000310771691147238,0.00012449038331396878
2,2,0.0007318088901229203,0.00026221745065413415,0.9987919926643372,0.00021404177823569626
0,1,0.00024210578703787178,0.9994764924049377,0.00015142765187192708,0.0001299315772484988
1,1,0.00015358753444161266,0.9995105266571045,0.0002148868952644989,0.00012098552542738616
2,0,0.9993647933006287,0.00021668490080628544,0.0002755557943601161,0.00014300324255600572
1,0,0.9986962676048279,0.00013685256999451667,0.0010320350993424654,0.00013487586693372577
1,1,9.598360338713974e-05,0.9996005892753601,0.0001733838435029611,0.00012999022146686912
3,0,0.9994283318519592,0.00011995654494967312,0.0003294037887826562,0.00012227536353748292
1,1,0.0002217364963144064,0.9994773268699646,0.0001659349218243733,0.0001350441889371723
0,0,0.9993889331817627,0.00011818791244877502,0.0003672905149869621,0.00012552562111523002
0,0,0.9994723200798035,0.00011863118561450392,0.0002603751781862229,0.00014876504428684711
1,0,0.9937918782234192,0.005556159187108278,0.00051913782954216,0.00013289833441376686
2,0,0.999462902545929,9.996591688832268e-05,0.00031038321321830153,0.00012680565123446286
1,1,0.00011284337233519182,0.9996131062507629,0.0001356281281914562,0.00013846548972651362
0,0,0.9994916915893555,0.00010241428390145302,0.0002663090417627245,0.00013955957547295839
2,1,0.00019581735250540078,0.9994679093360901,0.00021515414118766785,0.00012115586287109181
0,0,0.9994328618049622,0.00014895226922817528,0.0002830809389706701,0.00013512166333384812
0,0,0.9991945624351501,0.00011322950012981892,0.0005634876433759928,0.00012874526146333665
1,1,9.008792403619736e-05,0.9995608925819397,0.00019158639770466834,0.00015735425404272974
2,1,0.00011296269076410681,0.9995293617248535,0.00020884671539533883,0.0001487641711719334
1,1,9.893760579871014e-05,0.9996057152748108,0.00017240794841200113,0.00012302290997467935
0,2,0.00047142308903858066,0.0015175738371908665,0.9978138208389282,0.00019724651065189391
1,1,0.00018025879398919642,0.9995172023773193,0.00016408257943112403,0.00013840758765581995
2,2,0.0003200620412826538,0.0003862443845719099,0.9990358352661133,0.00025795280816964805
0,0,0.9994476437568665,0.00011844072287203744,0.00029688177164644003,0.00013696674432139844
0,1,0.0004892824217677116,0.9988927245140076,0.0004972849856130779,0.00012078350118827075
2,2,0.0002908158930949867,0.00035229235072620213,0.9991145730018616,0.00024232991563621908
1,0,0.9994553923606873,0.00011481476394692436,0.0002836253261193633,0.00014611119695473462
2,2,0.0006042899913154542,0.00026863106177188456,0.9989107847213745,0.0002162046730518341
1,1,0.0004400883917696774,0.9986234903335571,0.0007378961308859289,0.00019859711755998433
0,0,0.9994530081748962,0.0001599151291884482,0.0002745102101471275,0.00011259011807851493
2,2,0.00032925535924732685,0.0003327919985167682,0.999100923538208,0.00023711823450867087
0,0,0.9995003938674927,0.00012339462409727275,0.0002399664226686582,0.00013624454732052982
1,1,0.00010830532846739516,0.9995574355125427,0.0001886669488158077,0.00014565527089871466
2,2,0.0003618133196141571,0.00035672151716426015,0.9990645051002502,0.00021700913202948868
1,1,0.00014880264643579721,0.9995502829551697,0.00016455234435852617,0.0001362852635793388
0,0,0.999478280544281,0.00010395941353635862,0.0002786692348308861,0.00013914053852204233
2,2,0.0002775519678834826,0.00031072492129169405,0.9991538524627686,0.0002579441643320024
1,1,8.356086618732661e-05,0.9995682835578918,0.00020315218716859818,0.00014496964286081493
0,2,0.00027076739934273064,0.00044184832950122654,0.9989907145500183,0.0002965989406220615
1,1,7.506951078539714e-05,0.9995366334915161,0.00022148294374346733,0.00016678613610565662
0,0,0.9994743466377258,0.00011685449862852693,0.0002642521867528558,0.00014454258780460805
2,2,0.0034392625093460083,0.011710917577147484,0.9846818447113037,0.00016807574138510972
1,1,0.00010616761574056,0.9996055960655212,0.00015476213593501598,0.00013351626694202423
0,0,0.9994872808456421,0.00012117531150579453,0.0002526613825466484,0.00013885850785300136
0,2,0.0015883336309343576,0.0009369291947223246,0.9973046779632568,0.0001700725988484919
3,0,0.9963688850402832,0.0017086402513086796,0.0018305599223822355,9.189717820845544e-05
0,0,0.9992628693580627,0.00010534407920204103,0.0005158307030797005,0.0001159525490947999
0,0,0.9994648098945618,0.00011707926751114428,0.0002938621037174016,0.00012432917719706893
2,2,0.0002039837563643232,0.0014223490143194795,0.998027503490448,0.00034609457361511886
0,0,0.9995038509368896,0.00010651174670783803,0.0002528285258449614,0.0001368211960652843
1,1,0.00010523664968786761,0.9996119141578674,0.00014789740089327097,0.00013499025953933597
0,0,0.9994935989379883,0.00011455949424998835,0.00025186064885929227,0.00013999786460772157
2,2,0.00046977007878012955,0.00022439780877903104,0.9990620017051697,0.0002439390664221719
1,1,8.81458618096076e-05,0.9996249675750732,0.00014688209921587259,0.0001399654138367623
1,1,8.877117943484336e-05,0.9996064305305481,0.0001665402960497886,0.00013828389637637883
0,0,0.9994707703590393,0.00012023526505799964,0.00025612470926716924,0.00015290098963305354
2,0,0.9994264841079712,0.00012594209692906588,0.00034058079472742975,0.00010703297448344529
1,1,9.316860814578831e-05,0.9996010661125183,0.0001523917162558064,0.0001533924078103155
0,0,0.9994877576828003,0.00013784054317511618,0.0002360226644668728,0.00013828898954670876
2,0,0.9091179966926575,0.01253766380250454,0.0780613049864769,0.0002830758458003402
0,0,0.9994656443595886,0.00012968653754796833,0.00026365628582425416,0.00014098998508416116
2,2,0.0003042659955099225,0.00023595838865730911,0.9991727471351624,0.0002870670286938548
1,1,0.001458573155105114,0.9981422424316406,0.00020584797312039882,0.00019336228433530778
0,0,0.9994344115257263,0.00021550488600041717,0.00023317194427363575,0.000116875467938371
1,1,0.00012085834896424785,0.9993725419044495,0.0003523540508467704,0.00015422531578224152
2,2,0.00039728888077661395,0.00023717546719126403,0.9991000890731812,0.0002654319687280804
2,2,0.00033088235068134964,0.00031675133504904807,0.9990940093994141,0.0002584359608590603
1,1,9.762261470314115e-05,0.9994206428527832,0.00031782727455720305,0.0001639464608160779
0,0,0.9985281229019165,0.0003540985635481775,0.0010269440244883299,9.085513011086732e-05
0,0,0.9994805455207825,0.00012958487786818296,0.00024391025363001972,0.00014604422904085368
1,1,9.10587768885307e-05,0.9995864033699036,0.0001893028529593721,0.00013326578482519835
2,2,0.00043135086889378726,0.0002892210322897881,0.999068558216095,0.0002109279012074694
2,2,0.0003619847120717168,0.0014745676890015602,0.9979571104049683,0.00020634298562072217
1,1,0.00027097982820123434,0.9946570992469788,0.0048285918310284615,0.00024335853231605142
0,1,0.47000810503959656,0.5258444547653198,0.00280659063719213,0.0013408412924036384
0,0,0.999446451663971,0.00012270794832147658,0.000287173839751631,0.00014364562230184674
3,1,0.00028030757675878704,0.9988071918487549,0.0007984366966411471,0.00011410879960749298
1,1,0.00012006634642602876,0.9996011853218079,0.00014461400860454887,0.00013419019524008036
2,2,0.0003556646697688848,0.0003135187434963882,0.9991148114204407,0.000215997570194304
1,1,0.0001275688991881907,0.9995519518852234,0.00019470085680950433,0.0001256583200301975
0,1,0.0012091033859178424,0.9984264373779297,0.0002164290053769946,0.00014811797882430255
0,1,0.000278291292488575,0.999285876750946,0.00031479282188229263,0.00012104360212106258
0,0,0.9994327425956726,0.00012205664097564295,0.00029801970231346786,0.00014721212210133672
0,0,0.9994636178016663,0.00013548169226851314,0.00025664930581115186,0.00014421690138988197
0,0,0.9994328618049622,0.00011830790026579052,0.0002952443319372833,0.00015357896336354315
2,2,0.0003056999994441867,0.00023982106358744204,0.9991607666015625,0.00029366122907958925
1,2,0.0005059190443716943,0.00020046329882461578,0.9990447163581848,0.0002488908066879958
0,0,0.999504566192627,0.00013946609396953136,0.00022682380222249776,0.00012905802577733994
1,1,0.0001336357818217948,0.9995332956314087,0.00019668624736368656,0.00013643587590195239
2,1,0.0001261597208213061,0.9995889067649841,0.00015974676352925599,0.00012529632658697665
2,1,0.0496223084628582,0.9328288435935974,0.01058918796479702,0.006959731690585613
0,1,0.0002009180752793327,0.9994879961013794,0.00017916080832947046,0.00013194422353990376
1,2,0.39172226190567017,0.04160962626338005,0.5660808682441711,0.000587280432227999
1,2,0.00032501359237357974,0.0011658912990242243,0.9982889294624329,0.0002201510505983606
2,2,0.0003795461088884622,0.00020846916595473886,0.9991458654403687,0.00026604608865454793
0,1,0.4943194091320038,0.5034799575805664,0.0009352623019367456,0.0012653893791139126
0,0,0.9993425011634827,0.0001574927882757038,0.00038945022970438004,0.00011051547335227951
1,1,0.0004893579171039164,0.9991725087165833,0.0002031465119216591,0.00013494404265657067
2,2,0.00030481713474728167,0.0003425581380724907,0.9990944862365723,0.00025823403848335147
1,1,0.0001151426913565956,0.9996123909950256,0.00013923607184551656,0.00013320303696673363
2,2,0.00032284724875353277,0.00023492339823860675,0.9991312623023987,0.0003109206154476851
0,1,0.0003125575603917241,0.9993732571601868,0.00018834708316717297,0.00012580648763105273
0,0,0.9994844198226929,0.00015071382222231477,0.00022816825367044657,0.00013669398322235793
1,1,0.00010858998575713485,0.9995978474617004,0.00016393829719163477,0.00012966942449565977
2,0,0.9205670356750488,0.0002581579319667071,0.07874886691570282,0.0004259257111698389
1,1,0.00010241453855996951,0.9996010661125183,0.00017675760318525136,0.0001197346136905253
0,0,0.999485969543457,0.00012918234278913587,0.00023750231775920838,0.0001473923330195248
2,2,0.00024174380814656615,0.0019599609076976776,0.9975396394729614,0.00025862365146167576
2,0,0.9991649389266968,9.937652066582814e-05,0.0005924908327870071,0.00014327313692774624
2,1,0.00047814843128435314,0.9991891980171204,0.00019660616817418486,0.00013597965880762786
1,1,0.00011926238948944956,0.9995909333229065,0.00015839122352190316,0.00013142368698026985
2,2,0.00030695644090883434,0.0003265702398493886,0.999083399772644,0.0002830753510352224
0,0,0.999474823474884,0.00012770778266713023,0.000255018996540457,0.00014250025560613722
1,1,8.986255124909803e-05,0.9985886216163635,0.0010326262563467026,0.00028888561064377427
1,1,0.0006169204134494066,0.9990381002426147,0.00018339493544772267,0.00016165865235961974
2,2,0.0003405906318221241,0.0002736807509791106,0.9991355538368225,0.00025013749836944044
0,0,0.9994701743125916,0.00011209546210011467,0.00027587806107476354,0.00014197085693012923
1,1,0.00011936982627958059,0.9995262622833252,0.00022778319544158876,0.00012652992154471576
0,0,0.999394416809082,9.19821613933891e-05,0.0003855096292681992,0.00012805068399757147
0,0,0.9993057250976562,0.00010306769399903715,0.000481855939142406,0.0001093676473828964
2,2,0.00024739166838116944,0.000277095939964056,0.9991517066955566,0.00032378596370108426
1,1,8.134754170896485e-05,0.9994856119155884,0.00026513185002841055,0.000167879814398475
0,1,0.0009286146960221231,0.9987415671348572,0.00019351528317201883,0.00013628334272652864
2,2,0.00030312722083181143,0.000262254208792001,0.9991825222969055,0.00025205398560501635
1,2,0.0008720358018763363,0.2180250734090805,0.7802641987800598,0.0008386910194531083
0,0,0.9994540810585022,0.00012641126522794366,0.00028374456451274455,0.000135688460431993
0,0,0.9994664788246155,0.000127548017189838,0.0002616266719996929,0.00014438795915339142
1,1,8.951007475843653e-05,0.9996071457862854,0.00016309478087350726,0.0001402622292516753
2,2,0.0003125969087705016,0.00023799652990419418,0.9991626739501953,0.0002867508155759424
2,1,0.02989554964005947,0.9689553380012512,0.0008335294551216066,0.0003155810700263828
0,0,0.9994565844535828,0.00012264774704817683,0.00027584907365962863,0.00014491722686216235
1,1,0.0001116003404604271,0.9996047616004944,0.00014366151299327612,0.00014000677037984133
2,2,0.00033399960375390947,0.000248475291300565,0.9991409778594971,0.0002765064127743244
1,1,0.00010860458860406652,0.9995816349983215,0.00017463845142628998,0.00013506780669558793
0,0,0.9994557499885559,0.00014199927682057023,0.0002568666823208332,0.00014537194510921836
1,1,9.017971024150029e-05,0.9996122717857361,0.00016174954362213612,0.0001358813897240907
0,0,0.9994738698005676,0.0001291583466809243,0.00025186818675138056,0.00014511514746118337
2,2,0.0006867263582535088,0.025366734713315964,0.9735393524169922,0.0004071944276802242
1,1,9.758808300830424e-05,0.9996198415756226,0.00014146890316624194,0.00014104804722592235
0,0,0.9994606375694275,0.00012259901268407702,0.0002808225981425494,0.0001359408925054595
2,2,0.0006471177330240607,0.00022765991161577404,0.9989148378372192,0.00021045944595243782
2,1,0.0008336621103808284,0.9987121820449829,0.00023772027634549886,0.00021644491062033921
0,0,0.9995212554931641,9.664316894486547e-05,0.00024529348593205214,0.00013675900117959827
2,2,0.003500655060634017,0.06011032685637474,0.9360911846160889,0.00029792464920319617
1,0,0.999473512172699,0.00014009000733494759,0.0002467824670020491,0.00013965608377475291
0,0,0.9993826150894165,0.00011121180432382971,0.0003768940514419228,0.00012924069596920162
0,0,0.9994418025016785,0.0001339278242085129,0.0002862655383069068,0.00013796307030133903
0,0,0.9994656443595886,0.0001274557289434597,0.0002553512458689511,0.0001515826297691092
1,1,0.000158647439093329,0.9995412826538086,0.00016480339400004596,0.00013524976384360343
2,2,0.0004026917740702629,0.00024461789871566,0.9990894794464111,0.00026324106147512794
2,2,0.0003010673972312361,0.0002970217610709369,0.9990905523300171,0.0003113869170192629
0,1,8.507427992299199e-05,0.9995219707489014,0.00023590493947267532,0.00015699048526585102
1,1,0.00020220651640556753,0.9982531666755676,0.0012314461637288332,0.00031317968387156725
2,2,0.0005411862512119114,0.00024487561313435435,0.9989649057388306,0.0002489281177986413
1,1,0.0001259606797248125,0.9994851350784302,0.0002253465645480901,0.00016363868780899793
0,0,0.9994268417358398,0.000148115330375731,0.0002875529753509909,0.00013748083438258618
1,1,8.536134555470198e-05,0.9996222257614136,0.00015012359654065222,0.00014225947961676866
0,0,0.9994819760322571,0.0001352098915958777,0.00024115265114232898,0.00014168456254992634
2,2,0.0005712080746889114,0.0027524775359779596,0.9964930415153503,0.0001831976551329717
1,1,0.00015686609549447894,0.9990310668945312,0.0006409845664165914,0.00017114132060669363
0,0,0.9993833303451538,0.00012588371464516968,0.00034957114257849753,0.00014120092964731157
2,2,0.34027647972106934,0.0012968236114829779,0.6577045917510986,0.0007221655687317252
2,2,0.0005341115756891668,0.00031088522518984973,0.9989412426948547,0.0002137557021342218
0,0,0.9991757273674011,0.00038925791159272194,0.00033767023705877364,9.733666229294613e-05
1,1,9.157812019111589e-05,0.9996097683906555,0.0001584333076607436,0.0001401969202561304
0,1,0.00042510119965299964,0.9989737272262573,0.0002705266233533621,0.00033066116156987846
1,2,0.00032349518733099103,0.0009005182655528188,0.998577356338501,0.00019863095076289028
0,0,0.9994832277297974,0.00011141015420434996,0.00026972946943715215,0.0001355253189103678
1,0,0.9995111227035522,0.00014419940998777747,0.0002277388994116336,0.00011698681191774085
0,0,0.9994632601737976,0.00011886963329743594,0.00026803629589267075,0.00014976871898397803
2,2,0.00035572631168179214,0.00039685802767053246,0.9990278482437134,0.00021960015874356031
1,0,0.5185801386833191,0.4789682924747467,0.0015919312136247754,0.0008596592815592885
0,0,0.9994328618049622,0.0001262868900084868,0.0002900102117564529,0.00015083487960509956
2,2,0.0012769856257364154,0.00020151839999016374,0.9982556700706482,0.00026575883384793997
1,1,7.070546416798607e-05,0.9994365572929382,0.0003311827313154936,0.0001615941000636667
2,1,7.436844316544011e-05,0.9994474053382874,0.00033013246138580143,0.00014809901767876
0,0,0.9993851184844971,0.000265128182945773,0.0002465865691192448,0.00010317187116015702
1,2,0.0002809621801134199,0.0005122841103002429,0.9989709854125977,0.0002358263882342726
0,1,0.00010580280650174245,0.999570906162262,0.00017435119661968201,0.0001489049318479374
2,0,0.7063283324241638,0.0005662793410010636,0.29245853424072266,0.0006468738429248333
2,0,0.9993937015533447,0.00018016451213043183,0.00031373160891234875,0.00011246261419728398
0,0,0.9994404911994934,0.00010978066711686552,0.0003071721876040101,0.0001426076632924378
1,1,0.0002329124545212835,0.9817327857017517,0.01758035272359848,0.0004539602668955922
1,2,0.0007477627950720489,0.0237341970205307,0.9751792550086975,0.0003388568293303251
0,0,0.9994558691978455,0.00012794673966709524,0.00026765934308059514,0.0001485015091020614
2,2,0.00031708632013760507,0.0002729448606260121,0.9991495609283447,0.00026036781491711736
0,0,0.9990398287773132,0.00015219132183119655,0.0006751703913323581,0.00013285051682032645
2,1,0.0029716300778090954,0.7874821424484253,0.20887771248817444,0.000668515102006495
1,1,0.00010823588672792539,0.9995971322059631,0.00017315686272922903,0.0001215015581692569
2,0,0.9994434714317322,0.00016825918282847852,0.00027561376919038594,0.00011262910993536934
1,1,0.00010399637540103868,0.999613344669342,0.00013993294851388782,0.00014277250738814473
0,0,0.9994778037071228,0.00013563215907197446,0.00024340998788829893,0.00014313960855361074
0,0,0.9994874000549316,0.00013259770639706403,0.0002585404145065695,0.00012141859770053998
3,0,0.9994020462036133,0.00012331485049799085,0.0003572351415641606,0.00011746244854293764
1,2,0.004386046901345253,0.00047554366756230593,0.9949328303337097,0.00020564156875479966
0,0,0.9985913634300232,0.00026724094641394913,0.0010008541867136955,0.00014045041461940855
2,1,0.0024107417557388544,0.6935008764266968,0.3032962381839752,0.0007921666256152093
1,1,9.008980123326182e-05,0.9995798468589783,0.00020361013594083488,0.0001263700396521017
1,2,0.00037948935641907156,0.00039308759733103216,0.9990193843841553,0.00020798725017812103
0,0,0.9994415640830994,0.00011922934208996594,0.0002940131234936416,0.00014510755136143416
2,2,0.0015180626651272178,0.00041400501504540443,0.997880220413208,0.00018776084471028298
2,2,0.0003201923391316086,0.00027900279383175075,0.9991432428359985,0.000257628969848156
0,0,0.9995044469833374,0.00012772106856573373,0.0002358483907300979,0.00013202117406763136
1,1,0.00010315665713278577,0.9983880519866943,0.0012989527313038707,0.00020979713008273393
0,0,0.9994781613349915,0.00012930113007314503,0.0002528027107473463,0.00013973412569612265
2,2,0.00033414497738704085,0.0002795362670440227,0.9991451501846313,0.00024114381812978536
1,1,0.0001094625549740158,0.9995884299278259,0.00016971994773484766,0.0001324363111052662
1,1,0.00010435946023790166,0.9995967745780945,0.00016279939154628664,0.00013611702888738364
0,2,0.008580924943089485,0.00023291016987059265,0.9908089637756348,0.0003770938201341778
2,2,0.0003887176571879536,0.0003371330676600337,0.9990196228027344,0.00025452583213336766
2,0,0.9986003041267395,0.0009319533128291368,0.0003538539167493582,0.00011382770753698424
1,1,0.00012145009532105178,0.9995550513267517,0.00018490181537345052,0.00013851953553967178
0,0,0.999491810798645,0.00011264497879892588,0.0002511804341338575,0.00014440306404139847
2,2,0.000375770905520767,0.00019509777484927326,0.999116837978363,0.0003122881753370166
0,0,0.8342114686965942,0.00043946460937149823,0.1641901731491089,0.0011589103378355503
2,1,0.00018354762869421393,0.9995456337928772,0.00014538323739543557,0.00012531038373708725
1,1,0.00011599166464293376,0.9996066689491272,0.00014500854013022035,0.00013236221275292337
0,0,0.9994916915893555,0.00010968299466185272,0.00025728365289978683,0.00014135906531009823
2,2,0.00222619972191751,0.0011247643269598484,0.9964988231658936,0.00015017435362096876
0,0,0.9994470477104187,0.00010955285688396543,0.00030331764719448984,0.00014004288823343813
1,1,0.00010335165279684588,0.9995848536491394,0.00016695380327291787,0.00014494343486148864
2,2,0.00029558499227277935,0.00028290043701417744,0.9991443157196045,0.000277196173556149
1,2,0.00043543893843889236,0.026255717501044273,0.972868800163269,0.00043999883928336203
2,1,8.867952419677749e-05,0.9995347261428833,0.00024170601682271808,0.0001348682853858918
0,0,0.999473512172699,0.00011280050239292905,0.0002667955413926393,0.0001469822891522199
1,1,8.940442785387859e-05,0.9996116757392883,0.00016114376194309443,0.0001377453882014379
2,1,8.415959746344015e-05,0.9994210004806519,0.00034564646193757653,0.00014917936641722918
0,0,0.9990217685699463,0.0006719556986354291,0.00016849192616064101,0.00013777337153442204
1,1,0.00010328461939934641,0.9996094107627869,0.00015123562479857355,0.0001361393806291744
2,1,0.0010174262570217252,0.992344319820404,0.006482366938143969,0.00015593164425808936
0,0,0.999485969543457,0.0001191199553431943,0.0002514919906388968,0.0001433134457329288
0,0,0.9994495511054993,0.0001038335612975061,0.00029355709557421505,0.00015299036749638617
1,1,9.604561637388542e-05,0.9996122717857361,0.00016285409219563007,0.00012886099284514785
2,0,0.9407318234443665,0.05660935118794441,0.002012338023632765,0.0006465736078098416
0,0,0.999476969242096,0.00012152436829637736,0.0002566882176324725,0.00014492998889181763
2,2,0.18600724637508392,0.0020008746068924665,0.8114230036735535,0.0005688202218152583
1,1,0.0003700231318362057,0.9993532299995422,0.00012747057189699262,0.00014923812705092132
0,0,0.99935382604599,0.0001472552539780736,0.0003751479380298406,0.0001237854885403067
2,2,0.00032635717070661485,0.0002817103813868016,0.9991193413734436,0.0002726033562794328
1,1,7.972176535986364e-05,0.9995347261428833,0.00024700220092199743,0.00013856572331860662
1,0,0.9994307160377502,0.00012750258611049503,0.00032060383819043636,0.00012114857963752002
0,1,0.00013553329335991293,0.9995524287223816,0.00015164481010288,0.0001603822165634483
0,0,0.9991884827613831,7.21623728168197e-05,0.0005891196196898818,0.0001501818624092266
2,2,0.00029579628608189523,0.00036569309304468334,0.9990969896316528,0.00024151563411578536
1,1,0.0001638158573769033,0.9995211362838745,0.0001760796003509313,0.00013894985022488981
0,2,0.003188403556123376,0.00034246742143295705,0.9962208867073059,0.00024819106329232454
1,1,0.00010915590974036604,0.9995563626289368,0.00021425339218694717,0.00012023685121675953
2,2,0.0005006470018997788,0.0006155652808956802,0.9986944794654846,0.00018930427904706448
0,0,0.999386191368103,0.00019099492055829614,0.0002781152434181422,0.00014475302305072546
2,1,0.041339658200740814,0.957420825958252,0.0006360349361784756,0.0006035017431713641
0,0,0.9994076490402222,0.00015046227781567723,0.0003271239111199975,0.0001147358343587257
1,1,0.0001960069639608264,0.9993410706520081,0.0003404169692657888,0.00012244578101672232
1,1,9.996812150347978e-05,0.999605119228363,0.00017501169349998236,0.00011981928400928155
2,1,0.37259629368782043,0.44371774792671204,0.1828087419271469,0.0008772662840783596
2,2,0.0017419825308024883,0.07197250425815582,0.9258127808570862,0.000472758780233562
0,0,0.9993981122970581,0.00011925178114324808,0.0003405193565413356,0.0001420989283360541
2,2,0.0004056163306813687,0.0002216484135715291,0.999104917049408,0.00026779077597893775
1,1,7.108146382961422e-05,0.9992244243621826,0.0005308670224621892,0.00017367319378536195
0,0,0.9995206594467163,0.00011681701289489865,0.00022954762971494347,0.00013295501412358135
1,1,0.00014035477943252772,0.9995676875114441,0.00016012226114980876,0.00013181488611735404
2,1,0.0002651862450875342,0.9993799924850464,0.00021047033078502864,0.00014430815645027906
0,0,0.9994851350784302,9.70479886746034e-05,0.0002825172559823841,0.00013530488649848849
1,1,8.849131700117141e-05,0.9995988011360168,0.00018366295262239873,0.00012910354416817427
2,1,0.0011965112062171102,0.9970133304595947,0.001575983827933669,0.0002141393779311329
2,0,0.9994850158691406,0.00018278414790984243,0.00022075834567658603,0.00011141152936033905
2,2,0.0018039272399619222,0.0003166984242852777,0.9977179765701294,0.00016144011169672012
1,1,0.38292133808135986,0.6113715171813965,0.00529485335573554,0.0004122923710383475
2,1,0.00042378102079965174,0.9668557643890381,0.03205570578575134,0.0006646972033195198
1,1,0.0001118576547014527,0.9996065497398376,0.0001488154084654525,0.0001327844656771049
0,0,0.9994620680809021,0.00012477354903239757,0.0002595363184809685,0.00015366185107268393
0,0,0.9994483590126038,0.00012901090667583048,0.0002700757759157568,0.00015251338481903076
2,2,0.11631099134683609,0.007333793677389622,0.875922679901123,0.00043249037116765976
1,1,0.0001546762796351686,0.9995418787002563,0.00014982234279159456,0.0001537371426820755
2,2,0.04217797517776489,0.0012344586430117488,0.9560505151748657,0.0005371343577280641
0,0,0.9994845390319824,0.00013818545266985893,0.00023552744823973626,0.00014170169015415013
1,1,0.00010557356290519238,0.999583899974823,0.0001731590455165133,0.00013733703235629946
0,0,0.9993878602981567,0.00012783582496922463,0.00033642633934505284,0.00014784140512347221
1,1,0.00010517075133975595,0.9996206760406494,0.00013969569408800453,0.00013435968139674515
2,2,0.02592535875737667,0.08093857765197754,0.8927856683731079,0.0003504310152493417
0,2,0.000636432901956141,0.00021050382929388434,0.998934805393219,0.00021832415950484574
1,1,0.00017371510330121964,0.9940349459648132,0.005351325497031212,0.00043997832108289003
2,2,0.00021760849631391466,0.0028077394235879183,0.9966037273406982,0.00037092622369527817
0,0,0.9994708895683289,0.0001730400836095214,0.00021257212210912257,0.00014354725135490298
2,2,0.00431665126234293,0.2037390172481537,0.7909429669380188,0.0010013612918555737
1,1,0.00010504040255909786,0.9996126294136047,0.0001455636229366064,0.00013675350055564195
1,1,0.000116561925096903,0.9995937943458557,0.0001586637954460457,0.00013097148621454835
0,0,0.9994816184043884,0.00015080311277415603,0.0002252563863294199,0.00014231666864361614
2,1,0.000154975859913975,0.999582827091217,0.0001365959906252101,0.00012555344437714666
0,0,0.9994988441467285,0.00011823980457847938,0.00024209159892052412,0.00014076802472118288
2,1,0.00013316661352291703,0.9995905756950378,0.00015872184303589165,0.0001174509889096953
1,1,9.78446114459075e-05,0.9995881915092468,0.00018064005416817963,0.00013336072152014822
2,2,0.0046186745166778564,0.00037182215601205826,0.9947859644889832,0.0002235622814623639
1,1,0.00010793894762173295,0.9996107220649719,0.0001455911115044728,0.00013575774210039526
0,0,0.9994770884513855,0.00019817199790850282,0.0002046717854682356,0.00012007181794615462
2,0,0.9842302203178406,0.014304311014711857,0.0012820350239053369,0.0001833455462474376
1,1,0.0002400841622147709,0.9985594153404236,0.0010376340942457318,0.0001628037862246856
0,0,0.9994677901268005,0.00012312705803196877,0.00026465498376637697,0.000144428777275607
2,2,0.0003082742914557457,0.00031949058757163584,0.9991284012794495,0.00024384084099438041
1,1,8.186429477063939e-05,0.9992949962615967,0.0004601423570420593,0.00016291780048049986
0,0,0.9989148378372192,0.0007220259867608547,0.0002445396676193923,0.00011861466191476211
0,0,0.9993939399719238,0.00018572145199868828,0.0002937743265647441,0.0001265956088900566
1,1,0.00018256109615322202,0.9995008707046509,0.00019303750013932586,0.00012350734323263168
2,1,0.0011739543406292796,0.997724711894989,0.0009406295139342546,0.00016067996330093592
0,0,0.9976060390472412,0.0013223349815234542,0.0009280225494876504,0.00014369183918461204
2,1,0.00012429569324012846,0.9994625449180603,0.00027604386559687555,0.00013718605623580515
0,0,0.999514102935791,0.00011378017370589077,0.00023184498422779143,0.00014025825657881796
0,1,0.00010538138303672895,0.9995843768119812,0.00018214799638371915,0.00012809823965653777
1,1,9.430060163140297e-05,0.9995508790016174,0.00019180277013219893,0.00016294630768243223
1,1,9.041884914040565e-05,0.9996083378791809,0.0001633644278626889,0.00013786740601062775
2,0,0.9994059801101685,0.00011685174831654876,0.00032831757562235,0.0001487685221945867
1,0,0.999472439289093,0.00011729496327461675,0.00025761505821719766,0.00015273787721525878
0,0,0.9994780421257019,0.00011341003119014204,0.0002560350112617016,0.00015256722690537572
0,0,0.9995148181915283,0.00011500219261506572,0.00023301194596569985,0.0001370988175040111
2,2,0.0005135766696184874,0.00029195481329225004,0.9989540576934814,0.00024039721756707877
1,0,0.9994811415672302,0.00012047502968925983,0.00026223951135762036,0.00013612204929813743
1,1,0.00010215018119197339,0.9995942711830139,0.00016524145030416548,0.00013839357416145504
0,0,0.9992656111717224,9.704611147753894e-05,0.0004877782193943858,0.00014956353697925806
2,2,0.0002773040905594826,0.00032819531043060124,0.9991176724433899,0.00027680600760504603
1,1,0.00012129706010455266,0.999556839466095,0.00014791944704484195,0.00017391183064319193
0,0,0.9994943141937256,0.00013321018195711076,0.00022931533749215305,0.00014306828961707652
2,2,0.0011907822918146849,0.0005216071731410921,0.9981005787849426,0.00018701360386330634
0,0,0.9995007514953613,0.00013818690786138177,0.00024225047673098743,0.00011882615217473358
2,2,0.0005037005175836384,0.0015074879629537463,0.9978099465370178,0.00017889753507915884
1,1,0.00010319389548385516,0.9995993971824646,0.00017259868036489934,0.00012489021173678339
0,0,0.9994718432426453,0.00012146384688094258,0.0002573018427938223,0.00014935137005522847
2,1,0.00013903758372180164,0.9995867609977722,0.00013221814879216254,0.00014208522043190897
1,1,0.00013897714961785823,0.9995658993721008,0.00015901640290394425,0.0001360777678200975
2,1,0.00010946157271973789,0.9995737671852112,0.00018366571748629212,0.00013304997992236167
0,0,0.9994044303894043,8.943151624407619e-05,0.0003735801437869668,0.0001325004850514233
1,1,8.657232683617622e-05,0.9994670748710632,0.00028389060753397644,0.00016249071632046252
0,0,0.9994693398475647,0.00011641776654869318,0.00026867518317885697,0.00014560215640813112
1,1,0.000193798536201939,0.9994310736656189,0.00021414093498606235,0.00016091119323391467
2,0,0.9992181062698364,0.00011913495109183714,0.0005348726990632713,0.00012785861326847225
2,2,0.00044225974124856293,0.00027497587143443525,0.9990405440330505,0.00024216527526732534
0,0,0.999424934387207,0.00011874179472215474,0.0003099761961493641,0.0001463256630813703
1,1,9.171183046419173e-05,0.9995896220207214,0.00018934282707050443,0.000129325533634983
1,1,8.503975550411269e-05,0.9995719790458679,0.00018093816470354795,0.00016200594836845994
2,2,0.0003328308812342584,0.0001973910693777725,0.9991567134857178,0.000313164055114612
2,2,0.0003401865833438933,0.000221939233597368,0.9991554021835327,0.0002824442053679377
1,1,0.00019086179963778704,0.9928265810012817,0.0066582090221345425,0.0003243616665713489
0,2,0.00040226540295407176,0.0003359841648489237,0.9990448355674744,0.00021679821657016873
0,0,0.9994955062866211,0.00012413655349519104,0.00023781303025316447,0.00014250552339944988
0,2,0.1482459455728531,0.0012943856418132782,0.8498326539993286,0.0006269784644246101
1,1,0.00010965025285258889,0.9996117949485779,0.00014283001655712724,0.0001357743312837556
2,2,0.0010245551820844412,0.00033557499409653246,0.9983707070350647,0.00026917934883385897
1,0,0.9994359612464905,0.00013044153456576169,0.0003046440542675555,0.00012888202036265284
2,2,0.0004930068971589208,0.00029626928153447807,0.9989829659461975,0.00022767239715903997
0,0,0.9994681477546692,0.00012177853204775602,0.00027685239911079407,0.00013318407582119107
0,0,0.99951171875,0.00011827550042653456,0.00023209107166621834,0.00013784816837869585
2,1,0.00015073786198627204,0.9995513558387756,0.00017109351756516844,0.0001267889456357807
1,1,0.00011822552914964035,0.9995879530906677,0.0001647356548346579,0.0001290460058953613
0,0,0.9992534518241882,0.00010041329369414598,0.0005180556909181178,0.00012800307013094425
2,2,0.00031763038714416325,0.0004030285927001387,0.9989290833473206,0.00035033232416026294
1,0,0.999423623085022,0.0002368345158174634,0.00021838994871359318,0.00012115326535422355
2,2,0.00031509011751040816,0.0005155589897185564,0.9989618062973022,0.00020748375391121954
1,1,0.00012342898116912693,0.9995679259300232,0.0001904248638311401,0.00011818202619906515
0,0,0.9995256662368774,0.00012040928413625807,0.00022885519138071686,0.00012502734898589551
1,1,0.0016767641063779593,0.9971318244934082,0.0009653690503910184,0.00022602072567678988
0,0,0.9993662238121033,0.00011963903671130538,0.0003696561907418072,0.00014443614054471254
0,0,0.9993833303451538,0.00013361801393330097,0.00033608730882406235,0.00014693611592520028
0,0,0.9994593262672424,0.00013053842121735215,0.00026082288241013885,0.0001492988085374236
1,2,0.0003396019455976784,0.0020008315332233906,0.9974350333213806,0.00022461084881797433
2,2,0.0003623703960329294,0.0005143778980709612,0.9989193677902222,0.00020388174743857235
2,2,0.0011919531971216202,0.02583598531782627,0.972399115562439,0.0005728830001316965
2,2,0.0003838126140180975,0.00018786938744597137,0.9990828037261963,0.0003455120313446969
0,0,0.9994780421257019,0.00011200476728845388,0.0002651189570315182,0.00014483369886875153
1,1,7.990260928636417e-05,0.9996013045310974,0.00017009887960739434,0.00014875135093461722
2,2,0.0005420772358775139,0.0002172977983718738,0.9990052580833435,0.00023535815125796944
0,0,0.9994155168533325,0.00011175631516380236,0.0003378279216121882,0.000134864792926237
2,2,0.0017938186647370458,0.0025134205352514982,0.9955405592918396,0.00015216255269479007
0,2,0.0015907959314063191,0.00026606451137922704,0.9979038238525391,0.00023929380404297262
1,2,0.0003076715220231563,0.00032872596057131886,0.9990977048873901,0.0002659867750480771
2,1,0.00010643612768035382,0.9995937943458557,0.00014844581892248243,0.00015136211004573852
0,0,0.9994113445281982,0.0002629564260132611,0.00020931214385200292,0.00011637670831987634
1,2,0.0002988625783473253,0.00029119395185261965,0.9991577863693237,0.0002522355644032359
1,1,0.00011828547576442361,0.9995265007019043,0.00022566858388017863,0.00012949062511324883
2,1,0.0008326750248670578,0.9778843522071838,0.020835086703300476,0.00044782142504118383
0,1,0.0011025825515389442,0.989618718624115,0.008950500749051571,0.00032822851790115237
0,0,0.9994747042655945,0.0001205703301820904,0.0002618280122987926,0.00014291820116341114
1,0,0.8128073215484619,0.023565391078591347,0.16329094767570496,0.00033634432475082576
3,2,0.0005385363474488258,0.00020037581271026284,0.9990288019180298,0.0002322560758329928
1,1,0.019010817632079124,0.9798229336738586,0.0006030515069141984,0.0005632310057990253
2,0,0.9994868040084839,0.00015187017561402172,0.00024292031594086438,0.00011833461030619219
0,0,0.9994858503341675,0.00013019985635764897,0.00027868355391547084,0.0001051948856911622
0,0,0.9994136095046997,0.00010754338291008025,0.0003418032720219344,0.00013708375627174973
1,0,0.895284116268158,0.10242434591054916,0.001527203363366425,0.0007642853888683021
2,2,0.0003185672394465655,0.0021293882746249437,0.9973053932189941,0.0002465314755681902
1,2,0.021793674677610397,0.0007251754868775606,0.9772441387176514,0.00023694310220889747
1,0,0.999487042427063,0.0001927528064697981,0.00018807144078891724,0.0001321632444160059
1,2,0.02530992403626442,0.0010820572497323155,0.973344624042511,0.0002634237753227353
0,0,0.9994895458221436,0.00013519107596948743,0.00024027389008551836,0.00013494619634002447
0,0,0.9994897842407227,0.00010300571011612192,0.00028548561385832727,0.000121677978313528
1,1,9.614423470338807e-05,0.9995579123497009,0.0002010622847592458,0.0001448773400625214
0,0,0.9994801878929138,0.00013931168359704316,0.0002548161137383431,0.00012561683251988143
2,1,0.00010327854397473857,0.9995600581169128,0.00018495281983632594,0.0001516312186140567
1,1,0.00010346151975682005,0.9996078610420227,0.0001546510902699083,0.00013409092207439244
2,2,0.0003059861483052373,0.00035214051604270935,0.9991169571876526,0.0002249372482765466
1,1,0.00012825395970139652,0.9995480179786682,0.00018031989748124033,0.0001433197467122227
0,0,0.9994768500328064,0.00012507729115895927,0.0002578027197159827,0.00014028232544660568
2,0,0.7682365775108337,0.0023980550467967987,0.22887520492076874,0.0004901235806755722
0,0,0.999487042427063,0.00011395019828341901,0.00025849693338386714,0.00014038922381587327
1,0,0.9966663718223572,0.0002017942169914022,0.003010120941326022,0.00012167724344180897
1,1,9.03783948160708e-05,0.9996156692504883,0.0001508708082837984,0.0001429819967597723
2,1,0.00020680195302702487,0.9994055032730103,0.00024313997710123658,0.00014455316704697907
0,0,0.9994025230407715,0.00020242156460881233,0.0002925246371887624,0.00010260016279062256
2,1,7.291881775017828e-05,0.9990918636322021,0.000650034926366061,0.00018524368351791054
1,2,0.001707914168946445,0.48527488112449646,0.5119691491127014,0.0010481032077223063
0,0,0.9994496703147888,0.0001029198756441474,0.00031430681701749563,0.00013311101065482944
0,1,0.0008118207915686071,0.9987800717353821,0.00021329445007722825,0.00019480669288896024
1,2,0.0002530945057515055,0.00029213461675681174,0.9991613626480103,0.0002934080548584461
2,2,0.0004613488563336432,0.0002137146657332778,0.9990637898445129,0.00026109960163012147
1,1,0.00012081827298970893,0.9995796084403992,0.000163207296282053,0.0001362934272037819
0,0,0.9991328120231628,0.00010515200847294182,0.0006284370901994407,0.00013362530444283038
2,1,0.000296403537504375,0.996768593788147,0.002764423144981265,0.00017058610683307052
2,0,0.998848557472229,0.00019469896506052464,0.000853313656989485,0.00010341645975131541
1,0,0.7954941391944885,0.20270739495754242,0.0008637477294541895,0.000934721203520894
0,0,0.9994277358055115,0.00015243652160279453,0.00026807026006281376,0.00015171802078839391
2,1,0.00011923048441531137,0.9995712637901306,0.00017988593026529998,0.00012969195086043328
0,0,0.9994920492172241,0.0001411170669598505,0.00022371431987266988,0.0001430651027476415
1,1,9.242623491445556e-05,0.9995948672294617,0.00017585545720066875,0.00013690856576431543
0,0,0.9995098114013672,0.00015369791071861982,0.00021146184008102864,0.00012505183985922486
1,1,0.00010096378537127748,0.9995935559272766,0.00017091170593630522,0.0001345871132798493
0,0,0.9994776844978333,0.00013042309728916734,0.00024168459640350193,0.00015028222696855664
0,0,0.999496579170227,0.00015098655421752483,0.00022334762616083026,0.0001289787469431758
0,0,0.999432384967804,0.00013215412036515772,0.0002906951413024217,0.00014472947805188596
1,1,0.00010366485366830602,0.9996218681335449,0.00014071419718675315,0.0001336565474048257
1,1,0.00010626592847984284,0.9995622038841248,0.00015868828631937504,0.0001728055503917858
2,1,0.00028478726744651794,0.9958048462867737,0.0037116440944373608,0.00019872825942002237
0,0,0.9994829893112183,0.00011167798948008567,0.0002646474167704582,0.00014065788127481937
0,1,0.00010760648729046807,0.9995834231376648,0.0001671909703873098,0.00014177478442434222
2,2,0.00027742941165342927,0.00027231834246777,0.9991623163223267,0.00028792329248972237
1,1,9.544133354211226e-05,0.9996131062507629,0.00015646757674403489,0.00013504372327588499
1,2,0.0007241281564347446,0.0002223964547738433,0.9988238215446472,0.00022960317437537014
0,0,0.9994545578956604,0.00012489546497818083,0.00026856287149712443,0.00015201335190795362
2,0,0.668958842754364,0.14466726779937744,0.18590416014194489,0.0004697787226177752
2,1,0.0006295414641499519,0.9947792291641235,0.004406310152262449,0.0001849928084993735
0,0,0.9994408488273621,0.00010952617594739422,0.0003039693692699075,0.00014572874351870269
1,1,0.00025641830870881677,0.9993566870689392,0.00018142664339393377,0.00020546122686937451
1,1,0.00010180102981394157,0.9995139837265015,0.0002353823510929942,0.0001488019188400358
2,2,0.003072401275858283,0.00028608323191292584,0.9964058995246887,0.00023564072034787387
0,0,0.9994993209838867,0.00011798630293924361,0.00024068354105111212,0.0001419889449607581
1,1,8.60838990774937e-05,0.9991986155509949,0.0005538213299587369,0.0001614870852790773
2,2,0.00029740887111984193,0.00032659832504577935,0.9991274476051331,0.00024855934316292405
0,0,0.9994913339614868,0.00012595448060892522,0.00024365018180105835,0.00013900669000577182
0,0,0.9994237422943115,0.00011470649769762531,0.00032180664129555225,0.0001398159802192822
1,1,0.00010020162881119177,0.9995844960212708,0.0001819813478505239,0.00013339851284399629
2,2,0.00037522788625210524,0.0011696097208186984,0.9982445240020752,0.0002106703323079273
0,0,0.9994717240333557,0.0001267608313355595,0.00025616478524170816,0.00014542143617291003
1,1,9.469126962358132e-05,0.9996090531349182,0.00015832402277737856,0.00013794429833069444
0,0,0.9984476566314697,0.0011521426495164633,0.00026576913660392165,0.00013440092152450234
2,2,0.00035974662750959396,0.0002709246473386884,0.9991029500961304,0.00026648715720511973
0,0,0.9994520545005798,0.00011792290752055123,0.0002822905080392957,0.00014772055146750063
1,1,9.248440619558096e-05,0.9996030926704407,0.00016607233555987477,0.00013838833547197282
0,0,0.9994444251060486,0.00012996433360967785,0.00029241250013001263,0.00013325613690540195
1,0,0.999491810798645,0.00012462005543056875,0.0002500387199688703,0.00013341096928343177
2,2,0.001692919060587883,0.00034302595304325223,0.9976766705513,0.0002873835910577327
0,0,0.9994720816612244,0.00011043011909350753,0.0002812130260281265,0.0001363398478133604
1,1,0.0003186353715136647,0.99445641040802,0.0048504844307899475,0.00037449158844538033
2,2,0.00044520979281514883,0.0005443845875561237,0.9988369345664978,0.00017352687427774072
0,1,0.10702693462371826,0.855288565158844,0.0371590293943882,0.0005255185533314943
1,0,0.6531640887260437,0.0030086820479482412,0.3433934450149536,0.0004336964339017868
2,2,0.00035636633401736617,0.0010947327828034759,0.9983043670654297,0.0002445417921990156
1,1,9.205519745592028e-05,0.9995920062065125,0.00018095126142725348,0.00013502646470442414
2,2,0.0003732748737093061,0.0002794711908791214,0.9991078972816467,0.0002393206232227385
0,0,0.9995067119598389,0.00012574433640111238,0.00024017492251005024,0.00012735453492496163
1,1,0.0003539343015290797,0.9993126392364502,0.00015791355690453202,0.00017548368487041444
0,0,0.9995205402374268,0.0001153323391918093,0.00023109812173061073,0.00013302946172188967
2,2,0.0003199964121449739,0.0002592210948932916,0.9991292357444763,0.0002915301884058863
2,2,0.0003035762347280979,0.00041984536801464856,0.9990226030349731,0.0002539834240451455
0,0,0.9994781613349915,0.0001392580015817657,0.0002730971318669617,0.00010948847921099514
1,1,0.00010708465561037883,0.9996107220649719,0.00015101127792149782,0.0001312538079218939
2,2,0.0006309470627456903,0.0002980243880301714,0.9988366961479187,0.00023428881831932813
3,2,0.0003323080309201032,0.00027179517201147974,0.9990971088409424,0.0002988720661960542
1,1,7.603238191222772e-05,0.9995670914649963,0.0002111076464643702,0.0001457579928683117
0,0,0.9994990825653076,0.00011771193385357037,0.00025040897889994085,0.00013276083336677402
2,2,0.0004157321236561984,0.00019882150809280574,0.9991140961647034,0.0002712446148507297
1,0,0.9994999170303345,0.00011955534864682704,0.0002468473685439676,0.00013357869465835392
2,1,0.05887506902217865,0.9376031756401062,0.00321719772182405,0.0003045518242288381
0,0,0.9994481205940247,0.00012505223276093602,0.0002807644195854664,0.0001459418999729678
1,1,0.0001266627077711746,0.9995909333229065,0.00016338354907929897,0.00011905035353265703
2,2,0.0003296760260127485,0.0002328701229998842,0.9991274476051331,0.00031002290779724717
1,1,0.0024837441742420197,0.9968944787979126,0.00038349878741428256,0.00023821314971428365
0,0,0.9994814991950989,0.0001301347219850868,0.00024304485123138875,0.00014530390035361052
2,2,0.0006854828097857535,0.002714772243052721,0.9963886737823486,0.0002111596695613116
1,1,0.0001660697307670489,0.9992995262145996,0.00040971915586851537,0.00012466764019336551
0,1,0.013974900357425213,0.9853255152702332,0.0003770221082959324,0.00032258071587421
0,0,0.999467670917511,0.00013499111810233444,0.00025114440359175205,0.00014621223090216517
2,2,0.00030538265127688646,0.0002617922145873308,0.9991493225097656,0.000283483590465039
1,1,0.00010272298823110759,0.9994555115699768,0.0002935064840130508,0.00014816618931945413
2,2,0.0016761706210672855,0.001025205128826201,0.9971691966056824,0.00012943471665494144
0,0,0.9994080066680908,0.00017366005340591073,0.0003113688144367188,0.00010700751590775326
1,1,0.00010041493806056678,0.9996167421340942,0.00014894799096509814,0.00013381069584283978
1,1,0.00010120901424670592,0.9996143579483032,0.00015284349501598626,0.00013154163025319576
2,2,0.0003434341342654079,0.0003535416617523879,0.9990954399108887,0.00020754357683472335
0,2,0.00031631015008315444,0.00033962662564590573,0.999119222164154,0.00022486505622509867
1,1,0.000147249098517932,0.9994483590126038,0.000286565104033798,0.00011783793161157519
2,2,0.00044902542140334845,0.0013832314871251583,0.9978718757629395,0.0002957817632704973
0,0,0.9994837045669556,9.67182859312743e-05,0.0002788581477943808,0.0001407402305630967
0,0,0.9995303153991699,0.00012498490104917437,0.0002172466047341004,0.00012745839194394648
1,1,0.00012246542610228062,0.9995880722999573,0.00014953807112760842,0.00013991660671308637
2,1,0.004579329397529364,0.9471648335456848,0.04794180393218994,0.0003140198823530227
1,1,0.00011388192069716752,0.9995962977409363,0.00016442578635178506,0.00012535066343843937
0,0,0.9994649291038513,0.00013883567589800805,0.00025611199089325964,0.00014005808043293655
2,2,0.0003404035815037787,0.0002232067781733349,0.999150276184082,0.00028615171322599053
1,2,0.00040426914347335696,0.00018378296226728708,0.9990850687026978,0.00032688703504391015
0,0,0.9995133876800537,0.00010673789802240208,0.00024546097847633064,0.00013446829689200968
2,2,0.00034465952194295824,0.0003311663749627769,0.9990450739860535,0.0002790818107314408
2,2,0.0003980287001468241,0.0003709709853865206,0.9990222454071045,0.00020881861564703286
1,0,0.9995036125183105,0.00011396936315577477,0.00024588030646555126,0.00013643586135003716
0,0,0.9995105266571045,0.00011610599904088303,0.00023313520068768412,0.0001401713816449046
2,2,0.0006993357674218714,0.0003273118054494262,0.9987712502479553,0.00020209855574648827
1,1,9.333015623269603e-05,0.9996024966239929,0.000165838937391527,0.00013830313400831074
0,0,0.9994410872459412,0.00010725075117079541,0.0003082681505475193,0.000143461802508682
0,0,0.9994866847991943,0.00014085264410823584,0.00023380116908811033,0.00013869510439690202
1,1,0.00010179718810832128,0.9995658993721008,0.00018409742915537208,0.00014822580851614475
2,1,8.96143465070054e-05,0.9995716214179993,0.0001924636453622952,0.00014629538054578006
1,1,0.000275117956334725,0.9994157552719116,0.00017285851936321706,0.0001363333431072533
0,2,0.0020342408679425716,0.000376103533199057,0.9974067807197571,0.00018284523684997112
2,2,0.0005317894974723458,0.0003159524640068412,0.9988939166069031,0.00025839207228273153
2,2,0.00030644488288089633,0.00029536071815527976,0.9991482496261597,0.000249904376687482
0,0,0.9994298815727234,0.00012253914610482752,0.00030285579850897193,0.00014472250768449157
1,1,0.00010283447045367211,0.9995893836021423,0.00016060534107964486,0.00014720640319865197
2,2,0.0003139412438031286,0.00342094199731946,0.9959118366241455,0.00035336363362148404
1,2,0.0005466484581120312,0.000292953074676916,0.9989332556724548,0.00022712736972607672
2,2,0.0003479430451989174,0.00025573413586243987,0.9991378784179688,0.0002584753674454987
0,0,0.999479353427887,0.0001245783205376938,0.0002535766689106822,0.0001425509253749624
0,0,0.9991921782493591,0.00011843934771604836,0.0005542330909520388,0.00013516888429876417
1,1,0.00014211727830115706,0.9995748400688171,0.00015801735571585596,0.00012503910693340003
2,2,0.006769964937120676,0.0006575628067366779,0.9923474788665771,0.00022493451251648366
0,0,0.9994863271713257,0.00011682837794069201,0.00025496355374343693,0.00014178738638292998
1,1,0.0002570623473729938,0.9992245435714722,0.00029850739520043135,0.00021984333579894155
2,2,0.00040338587132282555,0.014716329984366894,0.9844510555267334,0.0004292476805858314
0,0,0.9994800686836243,0.00011418697249609977,0.0002605495974421501,0.00014518070383928716
1,1,0.0001032380823744461,0.9995496869087219,0.00018194776203017682,0.00016514130402356386
0,0,0.9994989633560181,0.00012793469068128616,0.0002387444255873561,0.0001342850155197084
2,2,0.0003336563822813332,0.00031625613337382674,0.9991010427474976,0.00024914537789300084
1,1,0.00010047658724943176,0.99955815076828,0.00020461638632696122,0.00013681009295396507
0,0,0.9994916915893555,0.00011949144391110167,0.00024224806111305952,0.00014651684614364058
2,2,0.00030090106884017587,0.00032416911562904716,0.9990899562835693,0.00028506756643764675
1,1,9.928319195751101e-05,0.9996069073677063,0.00015674065798521042,0.00013706555182579905
0,2,0.0003309957683086395,0.00024152049445547163,0.999161958694458,0.0002655177959240973
2,1,0.00010958688653772697,0.9995887875556946,0.00016363192116841674,0.00013793230755254626
1,0,0.9994972944259644,0.00013187162403482944,0.00023297166626434773,0.00013786485942546278
0,0,0.999502420425415,0.00012136161240050569,0.00022983652888797224,0.00014632430975325406
2,1,0.00017990349442698061,0.9993752837181091,0.0003309411113150418,0.00011384621757315472
1,1,0.00013311703514773399,0.9995644688606262,0.00015975034330040216,0.00014257626025937498
0,0,0.9983528852462769,0.0001320779847446829,0.0014028857694938779,0.0001121371824410744
2,1,0.00013139455404598266,0.999582827091217,0.00015811796765774488,0.00012761882680933923
1,1,9.194202721118927e-05,0.9996340274810791,0.00014067834126763046,0.00013337016571313143
1,2,0.00078710971865803,0.00036339552025310695,0.9986171722412109,0.0002323617518413812
0,0,0.9994458556175232,0.00010816915892064571,0.0003088178054895252,0.0001371062098769471
2,2,0.00038022748776711524,0.006848854944109917,0.9924410581588745,0.0003298191586509347
0,0,0.9994619488716125,0.00012363640416879207,0.00026416979380883276,0.00015027340850792825
0,0,0.9994753003120422,0.00011204762267880142,0.00027190428227186203,0.00014079704124014825
1,2,0.004130817484110594,0.0004036084865219891,0.9951956868171692,0.00026995004736818373
1,2,0.00030122132739052176,0.0004469181876629591,0.9990198612213135,0.00023198571579996496
2,1,0.00040257308864966035,0.999096155166626,0.0002880783285945654,0.00021314718469511718
0,0,0.9994816184043884,0.00012786075240001082,0.0002443505509290844,0.00014613926759921014
3,0,0.9994876384735107,0.00013210874749347568,0.00024914913228712976,0.00013108804705552757
0,0,0.999470055103302,0.00017108922475017607,0.000252446043305099,0.0001064015450538136
1,1,9.396328096045181e-05,0.9996066689491272,0.00016804270853754133,0.00013133791799191386
0,0,0.9995001554489136,9.812051575863734e-05,0.00026197783881798387,0.00013967113045509905
1,1,0.00019101631187368184,0.9994885921478271,0.00017752422718331218,0.00014280520554166287
2,2,0.0002865379792638123,0.0002280675107613206,0.9991374015808105,0.00034791085636243224
0,0,0.999452531337738,0.00011279221507720649,0.00028514544828794897,0.00014956113591324538
2,2,0.0003661559312604368,0.0002480676048435271,0.9991382360458374,0.00024749196018092334
1,1,0.00011426959827076644,0.9995843768119812,0.00017182191368192434,0.00012953506666235626
2,2,0.00026172457728534937,0.0002988694468513131,0.9991293549537659,0.00031006871722638607
0,0,0.9992173910140991,0.0004807331715710461,0.00017529034812469035,0.00012646199320442975
1,1,0.00010261272109346464,0.9996078610420227,0.0001532780734123662,0.0001363739720545709
2,1,0.0007731711957603693,0.9988237023353577,0.00021898212435189635,0.00018405672744847834
0,0,0.99930739402771,0.0003097406297456473,0.00027468125335872173,0.00010815438872668892
1,1,0.0024757971987128258,0.9828282594680786,0.014474454335868359,0.00022158576757647097
0,2,0.0020353735890239477,0.00024127073993440717,0.9974825978279114,0.00024077769194263965
1,1,0.000187933212146163,0.9993516802787781,0.00029104805435054004,0.00016928908007685095
1,0,0.9987865090370178,0.00034227181458845735,0.0007754858233965933,9.573126590112224e-05
0,0,0.9994829893112183,0.00010679187107598409,0.0002814407052937895,0.00012880060239695013
2,2,0.0002597648708615452,0.0003663966781459749,0.9990845918655396,0.0002892005431931466
1,1,0.00010980063234455884,0.9996071457862854,0.00015774526400491595,0.00012537665315903723
1,1,9.054786642082036e-05,0.9995952248573303,0.00016608495207037777,0.00014807756815571338
2,2,0.00021013828518334776,0.0015800923574715853,0.9979413151741028,0.00026851039729081094
0,0,0.9994558691978455,0.00012566530494950712,0.0002669437672011554,0.0001515006588306278
0,0,0.999464213848114,0.00011674804409267381,0.0002749156847130507,0.0001441263739252463
2,2,0.0003976698499172926,0.0002925086300820112,0.9990600943565369,0.0002497031819075346
1,1,0.0001281069708056748,0.9995763897895813,0.00016942890943028033,0.00012604150106199086
1,1,7.681112765567377e-05,0.9996187686920166,0.00016271202184725553,0.00014172046212479472
0,0,0.999477207660675,0.00010667562310118228,0.00026948103914037347,0.00014666205970570445
2,1,0.00012351747136563063,0.9994789958000183,0.00028077472234144807,0.00011673863627947867
1,1,0.00010838462185347453,0.9995912909507751,0.00016246162704192102,0.0001379138557240367
0,0,0.9993522763252258,0.00010377792204963043,0.0004012793942820281,0.00014270105748437345
2,2,0.00034477078588679433,0.0002663003688212484,0.9991256594657898,0.0002632804389577359
0,0,0.9994768500328064,0.0001240195706486702,0.00025723050930537283,0.00014188842033036053
2,2,0.0004196669615339488,0.00023572634381707758,0.9990997314453125,0.00024481923901475966
1,1,0.00014527548046316952,0.9995377063751221,0.00018912907398771495,0.00012794145732186735
0,0,0.9995104074478149,0.00010494596062926576,0.0002473391650710255,0.00013732878142036498
2,1,7.554971671197563e-05,0.9995490908622742,0.00023442106612492353,0.0001409918040735647
2,2,0.00032504001865163445,0.00022400518355425447,0.9991521835327148,0.00029874095343984663
2,2,0.00038156291702762246,0.0002534434897825122,0.9991260170936584,0.0002389846631558612
1,0,0.9979419112205505,0.0015676527982577682,0.0002536975662223995,0.000236615160247311
0,0,0.999464213848114,0.00015143734344746917,0.0002524281735531986,0.00013186510477680713
2,2,0.0002898189122788608,0.0002389810251770541,0.9991575479507446,0.000313733471557498
0,0,0.9994710087776184,0.00011424029798945412,0.0002630386152304709,0.00015170563710853457
1,0,0.99950110912323,0.00012519430310931057,0.00022613510373048484,0.000147525905049406
0,0,0.999448835849762,0.00011944644938921556,0.00029505480779334903,0.00013670514454133809
1,1,0.00012297560169827193,0.9995595812797546,0.00015090811939444393,0.00016646548465359956
2,2,0.000651160953566432,0.00022406800417229533,0.9988607168197632,0.0002640642342157662
3,0,0.9994738698005676,0.0001186760637210682,0.00026895530754700303,0.0001386087096761912
0,2,0.0004968101275153458,0.0003449266077950597,0.9989325404167175,0.00022575400362256914
2,0,0.9895713329315186,0.00021073136304039508,0.00987409707158804,0.00034387450432404876
0,0,0.9993799924850464,0.00021349302551243454,0.00027920890715904534,0.00012723630061373115
2,2,0.0002614053664728999,0.0003112390695605427,0.9990973472595215,0.0003299617674201727
1,1,0.00011035959323635325,0.999593198299408,0.00015916125266812742,0.00013725608005188406
0,0,0.9994142055511475,0.0001003810903057456,0.00035115875652991235,0.0001343156473012641
1,2,0.00023718707961961627,0.004325774032622576,0.9950779676437378,0.00035899720387533307
2,2,0.0002705633523873985,0.00030036215321160853,0.9991416931152344,0.00028736868989653885
2,0,0.9994725584983826,0.0001227564353030175,0.00025058386381715536,0.00015411856293212622
0,0,0.9994884729385376,0.00011282737978035584,0.00025034378631971776,0.00014834245666861534
1,1,0.0001452877331757918,0.9994970560073853,0.00021243664377834648,0.00014522984565701336
1,1,0.00011948977044085041,0.9995787739753723,0.0001649542391533032,0.00013677011884283274
3,0,0.999448835849762,0.000185636046808213,0.0002381150989094749,0.0001273886882700026
0,1,0.014388330280780792,0.9848400950431824,0.0004384106141515076,0.0003331333864480257
2,2,0.0007173356716521084,0.14597125351428986,0.8524858951568604,0.0008254144922830164
2,2,0.002263027708977461,0.17805199325084686,0.8189510107040405,0.0007340059382840991
0,1,0.09263475239276886,0.9056867361068726,0.0011966242454946041,0.000481888564536348
0,0,0.9994858503341675,0.00011563782027224079,0.00025291898055002093,0.000145525045809336
1,1,0.0011924385325983167,0.9866985082626343,0.011883062310516834,0.0002259143948322162
2,2,0.0007069048588164151,0.0017914396012201905,0.9972860813140869,0.0002155644033337012
1,1,0.00010437258606543764,0.999600350856781,0.00015824654838070273,0.00013700101408176124
0,0,0.9994431138038635,0.00023442995734512806,0.00018908627680502832,0.0001333174732280895
2,2,0.00027477965340949595,0.0002660311001818627,0.9991382360458374,0.00032091618049889803
0,0,0.9994750618934631,0.00014419859508052468,0.00024658854817971587,0.00013411582040134817
2,2,0.00030444731237366796,0.00037408468779176474,0.9990744590759277,0.0002469786850269884
1,1,9.290890739066526e-05,0.999579131603241,0.00018083766917698085,0.00014718227612320334
1,1,0.00012202887592138723,0.9995418787002563,0.0001584712153999135,0.0001776268327375874
0,0,0.9995137453079224,0.00016099111235234886,0.00020363608200568706,0.00012162577331764624
2,2,0.0003257520729675889,0.00019732140935957432,0.999147891998291,0.0003289604792371392
0,0,0.9994661211967468,0.00015524531772825867,0.0002380474761594087,0.00014063793059904128
1,1,0.00010043862857855856,0.9996161460876465,0.0001467738184146583,0.00013650704931933433
2,1,0.0001027006801450625,0.9994500279426575,0.0002583774330560118,0.00018886951147578657
2,2,0.000258635584032163,0.0003229964931961149,0.9991270899772644,0.0002912908385042101
0,0,0.9994922876358032,0.0001131580866058357,0.0002563215675763786,0.00013827338989358395
2,0,0.9990517497062683,0.00020408016280271113,0.000646217493340373,9.796964877750725e-05
0,0,0.9994813799858093,0.00012852394138462842,0.0002510767080821097,0.0001390880352118984
1,0,0.9963886737823486,0.0031002205796539783,0.0003891452797688544,0.00012201209756312892
2,0,0.9993896484375,0.00014876709610689431,0.0003395165840629488,0.00012205998791614547
1,1,7.763024041196331e-05,0.9995488524436951,0.0002287758543388918,0.0001448257389711216
2,0,0.9994801878929138,0.00012465972395148128,0.0002587687049526721,0.00013644254067912698
2,2,0.00037476030411198735,0.00022264457948040217,0.9991260170936584,0.0002765874669421464
0,0,0.9991527795791626,0.00011472758342279121,0.0006088997470214963,0.00012365345901343971
1,1,0.00013934298476669937,0.9989451766014099,0.0007684837328270078,0.0001470889401389286
2,2,0.0003632597508840263,0.0002848349104169756,0.9990993738174438,0.00025255148648284376
1,2,0.000273222743999213,0.0010228425962850451,0.9984799027442932,0.00022405436902772635
0,0,0.9994807839393616,0.00014810552238486707,0.0002422442485112697,0.00012889849313069135
2,2,0.0034707433078438044,0.0005551172071136534,0.9958219528198242,0.00015218857151921839
0,0,0.9994736313819885,0.0001275516115128994,0.000260453496593982,0.00013838254380971193
2,2,0.0003759687242563814,0.0002089661720674485,0.999129593372345,0.0002854330523405224
1,1,0.0004640069091692567,0.9992363452911377,0.00016851832333486527,0.00013119226787239313
1,1,0.00010025559458881617,0.9995697140693665,0.00017447772552259266,0.00015551735123153776
0,0,0.9993942975997925,0.00032419676426798105,0.00016289718041662127,0.00011859093501698226
2,2,0.0002245424984721467,0.00041549993329681456,0.9990647435188293,0.0002952811191789806
1,1,0.00010127767745871097,0.9996011853218079,0.0001581095566507429,0.00013939288328401744
2,2,0.0005067922174930573,0.00024316213966812938,0.9990248680114746,0.00022526814427692443
0,0,0.9995205402374268,0.00011871613241964951,0.0002241069742012769,0.00013659738760907203
0,0,0.9994761347770691,0.00011462535621831194,0.0002708692627493292,0.00013844031491316855
1,1,0.00010049049888039008,0.9996089339256287,0.0001597719092387706,0.00013089706772007048
0,2,0.001178906881250441,0.0003494526899885386,0.9982927441596985,0.00017891019524540752
0,0,0.999452531337738,0.00015806645387783647,0.0002568408672232181,0.0001324756449321285
2,2,0.0005357159534469247,0.00022676265507470816,0.9990007281303406,0.00023685829364694655
1,1,0.000980268232524395,0.9187443256378174,0.07977466285228729,0.000500790192745626
1,1,9.109253733186051e-05,0.9995242357254028,0.00024758733343333006,0.00013714260421693325
2,2,0.00030839594546705484,0.0013536190381273627,0.9981204867362976,0.00021746383572462946
0,1,0.00010307697812095284,0.9996091723442078,0.00015171330596785992,0.00013605978165287524
0,0,0.9994863271713257,0.0001447792601538822,0.00022873646230436862,0.0001401074550813064
1,1,0.00011972362699452788,0.9995655417442322,0.00019035630975849926,0.00012440647697076201
2,2,0.000371063215425238,0.00025950450799427927,0.9991089701652527,0.00026045061531476676
1,1,9.225041139870882e-05,0.999613344669342,0.00015972585242707282,0.00013464331277646124
2,2,0.00047903400263749063,0.00020164284796919674,0.9990769624710083,0.00024232035502791405
0,0,0.9994630217552185,0.00011478476517368108,0.0002876621438190341,0.00013459919136948884
0,0,0.9994682669639587,0.00011890990572283044,0.0002721929340623319,0.00014064185961615294
1,1,0.00010066968388855457,0.9996117949485779,0.00015190249541774392,0.0001355723652523011
2,2,0.00029685223125852644,0.00024163484340533614,0.9991575479507446,0.0003039892762899399
2,2,0.004840638488531113,0.0005435882485471666,0.9943206310272217,0.0002951358328573406
1,1,0.0001158463055617176,0.9995953440666199,0.00014705517969559878,0.000141816635732539
0,0,0.9994184970855713,0.00011462803377071396,0.00031995202880352736,0.00014683970948681235
0,2,0.0003605581587180495,0.00023179453273769468,0.9991078972816467,0.00029970446485094726
0,1,0.0012090431991964579,0.9975595474243164,0.0008833050960674882,0.0003480201121419668
1,1,8.835068729240447e-05,0.9996106028556824,0.0001504889369243756,0.00015066988999024034
1,1,0.00011150426144013181,0.9996103644371033,0.00014444290718529373,0.0001337068824796006
2,2,0.00030052976217120886,0.000619811296928674,0.9988539218902588,0.0002257625019410625
0,0,0.9994674324989319,0.00012475709081627429,0.0002609742805361748,0.00014693431148771197
2,2,0.000781377253588289,0.00021760063827969134,0.9987646341323853,0.00023633462842553854
1,2,0.000438194430898875,0.03582398593425751,0.9631456732749939,0.0005922102136537433
0,0,0.999467670917511,0.00012005397002212703,0.0002760921197477728,0.0001362695766147226
1,1,0.00010693548392737284,0.999610960483551,0.00015001199790276587,0.00013217030209489167
0,0,0.9986732006072998,0.0009780367836356163,0.00023283773043658584,0.0001159752209787257
2,2,0.004468652885407209,0.0004482659278437495,0.9949042797088623,0.000178829490323551
2,0,0.9994627833366394,0.00013607021537609398,0.00027445476735010743,0.00012665057147387415
3,1,9.125588258029893e-05,0.9995313882827759,0.00022414897102862597,0.00015324924606829882
2,1,0.00014498062955681235,0.9995601773262024,0.0001675753010204062,0.0001272115478059277
1,2,0.00026684001204557717,0.0002770524297375232,0.9991501569747925,0.0003059997980017215
0,0,0.9992461204528809,0.0003938785521313548,0.00025707477470859885,0.00010295544780092314
2,2,0.00030649875407107174,0.0002884461428038776,0.9991389513015747,0.00026617213734425604
2,1,0.00011180611181771383,0.9991717338562012,0.0005725742666982114,0.00014384009409695864
2,1,0.0001031074280035682,0.9995612502098083,0.0002179489383706823,0.00011767289834097028
0,0,0.9867686629295349,0.012243388220667839,0.0008023511618375778,0.00018564709171187133
1,1,0.00013312192459125072,0.9994305968284607,0.00031865385244600475,0.00011758505570469424
0,0,0.9994391798973083,0.00011221617023693398,0.000304527988191694,0.00014406836999114603
1,1,9.38160956138745e-05,0.9995762705802917,0.0001929649879457429,0.0001368574594380334
0,0,0.9994950294494629,0.00011927847663173452,0.00024727877462282777,0.0001384927163599059
2,2,0.0003643301606643945,0.000271144846919924,0.9991334080696106,0.00023110138135962188
1,1,0.0001044221717165783,0.9995232820510864,0.00021222696523182094,0.0001599732058821246
1,1,7.98117762315087e-05,0.9995415210723877,0.00021982644102536142,0.00015880202408879995
2,2,0.0002565747417975217,0.0006138011813163757,0.9988977909088135,0.00023175305977929384
2,0,0.9994839429855347,0.00012020200665574521,0.0002701727207750082,0.00012554139539133757
0,2,0.00036633104900829494,0.00019700254779309034,0.9991157650947571,0.00032080188975669444
1,1,0.00010946998372673988,0.9995914101600647,0.00016695537487976253,0.00013218812819104642
1,1,0.0001113946782425046,0.9995301961898804,0.0001940315414685756,0.00016443435742985457
1,1,0.00015120967873372138,0.9995504021644592,0.0001583210687385872,0.00013995081826578826
0,0,0.9995065927505493,0.00012903280730824918,0.00023865723051130772,0.00012574168795254081
2,2,0.00047437072498723865,0.0004170556494500488,0.998917818069458,0.0001907827245304361
0,0,0.9991676807403564,0.0001497669582022354,0.0005845019477419555,9.810517803998664e-05
1,1,8.334380981978029e-05,0.9995251893997192,0.00024074992688838392,0.00015076050476636738
2,2,0.00027340755332261324,0.001803136896342039,0.9976575374603271,0.0002658512385096401
0,0,0.9994935989379883,0.00011549940245458856,0.00025187362916767597,0.00013902728096581995
1,1,0.00011388963321223855,0.9995972514152527,0.0001555499475216493,0.00013332683010958135
0,0,0.9994959831237793,0.00011416332563385367,0.00024483553715981543,0.00014494893548544496
2,0,0.9994576573371887,0.00012894764950033277,0.0002997176197823137,0.00011361285578459501
0,2,0.0008929154719226062,0.007352372165769339,0.9915385842323303,0.0002160771982744336
1,0,0.9992934465408325,0.0004257678519934416,0.00016075912571977824,0.0001200841143145226
2,2,0.0003395452513359487,0.0009498338913545012,0.9984879493713379,0.0002226106298621744
1,0,0.9995250701904297,0.00011817627819254994,0.00022202600666787475,0.00013480396592058241
0,1,0.4570336937904358,0.5371432900428772,0.004539537243545055,0.0012834849767386913
0,0,0.9994701743125916,0.0001388797099934891,0.0002529198245611042,0.0001380608300678432
2,2,0.00036212080158293247,0.0002060250408248976,0.9991532564163208,0.00027857167879119515
1,0,0.8714075088500977,0.0028712956700474024,0.1254308521747589,0.0002902495616581291
2,2,0.00032305027707479894,0.0002623949258122593,0.9991182684898376,0.0002963580482173711
0,0,0.9994727969169617,0.00012028402124997228,0.00025818697758950293,0.00014871831808704883
1,1,0.00012713149772025645,0.9995476603507996,0.0001854912261478603,0.00013964368554297835
0,0,0.9994373917579651,0.00014317601744551212,0.0002691569388844073,0.00015025382163003087
1,1,9.687153942650184e-05,0.9995830655097961,0.00018161629850510508,0.00013847732043359429
0,1,0.0025285561569035053,0.9970261454582214,0.00026127425371669233,0.0001839496981119737
0,1,0.00022951247228775173,0.9994885921478271,0.0001472505391575396,0.0001346280478173867
1,1,0.00019783938478212804,0.9995319843292236,0.00013885584485251456,0.0001312967942794785
2,1,0.00012459896970540285,0.9995494484901428,0.00020554025832097977,0.00012034511746605858
2,2,0.00034971864079125226,0.00020628028141800314,0.9991439580917358,0.0003001019940711558
0,0,0.9994916915893555,0.0001231409260071814,0.0002594277320895344,0.0001258109405171126
1,1,7.801379251759499e-05,0.9995946288108826,0.0001852449931902811,0.0001421162742190063
2,0,0.9992212057113647,0.00012511448585428298,0.0005188446375541389,0.00013478509208653122
1,1,0.0001431859564036131,0.9995697140693665,0.00015338644152507186,0.00013369187945500016
0,0,0.999417781829834,0.00010830433893715963,0.00032903579995036125,0.0001448117254767567
1,1,9.436595428269356e-05,0.9996095299720764,0.00016302007134072483,0.00013312925875652581
2,1,0.0009527190122753382,0.829314649105072,0.16834712028503418,0.001385516719892621
0,1,0.06812400370836258,0.9300252199172974,0.0007626478327438235,0.0010881762718781829
1,1,0.00010705352178774774,0.999510645866394,0.0002123427257174626,0.0001699344429653138
2,1,0.00011870209709741175,0.9990783929824829,0.0006175719317980111,0.0001852782879723236
0,0,0.9918327331542969,0.007259074132889509,0.0007609693566337228,0.0001472285221097991
2,2,0.00023718387819826603,0.0014695943100377917,0.9979413151741028,0.0003519041638355702
1,1,0.0013105947291478515,0.7700406312942505,0.22784553468227386,0.0008032467449083924
0,2,0.0002680519537534565,0.000370680820196867,0.9990346431732178,0.0003265988198108971
2,0,0.9990355968475342,0.00011583576997509226,0.0007326812483370304,0.00011590273061301559
0,0,0.9994933605194092,0.00013270185445435345,0.00023003136448096484,0.0001438908075215295
1,1,0.0012596435844898224,0.9983510971069336,0.00021242754883132875,0.00017689334345050156
0,0,0.9994839429855347,0.00011858178186230361,0.00025319456472061574,0.00014427969290409237
0,0,0.9994827508926392,0.00012255065666977316,0.000254012702498585,0.00014068186283111572
1,1,0.0001561386015964672,0.9994681477546692,0.00023953523486852646,0.0001361589675070718
1,1,8.798595081316307e-05,0.9996088147163391,0.00016581438831053674,0.00013736652908846736
2,2,0.0005704642389900982,0.00023895497724879533,0.9989332556724548,0.0002572804514784366
0,0,0.9994210004806519,0.00011455292406026274,0.0003220590588171035,0.000142432123539038
1,1,9.018101991387084e-05,0.9996077418327332,0.0001691261859377846,0.00013302646402735263
0,0,0.9993686079978943,0.0001656646782066673,0.0003445162146817893,0.00012126196088502184
2,2,0.00031652924371883273,0.00024582911282777786,0.9991544485092163,0.00028325480525381863
1,1,0.002054311102256179,0.9972209930419922,0.00035518556251190603,0.00036949271452613175
0,0,0.9995319843292236,0.0001297495764447376,0.00020829547429457307,0.00012997633893974125
2,0,0.9995156526565552,0.00014924941933713853,0.0002096288517350331,0.00012555578723549843
0,0,0.9994552731513977,0.0001201947670779191,0.00027171222609467804,0.00015278201317414641
3,2,0.00035183830186724663,0.00048392030294053257,0.9989175796508789,0.00024663531803525984
1,1,7.779262523399666e-05,0.9996156692504883,0.00015368986350949854,0.00015277040074579418
2,2,0.000308012095047161,0.00021917885169386864,0.9991539716720581,0.0003188650298397988
0,0,0.9994845390319824,0.00012018006964353845,0.0002529188641346991,0.00014231301611289382
1,2,0.00029169724439270794,0.0005439896485768259,0.9989593029022217,0.00020509512978605926
2,2,0.0003094690036959946,0.0007708941702730954,0.9986863732337952,0.00023327911912929267
1,1,0.00015069440996740013,0.9993384480476379,0.00036283163353800774,0.00014792705769650638
0,0,0.9995075464248657,0.00011256791185587645,0.000234524006373249,0.00014537920651491731
2,2,0.0004824011994060129,0.0004925513057969511,0.9988330006599426,0.00019214981875848025
1,2,0.00034553170553408563,0.0011570403585210443,0.9982909560203552,0.00020649313228204846
0,0,0.9986553192138672,0.0001156205398729071,0.001034255139529705,0.00019471718405839056
2,2,0.000309414608636871,0.00029955050558783114,0.99913090467453,0.0002601758169475943
0,0,0.9994588494300842,0.00014711364929098636,0.00028175345505587757,0.00011230027303099632
1,1,0.00010075869067804888,0.9996114373207092,0.0001559308875584975,0.0001319171133218333
1,0,0.9989067316055298,0.00023871265875641257,0.0007172308978624642,0.00013736840628553182
0,0,0.9994596838951111,0.00012093968689441681,0.00026409761630930007,0.00015518303553108126
2,2,0.000248146039666608,0.0005956260138191283,0.9989157915115356,0.0002404035913059488
0,0,0.9995046854019165,0.00012254294415470213,0.00022937504400033504,0.0001433894067304209
1,2,0.0011936200316995382,0.0003885995247401297,0.9982213377952576,0.00019636796787381172
1,2,0.0012321638641878963,0.17824412882328033,0.8193931579589844,0.0011306238593533635
1,0,0.9995040893554688,0.00015494473336730152,0.00020051017054356635,0.00014046984142623842
2,2,0.0003266500134486705,0.00030255946330726147,0.9991149306297302,0.0002557909465394914
0,0,0.9994805455207825,0.00012346479343250394,0.0002480193506926298,0.00014798871416132897
0,0,0.9994959831237793,0.0001174310382339172,0.00024525783373974264,0.00014135940000414848
2,1,0.00012882612645626068,0.999208390712738,0.0005126231117174029,0.00015023327432572842
1,1,8.702096238266677e-05,0.9995059967041016,0.0002516431559342891,0.00015534734120592475
2,2,0.00037690193857997656,0.0003383415169082582,0.9990490078926086,0.0002357098856009543
1,1,9.061425225809216e-05,0.9994877576828003,0.00028277322417125106,0.00013885964290238917
0,0,0.9994837045669556,0.00014207966160029173,0.00022437887673731893,0.00014986137102823704
2,1,9.955237328540534e-05,0.9996213912963867,0.00014282431220635772,0.00013620230311062187
0,0,0.9994680285453796,0.00011501600238261744,0.00026888016145676374,0.00014805210230406374
1,1,8.701701881363988e-05,0.9995874762535095,0.00017442724492866546,0.00015113815607037395
1,1,0.00011371613800292835,0.9995585083961487,0.00018741989333648235,0.00014042577822692692
0,0,0.9994896650314331,0.00010713962547015399,0.0002609116490930319,0.00014220736920833588
2,2,0.009392653591930866,0.00034223764669150114,0.9900034070014954,0.0002617156715132296
2,1,0.0003122448397334665,0.9977547526359558,0.0017769724363461137,0.0001560605742270127
1,1,6.6412627347745e-05,0.9994745850563049,0.00028179120272397995,0.00017734321590978652
0,0,0.9993855953216553,0.00010697339894250035,0.0003653174208011478,0.00014211203961167485
0,0,0.9994638562202454,0.00012557250738609582,0.0002650004462338984,0.00014559582632500678
2,2,0.00031338375993072987,0.00030149839585646987,0.9991372227668762,0.00024793462944217026
1,1,0.00011004077532561496,0.9995916485786438,0.00016208115266636014,0.00013617552758660167
2,2,0.00048330650315620005,0.000241966059547849,0.9989805817604065,0.0002942002611234784
1,1,0.00012131081166444346,0.9995920062065125,0.00014833870227448642,0.00013832477270625532
0,0,0.9994545578956604,0.00011755726154660806,0.00027890029014088213,0.0001489466812927276
2,2,0.0004981587408110499,0.00022622142569161952,0.9990496039390564,0.00022600450029131025
1,1,0.00010821651085279882,0.99955815076828,0.00019197765504941344,0.0001416861778125167
0,0,0.9993044137954712,0.00018783329869620502,0.0004015897575300187,0.00010620853572618216
2,2,0.00035204796586185694,0.0002495869994163513,0.9991219639778137,0.0002763698576018214
1,1,9.18220030143857e-05,0.999603807926178,0.00016691097698640078,0.0001374638668494299
0,0,0.9988781809806824,9.059837611857802e-05,0.0009109601960517466,0.00012028585479129106
2,0,0.9994598031044006,0.00012044246977893636,0.00028392235981300473,0.00013585950364358723
1,1,7.308306521736085e-05,0.9995980858802795,0.0001912705774884671,0.00013762834714725614
0,0,0.9994637370109558,0.00010553932952461764,0.0002915763179771602,0.0001391496480209753
2,2,0.0002793910098262131,0.0004883786896243691,0.9990079998970032,0.0002242282498627901
1,1,0.00010105605906574056,0.9995896220207214,0.0001687828334979713,0.00014054081111680716
0,0,0.999439537525177,0.00013926843530498445,0.000292084994725883,0.00012902046728413552
0,0,0.9994915723800659,0.0001179233004222624,0.00024549730005674064,0.00014499918324872851
1,1,0.0001062289229594171,0.9996125102043152,0.00014110097254160792,0.00014016401837579906
2,1,0.022325076162815094,0.9744978547096252,0.0023977761156857014,0.000779317575506866
0,0,0.9994799494743347,0.00012414455704856664,0.0002702510100789368,0.00012571076513268054
1,0,0.9994196891784668,0.00013111789303366095,0.00032005435787141323,0.00012921873712912202
2,1,0.00011207352508790791,0.9928389191627502,0.006329501513391733,0.0007195239304564893
1,1,0.000215728665352799,0.9981726408004761,0.0013866450171917677,0.0002250514953630045
0,0,0.9994739890098572,0.00012136557052144781,0.0002591427182778716,0.00014552136417478323
2,2,0.00038027987466193736,0.000286213296931237,0.9990736246109009,0.0002598735154606402
0,0,0.9994083642959595,0.0002760673232842237,0.00018673486192710698,0.00012883053568657488
2,2,0.0004066038818564266,0.0002672421105671674,0.9990843534469604,0.00024183870118577033
1,1,0.00010635145008563995,0.9995960593223572,0.0001659634872339666,0.00013166196004021913
1,1,9.621136268833652e-05,0.9996083378791809,0.00015993721899576485,0.000135491878609173
0,2,0.0006889354554004967,0.00024465296883136034,0.9988497495651245,0.0002166759077226743
0,0,0.9993155002593994,0.00011124474258394912,0.0004502989468164742,0.0001229514309670776
2,1,9.918815339915454e-05,0.9996172189712524,0.00014890900638420135,0.0001346747885691002
1,1,9.946300997398794e-05,0.999614953994751,0.00015422845899593085,0.00013134839537087828
0,0,0.9993247985839844,0.00031517818570137024,0.0002102931757690385,0.00014983223809394985
1,1,9.644679084885865e-05,0.9995794892311096,0.00017051547183655202,0.00015361527039203793
0,0,0.9994640946388245,0.00010823284537764266,0.0002833841717801988,0.0001443204382667318
0,2,0.00045967529877088964,0.00021045950416009873,0.9990779161453247,0.0002519249974284321
0,0,0.9994738698005676,0.00011082955461461097,0.000266201444901526,0.00014913646737113595
2,1,0.00010361232853028923,0.9996129870414734,0.00015320417878683656,0.00013028732792008668
2,2,0.00030202686320990324,0.00021496940462384373,0.9991336464881897,0.0003493441909085959
0,0,0.9994947910308838,0.0001257453695870936,0.00023505795979872346,0.00014432487660087645
2,2,0.0010547428391873837,0.01830282248556614,0.9803594946861267,0.0002829770965036005
1,0,0.9994773268699646,0.00012248898565303534,0.00025576245388947427,0.00014434917829930782
1,1,7.864493818487972e-05,0.9995899796485901,0.00017795534222386777,0.00015343650011345744
2,2,0.00027874959050677717,0.0009808257455006242,0.9985277652740479,0.00021264332463033497
2,2,0.0003043452452402562,0.00025665247812867165,0.9991605281829834,0.0002785436809062958
0,0,0.9994834661483765,0.00013781574671156704,0.00024572978145442903,0.00013299040438141674
2,0,0.9994778037071228,0.0001371892140014097,0.00025550855207256973,0.00012954299745615572
1,1,0.00011115949018858373,0.9995967745780945,0.0001630895130801946,0.00012904753384646028
1,2,0.00040697152144275606,0.0004959055804647505,0.9988645315170288,0.00023254101688507944
2,2,0.0002734211157076061,0.00028758752159774303,0.9991428852081299,0.00029605175950564444
0,0,0.9994733929634094,0.00010978741192957386,0.0002716212475206703,0.0001452205760870129
1,1,0.00010617022780934349,0.9996053576469421,0.00015092696412466466,0.00013748413766734302
0,0,0.99830162525177,0.0013952169101685286,0.0001641851122258231,0.0001388857199344784
2,2,0.0003600228810682893,0.0002969607012346387,0.9991070628166199,0.0002359570498811081
2,1,0.00013306627806741744,0.9994158744812012,0.00027529458748176694,0.00017577451944816858
0,0,0.9993911981582642,0.00028865269268862903,0.00019706343300640583,0.00012313674960751086
1,1,9.83510326477699e-05,0.9996246099472046,0.00013631462934426963,0.00014075095532462
1,1,7.797296711942181e-05,0.9996232986450195,0.00015313405310735106,0.0001456083555240184
0,0,0.9994863271713257,0.000149913365021348,0.00023048120783641934,0.00013324506289791316
2,2,0.00035838616895489395,0.00030259822960942984,0.9991057515144348,0.00023320288164541125
0,0,0.9994718432426453,0.00011537953105289489,0.0002596497652120888,0.00015314370102714747
1,0,0.9994763731956482,0.00011937651288462803,0.00025483121862635016,0.0001494541938882321
2,1,0.00015375947987195104,0.9995498061180115,0.0001435099693480879,0.00015289208386093378
2,1,0.00010738459241110831,0.9995953440666199,0.0001652336068218574,0.00013205067079979926
0,0,0.9995083808898926,0.00012861116556450725,0.0002171589876525104,0.00014578140689991415
1,1,8.187654748326167e-05,0.9996057152748108,0.00017384355305694044,0.00013857147132512182
1,1,8.467681618640199e-05,0.9996113181114197,0.00016847836377564818,0.00013559091894421726
2,2,0.00030674520530737936,0.00022846598585601896,0.9991436004638672,0.00032121798722073436
0,0,0.9994699358940125,0.00014682822802569717,0.00024557841243222356,0.00013767489872407168
3,0,0.9994971752166748,0.00011549441842362285,0.0002607785281725228,0.00012644397793337703
0,0,0.9995110034942627,0.00012986520596314222,0.00024387164739891887,0.00011523383727762848
1,1,0.00011036379146389663,0.9995673298835754,0.0001914972235681489,0.00013079702330287546
0,0,0.9994518160820007,0.00011026004358427599,0.00029105364228598773,0.00014683551853522658
2,2,0.0003101775946561247,0.00023818979389034212,0.9991675615310669,0.00028412073152139783
1,1,0.00020784372463822365,0.9986870884895325,0.0008838329813443124,0.00022123477538116276
2,2,0.0003618922200985253,0.0002244719216832891,0.9991623163223267,0.00025135540636256337
0,0,0.999481737613678,0.00014111318159848452,0.00024077847774606198,0.00013641595433000475
1,1,0.00011197447020094842,0.9995984435081482,0.00015825848095119,0.00013134724576957524
1,1,0.0009851001668721437,0.9986866116523743,0.0001957167114596814,0.0001326269848505035
0,0,0.9976800084114075,0.00011470244498923421,0.002041333820670843,0.0001639999682083726
2,0,0.6731559038162231,0.3234616219997406,0.001643327996134758,0.0017390846041962504
1,1,0.00014369758719112724,0.999477207660675,0.00025220695533789694,0.00012691429583355784
2,1,0.00045133105595596135,0.9384116530418396,0.05994029343128204,0.0011967896716669202
0,0,0.9994764924049377,0.000198064575670287,0.00021510120132006705,0.0001103545946534723
0,0,0.9993500113487244,0.00013031766866333783,0.000402268924517557,0.00011735600855899975
1,1,0.00014100070984568447,0.9995560050010681,0.00015900998550932854,0.00014390188152901828
2,2,0.00036863231798633933,0.00118163600564003,0.9982399940490723,0.00020974282233510166
0,1,0.0001484451931901276,0.9995600581169128,0.0001647417520871386,0.00012672814773395658
0,0,0.9994912147521973,0.00011894882482010871,0.00024213037977460772,0.00014775733870919794
1,1,8.726596570340917e-05,0.9995404481887817,0.00020740188483614475,0.00016489710833411664
1,1,0.00010701689461711794,0.9996166229248047,0.0001403537462465465,0.0001359632587991655
2,0,0.9994868040084839,0.00012408470502123237,0.0002508323232177645,0.00013825313362758607
2,2,0.00029332260601222515,0.0002230574027635157,0.9991559982299805,0.00032761465990915895
0,0,0.9994812607765198,0.00011766493116738275,0.00025416305288672447,0.0001469594717491418
1,1,9.665745892561972e-05,0.9995564818382263,0.00020062185649294406,0.0001461828505853191
2,2,0.00035512782051227987,0.0026705956552177668,0.9967479705810547,0.0002262213092762977
0,0,0.9994975328445435,0.00011607869964791462,0.00024695179308764637,0.0001393946586176753
2,0,0.9994912147521973,0.00012906490883324295,0.00025950922281481326,0.00012022201553918421
1,1,8.995884854812175e-05,0.999550998210907,0.00022086873650550842,0.0001381266483804211
2,0,0.9962530136108398,0.00012803015124518424,0.003480305429548025,0.00013865095388609916
0,1,0.0002944673760794103,0.9994014501571655,0.00016272738866973668,0.0001412414712831378
1,1,0.0003040992596652359,0.9993464350700378,0.00018111654208041728,0.00016837366274558008
0,0,0.9995230436325073,0.00011971225467277691,0.0002175010449718684,0.00013976973423268646
2,2,0.0003176226164214313,0.00028803711757063866,0.9991351962089539,0.00025914059369824827
1,1,9.784930443856865e-05,0.9996160268783569,0.00014911856851540506,0.00013697259419132024
2,1,9.258742647944018e-05,0.9996131062507629,0.00015008328773546964,0.00014430739975068718
0,0,0.9994682669639587,0.0001319493167102337,0.00026099590468220413,0.00013879747712053359
1,1,0.000169669947354123,0.9994407296180725,0.0002391276793787256,0.00015053256356623024
1,1,0.00011102608550572768,0.9995871186256409,0.00017276602739002556,0.00012899484136141837
2,1,0.00012421008432283998,0.9995812773704529,0.00015688380517531186,0.00013758994464296848
0,0,0.9995039701461792,0.00012105028872611001,0.00023482396500185132,0.00014018423098605126
1,1,0.00010553989704931155,0.9995853304862976,0.00015651562716811895,0.0001526601699879393
0,0,0.9994909763336182,0.00011610396904870868,0.00024130530073307455,0.00015163158241193742
0,0,0.9995115995407104,0.00011587582412175834,0.00022959327907301486,0.00014289158571045846
1,1,0.00011180090950801969,0.9995684027671814,0.00016788461653050035,0.00015189517580438405
0,0,0.9994990825653076,0.00012195419549243525,0.00023636409605387598,0.0001425746886525303
3,2,0.0003548882086761296,0.0002835574559867382,0.9991351962089539,0.00022635994537267834
1,1,0.0001291746157221496,0.9973382353782654,0.002283281646668911,0.0002492735511623323
2,2,0.0004131743044126779,0.00020107300952076912,0.9991384744644165,0.00024729780852794647
0,0,0.9993876218795776,0.0001517158525530249,0.0003420923021622002,0.00011862339306389913
2,1,0.0008448822773061693,0.678673267364502,0.3192542493343353,0.0012276549823582172
1,1,9.364843572257087e-05,0.9995794892311096,0.00017460026720073074,0.00015228833945002407
0,0,0.9994538426399231,0.00011596774129429832,0.0002793875173665583,0.0001507736014900729
0,2,0.0011407735291868448,0.00016380885790567845,0.9984257221221924,0.00026968339807353914
0,0,0.9995054006576538,0.0001094141262001358,0.00024905140162445605,0.00013614093768410385
1,1,0.00012982972839381546,0.9995819926261902,0.00015268834249582142,0.00013547242269851267
0,0,0.9994656443595886,0.0001074519896064885,0.0002917833044193685,0.00013510161079466343
1,1,8.753444853937253e-05,0.9996091723442078,0.00015993675333447754,0.00014331757847685367
2,2,0.0003422561567276716,0.0003890973166562617,0.9990522265434265,0.00021633532014675438
1,1,0.0001419556065229699,0.9995334148406982,0.0001849477121140808,0.00013963582750875503
3,2,0.00038398330798372626,0.0002604880719445646,0.9990583062171936,0.00029718814766965806
2,0,0.992936909198761,0.005604112055152655,0.0012654669117182493,0.00019349274225533009
1,1,9.810163464862853e-05,0.999601423740387,0.00016332902305293828,0.00013713527005165815
0,0,0.9994876384735107,0.00012960334424860775,0.00024069818027783185,0.00014207803178578615
2,1,0.00024100139853544533,0.9990655779838562,0.0005745250964537263,0.00011889851157320663
0,0,0.9994862079620361,0.00010868198296520859,0.0002527471515350044,0.00015231857832986861
1,1,0.0001035292079905048,0.999613344669342,0.0001460573694203049,0.00013715692330151796
2,2,0.00031890958780422807,0.0002525649615563452,0.9991544485092163,0.00027417915407568216
2,2,0.00046739779645577073,0.00030367725412361324,0.9990299940109253,0.00019893980061169714
2,0,0.9994781613349915,0.00012021332804579288,0.00027148245135322213,0.00013010042312089354
1,1,0.0001625768927624449,0.9994889497756958,0.00019937829347327352,0.00014909477613400668
1,1,9.846663306234404e-05,0.9995929598808289,0.00017873178876470774,0.00012993853306397796
0,0,0.9260920882225037,0.0010879368055611849,0.07248282432556152,0.0003371328057255596
0,0,0.9993987083435059,0.00011024986451957375,0.00034922765917144716,0.0001418919418938458
1,1,0.00012558432354126126,0.9995655417442322,0.00017435623158235103,0.00013452765415422618
1,1,0.0002600140287540853,0.999468982219696,0.00013923467486165464,0.00013173426850698888
0,0,0.9994514584541321,0.00015266200352925807,0.00026315488503314555,0.00013272919750306755
1,1,9.646559919929132e-05,0.9996151924133301,0.000147298545925878,0.0001409610704286024
2,1,0.48009252548217773,0.5066983103752136,0.012624233961105347,0.0005849230801686645
0,0,0.9994269609451294,0.00011601517326198518,0.00033117225393652916,0.0001258012343896553
2,0,0.9994024038314819,0.0001305707119172439,0.00033469957998022437,0.00013236230006441474
1,1,0.00012008794874418527,0.999567449092865,0.000155568472109735,0.0001569563028169796
2,2,0.00026373047148808837,0.0005649690283462405,0.9989558458328247,0.00021542243484873325
0,0,0.9994801878929138,0.00013852448319084942,0.00024377692898269743,0.00013748921628575772
1,1,9.627622057450935e-05,0.9995842576026917,0.00017210298392456025,0.0001474276214139536
2,2,0.00031846517231315374,0.0004544644325505942,0.9989845156669617,0.00024256380856968462
1,1,0.00010811860556714237,0.9996134638786316,0.00014158703561406583,0.00013689727347809821
2,2,0.09890724718570709,0.05362628772854805,0.847079336643219,0.0003871155495289713
0,0,0.9994868040084839,0.00012036407861160114,0.00026118848472833633,0.00013169327576179057
0,0,0.9994961023330688,0.00012281695671845227,0.00024091702653095126,0.0001401181798428297
1,1,0.00010584815754555166,0.9995655417442322,0.00018241316138301045,0.00014617231499869376
2,2,0.00038165939622558653,0.00041593160131014884,0.9989821314811707,0.00022021926997695118
0,0,0.999495267868042,0.00012608813995029777,0.0002469609025865793,0.00013164266420062631
2,0,0.9993019104003906,0.00028827812639065087,0.0003186927642673254,9.114474232774228e-05
1,1,0.0001062414885382168,0.9995362758636475,0.0002203151525463909,0.00013720207789447159
1,1,9.128337842412293e-05,0.9996190071105957,0.00015576770238112658,0.00013393227709457278
0,0,0.9994980096817017,0.00012293799954932183,0.00023922028776723891,0.00013976075570099056
0,0,0.8666651248931885,0.0005355930770747364,0.13227024674415588,0.0005290085100568831
1,2,0.0010781410383060575,0.09459134936332703,0.9034234881401062,0.0009069800726138055
0,0,0.9994895458221436,0.00010258403926854953,0.00026445987168699503,0.00014338860637508333
2,2,0.0003277853538747877,0.00023115887597668916,0.9991418123245239,0.0002992773661389947
2,1,0.0003038834547623992,0.9913886189460754,0.007992707192897797,0.0003148517571389675
1,1,0.00013105424295645207,0.9995501637458801,0.00017148209735751152,0.0001473142474424094
0,2,0.0006570363184437156,0.00037915370194241405,0.9987437129020691,0.00022010602697264403
2,2,0.00043890191591344774,0.0003188374685123563,0.9990285634994507,0.00021375625510700047
1,1,0.0004652479838114232,0.9986026883125305,0.0008043660782277584,0.00012770640023518354
0,0,0.9994617104530334,0.00012067563511664048,0.0002654442796483636,0.00015211754362098873
2,1,0.006983648985624313,0.9895814657211304,0.0029870462603867054,0.00044784010970033705
1,1,9.808815229916945e-05,0.9995679259300232,0.00020033448527101427,0.0001336824643658474
0,1,9.37494114623405e-05,0.9995013475418091,0.0002499419206287712,0.00015487959899473935
0,0,0.9994926452636719,0.00012766648433171213,0.00023888911528047174,0.00014074741920921952
1,2,0.00031387334456667304,0.00043831870425492525,0.9990311861038208,0.00021661317441612482
2,0,0.9992302656173706,0.0004238219407852739,0.00024137835134752095,0.00010463077342137694
1,1,0.00011400121002225205,0.9995645880699158,0.00017539173131808639,0.00014593567175325006
2,2,0.0002470847684890032,0.000496795866638422,0.9990004897117615,0.0002556453109718859
0,0,0.9994401335716248,0.00012775867071468383,0.00028954638401046395,0.00014252700202632695
1,1,0.00010022848437074572,0.9995988011360168,0.00016045421943999827,0.00014048206503503025
0,0,0.9994767308235168,0.00013994678738527,0.00025436386931687593,0.00012899204739369452
2,0,0.9994621872901917,0.00013795206905342638,0.00028195089544169605,0.00011800239735748619
0,0,0.9992289543151855,0.00043237980571575463,0.00020973687060177326,0.00012890865036752075
2,2,0.0004347116919234395,0.0003771366027649492,0.9989515542984009,0.00023667750065214932
1,1,9.335391951026395e-05,0.999607264995575,0.00016344325558748096,0.00013592375034932047
2,2,0.0014962147688493133,0.16928134858608246,0.8285712599754333,0.0006511756218969822
1,1,9.750905155669898e-05,0.9996098875999451,0.00015134837303776294,0.00014131890202406794
0,0,0.9994762539863586,0.00011421801900723949,0.0002618563885334879,0.00014761356578674167
2,2,0.0004957819473929703,0.0002725913072936237,0.9990103244781494,0.00022132221783977002
0,1,0.0001656927925068885,0.9995476603507996,0.0001571596076246351,0.0001294396788580343
1,1,0.00017900766397360712,0.9994301199913025,0.000282417080597952,0.00010840488539543003
1,0,0.9993011951446533,0.00019017010345123708,0.00040768738836050034,0.00010096582991536707
0,0,0.9994439482688904,0.00012671970762312412,0.0002770173887256533,0.0001522746606497094
2,2,0.0005497594247572124,0.00023100691032595932,0.9989050626754761,0.00031418347498402
0,1,0.0001811794936656952,0.9995306730270386,0.00016352209786418825,0.00012461241567507386
2,2,0.00032056740019470453,0.00026284140767529607,0.999146580696106,0.0002700673649087548
1,1,0.00010397157893748954,0.9995647072792053,0.0002057448000414297,0.00012562268238980323
2,2,0.0003006859333254397,0.00023754636640660465,0.9991576671600342,0.00030415458604693413
0,0,0.9995013475418091,0.00012813475041184574,0.00023552353377453983,0.0001349789381492883
1,1,9.707626304589212e-05,0.9996180534362793,0.00014714649296365678,0.0001377465232508257
0,0,0.9994937181472778,0.0001031948922900483,0.000254782906267792,0.00014831492444500327
1,2,0.0005445428541861475,0.0004990553134121001,0.9987830519676208,0.0001733071549097076
2,2,0.001257916446775198,0.00019759562565013766,0.9983204007148743,0.00022404250921681523
2,2,0.002454229863360524,0.23437628149986267,0.7625913023948669,0.0005782261141575873
0,0,0.999480664730072,0.00011053538764826953,0.0002641281171236187,0.0001446318783564493
1,1,0.00011479292152216658,0.9995760321617126,0.00017838920757640153,0.00013080952339805663
1,1,0.00014807828119955957,0.9995180368423462,0.00018317934882361442,0.00015077984426170588
0,0,0.9995274543762207,0.00011316723976051435,0.00022558834461960942,0.00013389383093453944
2,2,0.0005485461442731321,0.00019984430400654674,0.99899822473526,0.00025345361791551113
2,0,0.9993663430213928,0.00032820439082570374,0.00016130052972584963,0.00014411803567782044
2,1,0.0005289015825837851,0.9948813915252686,0.004420069511979818,0.00016959886124823242
1,1,0.00011202831956325099,0.9995890259742737,0.00016249410691671073,0.00013639898679684848
2,2,0.00040133256698027253,0.0006276819622144103,0.9987710118293762,0.00019986518600489944
1,1,0.00010863569332286716,0.9996142387390137,0.00015003379667177796,0.00012707897985819727
0,0,0.9994731545448303,0.00011444096162449569,0.00027488378691487014,0.0001375694409944117
2,2,0.0003474882978480309,0.0003627585538197309,0.9990513920783997,0.00023826568212825805
2,1,0.0011625526240095496,0.6681599617004395,0.32927975058555603,0.0013976891059428453
0,0,0.9994407296180725,0.0002192012034356594,0.0002105341263813898,0.0001295393012696877
1,0,0.9994899034500122,0.00014664742047898471,0.00021972099784761667,0.00014366352115757763
0,0,0.9994407296180725,0.0002192012034356594,0.0002105341263813898,0.0001295393012696877
1,1,0.00010956146434182301,0.9995798468589783,0.00016417850565630943,0.00014638910943176597
1,1,0.0001155487698270008,0.9995737671852112,0.00017512039630673826,0.0001355926797259599
2,0,0.9994578957557678,0.00013675293303094804,0.00026035652263090014,0.00014498861855827272
0,0,0.9994675517082214,0.0001268913911189884,0.00026427028933539987,0.0001413254503859207
2,1,0.04176962748169899,0.9553393125534058,0.002339145401492715,0.0005518690450116992
1,1,0.00010370240488555282,0.999596893787384,0.00016290081839542836,0.000136604969156906
0,0,0.9995138645172119,0.00011178734712302685,0.00023420809884555638,0.00014014083717484027
2,1,0.00129031203687191,0.98442542552948,0.01290867105126381,0.0013755520340055227
0,1,0.0008181520388461649,0.8817498087882996,0.11635968089103699,0.001072381273843348
2,2,0.00034081932972185314,0.000289227842586115,0.9991254210472107,0.0002445219724904746
2,2,0.00029190161149017513,0.000569988798815757,0.9989253878593445,0.00021268294949550182
2,2,0.0006965233478695154,0.0002628725487738848,0.9988046884536743,0.00023584222071804106
1,1,0.00012119256280129775,0.9995895028114319,0.00016904571384657174,0.00012020654685329646
0,0,0.9994733929634094,0.0001385985960951075,0.00025753912632353604,0.0001304627221543342
1,1,0.0002627345093060285,0.9993365406990051,0.00021954697149340063,0.0001811743713915348
1,1,0.00010028275573858991,0.9995927214622498,0.00016472279094159603,0.00014221947640180588
1,1,0.00013005163054913282,0.9995808005332947,0.00015859547420404851,0.00013060895435046405
0,0,0.9995075464248657,0.00015562040789518505,0.00021050864597782493,0.00012633872393053025
2,2,0.0004801725735887885,0.00025619339430704713,0.9990058541297913,0.00025780906435102224
0,0,0.9994761347770691,0.0001286830665776506,0.00025883279158733785,0.00013639190001413226
2,1,0.00015728121798019856,0.9989588260650635,0.0007226340821944177,0.00016128089919220656
1,1,0.00014459900557994843,0.9995317459106445,0.00018525986524764448,0.00013841514009982347
1,1,0.000125328719150275,0.9994908571243286,0.0002512372157070786,0.00013262762513477355
2,2,0.02966819703578949,0.027202149853110313,0.9428257346153259,0.00030392492772080004
2,2,0.0003062467440031469,0.0006672427407465875,0.9988337159156799,0.00019283413712400943
1,1,8.745033846935257e-05,0.9995585083961487,0.00021757473587058485,0.00013641668192576617
2,2,0.0004289981734473258,0.0004095081239938736,0.9989319443702698,0.00022952885774429888
0,0,0.9993578791618347,9.458120621275157e-05,0.0004189703322481364,0.00012851417704951018
0,0,0.9994829893112183,0.00011738326429622248,0.00025018537417054176,0.00014944579743314534
2,2,0.0003220994840376079,0.00037171682924963534,0.9990488886833191,0.00025720844860188663
1,1,9.621182834962383e-05,0.9995998740196228,0.0001641077542444691,0.00013974355533719063
1,0,0.999457061290741,0.00010413950076326728,0.00029918798827566206,0.00013966922415420413
2,2,0.0002894416102208197,0.0002978825068566948,0.9990880489349365,0.00032468148856423795
0,1,0.0004907345282845199,0.9991483688354492,0.00019000162137672305,0.0001709501666482538
1,1,0.0002016982325585559,0.9995143413543701,0.00015429059567395598,0.00012962658365722746
0,0,0.9994627833366394,0.00013265198504086584,0.0002548401243984699,0.00014974521764088422
2,2,0.0004101244849152863,0.00020088983001187444,0.9991149306297302,0.0002741390489973128
2,0,0.9991350769996643,0.0003632271836977452,0.0003474599216133356,0.00015426427125930786
0,0,0.9994633793830872,0.00011689657549140975,0.0002764434611890465,0.00014332702266983688
1,1,9.82832643785514e-05,0.9996077418327332,0.00014573945372831076,0.00014818791532889009
1,1,0.00011868586443597451,0.9995792508125305,0.00015373306814581156,0.00014835139154456556
0,0,0.9993101358413696,0.00014847220154479146,0.00042851321632042527,0.00011291143164271489
0,0,0.9994932413101196,0.00010360260057495907,0.0002561190049163997,0.00014701619511470199
1,0,0.9994656443595886,0.00017963977006729692,0.0002436334762023762,0.00011104266013717279
0,0,0.9994437098503113,0.00012883385352324694,0.00027171996771357954,0.0001557225623400882
2,0,0.9434261918067932,0.0550430491566658,0.0011969823390245438,0.000333737232722342
1,1,0.0002777491754386574,0.99935382604599,0.00021916543482802808,0.0001493249146733433
2,1,0.000523327908013016,0.9989485144615173,0.00041321312892250717,0.00011496597289806232
0,0,0.9994305968284607,0.00013307726476341486,0.00028709947946481407,0.00014912788174115121
1,1,0.00010313209349988028,0.9995916485786438,0.00016876982408575714,0.00013639440294355154
0,0,0.9994792342185974,0.00010417418525321409,0.00027737373602576554,0.00013920928176958114
2,2,0.00034441633033566177,0.0003344457654748112,0.9990874528884888,0.00023366388631984591
0,0,0.9994807839393616,0.00012691353913396597,0.000245572387939319,0.00014678698789793998
2,2,0.00026221867301501334,0.0003460525767877698,0.9991348385810852,0.00025684715365059674
1,1,0.012552754022181034,0.9865929484367371,0.0006115883588790894,0.00024278482305817306
3,0,0.999438464641571,0.00015083973994478583,0.00028092082357034087,0.0001297960989177227
1,1,0.00012692953168880194,0.9995514750480652,0.00018958421424031258,0.00013200925604905933
0,0,0.999428927898407,0.00012221679207868874,0.0002996801631525159,0.0001492007722845301
0,0,0.9994600415229797,0.00010873583232751116,0.0002875339996535331,0.00014372197620104998
2,1,0.0004844177747145295,0.9988197684288025,0.0005841307574883103,0.00011165955947944894
1,1,0.00010481807112228125,0.9996023774147034,0.00015115078713279217,0.00014167108747642487
0,0,0.9994717240333557,0.00012603298819158226,0.00027414303622208536,0.00012814646470360458
1,1,0.00010856566223083064,0.999593198299408,0.00014976247621234506,0.0001484397944295779
0,0,0.9994716048240662,0.00011404714314267039,0.00026960723334923387,0.0001447652466595173
0,0,0.9994187355041504,0.00013182540715206414,0.00031027477234601974,0.00013924785889685154
0,2,0.00036523016751743853,0.00019412163237575442,0.9991335272789001,0.0003071952669415623
1,1,0.00017552539065945894,0.9995338916778564,0.00013914762530475855,0.0001513872412033379
0,0,0.9995050430297852,0.00012034504470648244,0.00024181803746614605,0.0001327852951362729
2,2,0.0003156060120090842,0.0005059964605607092,0.9989516735076904,0.0002267456875415519
1,1,0.00018532962712924927,0.9995439648628235,0.00012906742631457746,0.00014154438395053148
1,1,0.0004995521157979965,0.9989328980445862,0.00044401863124221563,0.00012353585043456405
0,0,0.9993582367897034,0.00031846764613874257,0.0001912677107611671,0.00013201142428442836
0,0,0.9993904829025269,0.00011090573389083147,0.0003697118954733014,0.0001289344218093902
2,1,0.00014375302998814732,0.99958735704422,0.00013798920554108918,0.00013098027557134628
1,1,0.00015446807083208114,0.9995394945144653,0.0001585058926139027,0.00014753523282706738
0,1,0.0009063030011020601,0.9986867308616638,0.0002184683980885893,0.0001885054662125185
2,2,0.00041265980689786375,0.00022901508782524616,0.9991294741630554,0.00022877301671542227
0,0,0.9994258880615234,9.688096906756982e-05,0.0003345379955135286,0.00014275552530307323
1,1,9.359275281894952e-05,0.9996046423912048,0.0001580648822709918,0.00014366916730068624
0,0,0.9994770884513855,0.0001276428229175508,0.00025000213645398617,0.00014534150250256062
2,2,0.0003449759096838534,0.0003003169840667397,0.999071478843689,0.0002830976154655218
1,2,0.0003818849800154567,0.0006122663617134094,0.9988027811050415,0.000203142044483684
2,1,0.00012785948638338596,0.9992964267730713,0.0003020982549060136,0.0002736755122896284
0,0,0.9994930028915405,0.00013404700439423323,0.00023339985636994243,0.00013948457490187138
2,1,0.0001146440117736347,0.9995520710945129,0.00019391259411349893,0.00013926233805250376
2,2,0.00032636112882755697,0.0024332774337381124,0.9969813227653503,0.00025901684421114624
0,0,0.9995111227035522,0.0001360093301627785,0.00021760239906143397,0.00013530826254282147
1,1,7.890334381954744e-05,0.9996172189712524,0.00016245916776824743,0.00014139730774331838
2,2,0.0004819713067263365,0.00046350021148100495,0.998857855796814,0.00019661463738884777
1,1,7.519136124756187e-05,0.9995934367179871,0.0001905170938698575,0.00014078964886721224
0,0,0.9994750618934631,0.00012000495189568028,0.00025530808488838375,0.0001495727919973433
0,0,0.9995402097702026,0.00012107752991141751,0.00020505495194811374,0.0001337179128313437
1,1,0.00014364132948685437,0.9995433688163757,0.00018542481120675802,0.0001274651731364429
2,2,0.0003393707156646997,0.0002053135249298066,0.9991488456726074,0.000306478061247617
0,0,0.999495267868042,0.00012141284969402477,0.00024485570611432195,0.00013842369662597775
2,2,0.0005652676336467266,0.00033147569047287107,0.9988945126533508,0.00020879189833067358
1,1,0.00010450554691487923,0.9995993971824646,0.00014271170948632061,0.0001533684553578496
0,0,0.9994696974754333,0.00011095568333985284,0.00027952014352194965,0.00013985121040605009
2,1,0.0006970897666178644,0.9614235758781433,0.037473928183317184,0.00040536155574955046
1,0,0.9994580149650574,0.00010552624735282734,0.00029832779546268284,0.0001380948378937319
0,0,0.9994500279426575,0.00011892236943822354,0.00027851335471495986,0.00015245373651850969
1,1,0.00018321482639294118,0.999530553817749,0.000152650784002617,0.00013353578106034547
2,1,0.00011810807336587459,0.9995934367179871,0.00015026566688902676,0.00013828356168232858
2,2,0.0002591304946690798,0.0009479380678385496,0.9985789060592651,0.00021399589604698122
1,1,9.050660446519032e-05,0.9995551705360413,0.00021149948588572443,0.0001427583338227123
0,0,0.9994719624519348,0.00011736919987015426,0.00028256120276637375,0.000128023253637366
0,0,0.8377915024757385,0.0010811301181092858,0.16067011654376984,0.0004572495527099818
1,1,9.596508607501164e-05,0.9995869994163513,0.00019495516608003527,0.0001221063284901902
2,2,0.001188696944154799,0.15233780443668365,0.8457366228103638,0.0007368900696747005
0,0,0.9994068145751953,0.0001866446837084368,0.0002826826530508697,0.0001237899123225361
1,1,9.748738375492394e-05,0.9996127486228943,0.0001620544062461704,0.00012778340897057205
2,2,0.00032867214758880436,0.000320891325827688,0.9991046786308289,0.0002457221853546798
2,1,0.0017450483283028007,0.849420964717865,0.14813865721225739,0.0006953483098186553
1,1,0.000102326761407312,0.9996190071105957,0.00014888485020492226,0.00012976324069313705
0,1,0.00011953063949476928,0.9995392560958862,0.0001727274211589247,0.00016847506049089134
0,0,0.9994729161262512,0.0001252730580745265,0.0002585987967904657,0.00014326086966320872
3,2,0.00036212345003150403,0.00033573369728401303,0.9990553259849548,0.00024674274027347565
1,0,0.9989643096923828,0.00020592950750142336,0.0007187746232375503,0.00011091851047240198
2,2,0.001031995750963688,0.00028681205003522336,0.9984595775604248,0.00022161341621540487
1,1,0.00014444912085309625,0.9995647072792053,0.00015452590014319867,0.00013634547940455377
0,0,0.999457061290741,0.00011685470235534012,0.0002891514450311661,0.0001369757519569248
0,0,0.9994982481002808,0.00011610060028033331,0.00024641022901050746,0.00013927741383668035
1,1,0.00010276584362145513,0.999614953994751,0.00014148048649076372,0.000140696982271038
2,1,8.984556188806891e-05,0.9996230602264404,0.0001480418723076582,0.00013902911450713873
0,0,0.9995003938674927,0.00013350884546525776,0.00022462006018031389,0.00014144080341793597
1,1,0.00011886034917552024,0.999596893787384,0.00014596947585232556,0.0001383191265631467
2,1,0.00011923530837520957,0.999563992023468,0.00017554842634126544,0.0001412100245943293
1,1,9.213951852871105e-05,0.9995738863945007,0.00018405026639811695,0.0001499109057476744
2,2,0.0004885696689598262,0.00023179851996246725,0.999039351940155,0.0002402650861768052
0,2,0.00036039133556187153,0.00030452696955762804,0.9991089701652527,0.00022612874454353005
0,0,0.999482274055481,0.0001246337196789682,0.000254166719969362,0.00013894603762309998
1,0,0.9994173049926758,0.00015533991972915828,0.00029478335636667907,0.0001326373458141461
2,2,0.0003611344436649233,0.00038224420859478414,0.9990246295928955,0.00023199943825602531
1,1,0.0001013501823763363,0.9995377063751221,0.00022521059145219624,0.00013574717740993947
2,2,0.00035402714274823666,0.0002578028943389654,0.9991230368614197,0.00026520228129811585
0,1,9.667225822340697e-05,0.9994350075721741,0.0002779588394332677,0.00019035505829378963
0,0,0.9994459748268127,0.0001244677696377039,0.0002753601293079555,0.00015418813563883305
0,2,0.10060878843069077,0.0008837998029775918,0.8979955911636353,0.0005117992986924946
1,1,0.0008263763738796115,0.9985128045082092,0.0003144185175187886,0.00034633453469723463
0,0,0.9994506239891052,0.00012592665734700859,0.0003016870468854904,0.00012172810238553211
1,1,0.00011405428085708991,0.9995865225791931,0.00016665311704855412,0.00013273484364617616
2,2,0.0007561107631772757,0.00024127625511027873,0.9987828135490417,0.00021984108025208116
2,1,0.00011036427895305678,0.9992305040359497,0.0004827593802474439,0.0001763928885338828
0,0,0.9994803071022034,0.00014027584984432906,0.00023885814880486578,0.00014057691441848874
1,1,0.000103954786027316,0.9994899034500122,0.00025760161224752665,0.0001484414387959987
2,2,0.0003379361005499959,0.0002982084115501493,0.9991150498390198,0.00024878111435100436
2,1,0.00032159374677576125,0.9991149306297302,0.00045138614950701594,0.00011210329830646515
1,1,0.00011453605111455545,0.9995941519737244,0.00014877312059979886,0.00014246250793803483
2,0,0.999276340007782,9.500486339675263e-05,0.0005042540724389255,0.00012445198080968112
1,1,8.425207488471642e-05,0.9991681575775146,0.0005051832995377481,0.00024233065778389573
0,0,0.9994206428527832,0.00010352337267249823,0.0003390928904991597,0.00013673832290805876
1,0,0.9988455772399902,0.00011401474330341443,0.0009421556023880839,9.813549695536494e-05
0,0,0.6707437634468079,0.0022732391953468323,0.3264261782169342,0.0005568044725805521
2,0,0.9994136095046997,0.00014301418559625745,0.0003415580722503364,0.00010186091822106391
1,1,0.00010140701488126069,0.9996137022972107,0.0001524399995105341,0.00013254744408186525
2,2,0.000397654453990981,0.028857968747615814,0.9702202677726746,0.0005241350154392421
0,0,0.9985553622245789,0.0001780556922312826,0.0011704242788255215,9.625374514143914e-05
0,0,0.9994810223579407,0.00012426741886883974,0.0002491351042408496,0.00014558513066731393
1,1,0.00013893946015741676,0.999539852142334,0.0001874108420452103,0.00013376057904679328
2,2,0.000919222307857126,0.00023351611162070185,0.9986242055892944,0.00022303799050860107
1,1,0.00015053219976834953,0.9995002746582031,0.00021794479107484221,0.00013115447654854506
0,0,0.9995081424713135,0.0001338897127425298,0.00024214210861828178,0.00011580206773942336
2,0,0.9984965324401855,0.00016864395001903176,0.0012069825315847993,0.00012788648018613458
1,2,0.00042886982555501163,0.09003181755542755,0.9084583520889282,0.0010809563100337982
0,0,0.9992132186889648,9.298265649704263e-05,0.000564157438930124,0.0001296791306231171
2,2,0.00029813850414939225,0.00027782487450167537,0.9991334080696106,0.00029068521689623594
2,2,0.0003013193781953305,0.0002927221357822418,0.9991220831871033,0.0002838968357536942
0,0,0.9995090961456299,0.00014075441868044436,0.00022191174502950162,0.0001282888260902837
1,1,0.0001285728794755414,0.9995425939559937,0.00018208827532362193,0.00014675798593088984
2,0,0.9986615180969238,0.00016678034444339573,0.0010688412003219128,0.00010284204472554848
1,1,0.00011867643479490653,0.9995131492614746,0.00021173639106564224,0.00015638912736903876
0,0,0.9994853734970093,0.00013104637037031353,0.0002490485494490713,0.00013456268061418086
1,1,0.00011958173854509369,0.9995604157447815,0.0001803207560442388,0.00013968847633805126
2,0,0.9993218183517456,0.00020193880482111126,0.00037270181928761303,0.00010351243690820411
0,0,0.9994458556175232,0.00015714943583589047,0.0002566227049101144,0.00014030795136932284
1,1,9.622696961741894e-05,0.9995798468589783,0.00018199386249762028,0.00014186040789354593
0,0,0.999437153339386,0.00027155238785780966,0.00017137720715254545,0.00011996240937151015
2,2,0.0002761919458862394,0.0009138491586782038,0.9985854625701904,0.000224566669203341
1,1,0.00011193904356332496,0.9995852112770081,0.00017347811080981046,0.00012936111306771636
0,0,0.9994807839393616,0.0001163500637630932,0.0002645142958499491,0.0001383402559440583
2,2,0.0003212348965462297,0.0003153904981445521,0.9991114735603333,0.0002518779947422445
0,2,0.000923347775824368,0.00023935946228448302,0.9986013770103455,0.0002359917270950973
1,1,0.00010458018368808553,0.9996151924133301,0.00013997885980643332,0.00014023379480931908
2,2,0.00030422271811403334,0.0003070659004151821,0.9991251826286316,0.00026354461442679167
2,0,0.9991996884346008,0.0002706407103687525,0.0003931024402845651,0.0001365732168778777
1,1,0.00010110908624483272,0.9996040463447571,0.00016418950690422207,0.00013073660375084728
0,0,0.9995265007019043,0.00015217078907880932,0.0002030667819781229,0.00011827983689727262
3,1,0.0001047546393238008,0.999614953994751,0.00014439081132877618,0.00013588019646704197
1,1,8.963263826444745e-05,0.9996097683906555,0.00015859522682148963,0.00014208022912498564
2,0,0.9994889497756958,0.00013783253962174058,0.0002510005724616349,0.0001221582933794707
0,0,0.9995146989822388,0.00010864943033084273,0.00023396273900289088,0.0001426106464350596
2,1,0.0004882734501734376,0.9991437196731567,0.00021966920758131891,0.0001483093947172165
0,0,0.9993510842323303,0.00010387493239250034,0.0004305648326408118,0.00011452414764789864
0,0,0.9994679093360901,0.00012436893302947283,0.0002756746544037014,0.00013204202696215361
1,1,0.0001194141004816629,0.9995632767677307,0.00019203245756216347,0.00012517726281657815
2,2,0.00027267265249975026,0.0014495188370347023,0.9980284571647644,0.0002492769854143262
1,1,0.00011277638259343803,0.9996104836463928,0.00014367644325830042,0.00013315261458046734
0,0,0.9994801878929138,0.0001275721297133714,0.000246078590862453,0.00014622801973018795
2,2,0.0009790582116693258,0.00018021996947936714,0.9985836744308472,0.0002569658390711993
0,1,8.888122101780027e-05,0.9993595480918884,0.00039447087328881025,0.00015710575098637491
2,0,0.9993987083435059,9.02473257156089e-05,0.000382766971597448,0.00012828971375711262
1,1,0.00010826688230736181,0.9996010661125183,0.0001558704097988084,0.00013471678539644927
1,1,0.00013789904187433422,0.9995649456977844,0.00016457014135085046,0.00013265984307508916
0,0,0.9995328187942505,0.00013841463078279048,0.00019838007574435323,0.00013034498260822147
2,0,0.9994978904724121,0.00018009620544034988,0.0002130168431904167,0.00010899121116381139
1,1,0.00010755204857559875,0.999578058719635,0.00017630790534894913,0.000138107207021676
0,0,0.9995074272155762,0.00011970752530032769,0.00023815086751710624,0.0001346914650639519
2,2,0.0014815398026257753,0.018714500591158867,0.979557454586029,0.0002465438737999648
0,1,0.00016932601283770055,0.9993923902511597,0.00018519305740483105,0.00025300943525508046
2,0,0.9994121789932251,0.00010505650425329804,0.00035541970282793045,0.00012739934027194977
1,1,9.598099859431386e-05,0.99949049949646,0.00019229776808060706,0.00022122173686511815
2,1,0.03990882262587547,0.9545790553092957,0.005190262570977211,0.0003218303027097136
0,0,0.9994584918022156,0.000132917586597614,0.0002651079557836056,0.00014349754201248288
1,1,0.00013351878442335874,0.99957674741745,0.000154198583913967,0.00013550982112064958
3,1,8.765704842517152e-05,0.9994381070137024,0.00031579824280925095,0.0001584173005539924
0,0,0.9994737505912781,0.0001319775910815224,0.0002575500402599573,0.00013674062211066484
1,1,0.00010287590703228489,0.9996050000190735,0.00015970776439644396,0.00013243018474895507
0,2,0.0011512963101267815,0.00048095639795064926,0.9981928467750549,0.00017499292152933776
2,2,0.00038765606586821377,0.0003966112562920898,0.9990014433860779,0.00021429173648357391
1,1,0.00011091245687566698,0.9995930790901184,0.0001565015991218388,0.00013959409261588007
2,1,0.001559980446472764,0.9910942912101746,0.007193518802523613,0.0001521486701676622
1,0,0.9994757771492004,0.0001426890230504796,0.00024047482293099165,0.00014110036136116832
0,0,0.9994799494743347,0.0001115755585487932,0.0002633107651490718,0.0001452438154956326
1,1,8.909776079235598e-05,0.9996040463447571,0.00017242656031157821,0.0001344287011306733
2,2,0.00034589081769809127,0.0003406146715860814,0.9990741014480591,0.00023934947967063636
0,0,0.999514102935791,0.00013555832265410572,0.00021542176546063274,0.00013490859419107437
2,2,0.0003327906015329063,0.0003325079451315105,0.9990881681442261,0.0002466177102178335
1,0,0.9994551539421082,0.00017883979307953268,0.00026378079201094806,0.00010224794095847756
0,0,0.9994933605194092,0.0001094304388971068,0.0002542832226026803,0.00014287003432400525
2,0,0.9994539618492126,0.00013124386896379292,0.00030476110987365246,0.0001099646688089706
1,1,0.00010799973097164184,0.9996119141578674,0.0001477183832321316,0.00013243613648228347
0,0,0.9994951486587524,0.00012878533743787557,0.00023181007418315858,0.0001442364591639489
1,1,0.00013155907799955457,0.9995039701461792,0.00023075734497979283,0.0001337451976723969
3,2,0.0005021364777348936,0.0023190691135823727,0.9969618916511536,0.00021694187307730317
2,2,0.00035074271727353334,0.00022715709928888828,0.999135434627533,0.00028667927836067975
2,1,0.04941748082637787,0.9492179155349731,0.0010074644815176725,0.0003571071138139814
1,1,8.36564286146313e-05,0.9996011853218079,0.00017872508033178747,0.00013638763630297035
0,0,0.9985401630401611,0.0011275149881839752,0.0002052440249826759,0.0001270898646907881
1,1,8.767427789280191e-05,0.9994057416915894,0.00037395008257590234,0.000132610002765432
0,0,0.9995560050010681,0.00012057095591444522,0.00019666670414153486,0.000126850965898484
2,2,0.00045141251757740974,0.0002883975103031844,0.9989942908287048,0.00026579800760373473
2,2,0.0003218759084120393,0.00035785126965492964,0.9989669322967529,0.00035328386002220213
1,1,0.0002792609157040715,0.9261426329612732,0.07162228971719742,0.001955814426764846
0,0,0.6965518593788147,0.28258606791496277,0.02018042653799057,0.0006816342938691378
2,0,0.9994755387306213,0.00012682395754382014,0.00025843476760201156,0.00013922271318733692
2,2,0.10066433250904083,0.0014760001795366406,0.8973472714424133,0.0005124057061038911
1,0,0.9994764924049377,0.00013558141654357314,0.0002463158161845058,0.00014162879961077124
2,1,0.0002295284648425877,0.9994657635688782,0.00018448424816597253,0.00012021253496641293
0,1,0.02030625194311142,0.9788426160812378,0.0005457397783175111,0.0003053871332667768
3,1,0.0011035858187824488,0.9984564781188965,0.00024954875698313117,0.00019049613911192864
1,1,8.636468555778265e-05,0.9995861649513245,0.00018275558250024915,0.0001447857212042436
0,2,0.00036168063525110483,0.0002491297200322151,0.9990848302841187,0.00030435583903454244
2,2,0.00030805327696725726,0.0005957107059657574,0.9988864064216614,0.000209882840863429
1,1,0.0001313376269536093,0.9995834231376648,0.00015813646314200014,0.00012712427997030318
2,2,0.02611049823462963,0.0004330270749051124,0.9729799628257751,0.00047660403652116656
0,0,0.9982320666313171,0.0001093023456633091,0.001434843521565199,0.00022378629364538938
3,2,0.00023463995603378862,0.0004646112793125212,0.999014139175415,0.0002865777933038771
1,1,0.0002370599249843508,0.9978746175765991,0.001713406527414918,0.0001749184593791142
0,0,0.9995008707046509,0.00013778739958070219,0.00022509944392368197,0.00013629697787109762
1,1,0.0007747596828266978,0.998843789100647,0.0002762049261946231,0.00010525340621825308
0,0,0.9994588494300842,0.00011655651906039566,0.00028365038451738656,0.00014095554070081562
2,1,0.04327484220266342,0.9547687768936157,0.0014672507531940937,0.0004892284050583839
0,0,0.9995036125183105,0.0001645365118747577,0.00020735844736918807,0.00012451295333448797
2,1,0.0001428407122148201,0.999576985836029,0.00014172641385812312,0.00013850486720912158
2,2,0.0003604812372941524,0.000323120184475556,0.9990848302841187,0.0002315160963917151
2,0,0.9993211030960083,0.0002915530640166253,0.0002671389956958592,0.00012031348887830973
1,1,0.00013133695756550878,0.9994534850120544,0.0002908584719989449,0.00012432112998794764
2,1,0.00035687946365214884,0.9987665414810181,0.0007504452369175851,0.0001262308651348576
2,2,0.00042829810990951955,0.00037441839231178164,0.9989820122718811,0.00021532126993406564
1,1,8.108904148684815e-05,0.9995701909065247,0.00021585093054454774,0.00013281195424497128
0,0,0.9995089769363403,0.00010468970867805183,0.00024132276303134859,0.00014510184701066464
1,1,9.649158891988918e-05,0.9996119141578674,0.0001521572412457317,0.00013946351828053594
0,2,0.10524678975343704,0.09199368953704834,0.8022412657737732,0.0005182917229831219
3,1,0.0296869445592165,0.7847995162010193,0.18493714928627014,0.0005763525259681046
1,1,0.00011584528692765161,0.9996122717857361,0.0001460494240745902,0.00012583320494741201
2,2,0.00043900939635932446,0.0002433555491734296,0.9990779161453247,0.000239757529925555
0,0,0.9994925260543823,0.00011863007239298895,0.00024425817537121475,0.00014454922347795218
0,0,0.9994791150093079,0.00011983708827756345,0.0002511384373065084,0.00014997003017924726
2,2,0.0006596362800337374,0.00027564133051782846,0.9988325238227844,0.00023214182874653488
1,0,0.9983493089675903,0.0011933330679312348,0.0002926528104580939,0.00016468443209305406
2,2,0.0005790971335954964,0.00023018906358629465,0.9989450573921204,0.0002456826623529196
1,2,0.0007215399527922273,0.0024239663034677505,0.9966413974761963,0.0002131456567440182
0,0,0.9994354844093323,0.00012946069182362407,0.0003179972409270704,0.00011703609197866172
0,0,0.9994409680366516,0.00011923472629860044,0.00028841610765084624,0.00015128441737033427
2,2,0.0029957464430481195,0.00023439875803887844,0.9965500831604004,0.0002198025758843869
1,1,9.765801223693416e-05,0.9995980858802795,0.00017043331172317266,0.00013387660146690905
2,2,0.0004399478202685714,0.00041080114897340536,0.9989460110664368,0.00020335007866378874
0,0,0.9995042085647583,0.00013953843154013157,0.00023051722382660955,0.00012570133549161255
1,1,9.668598795542493e-05,0.9996046423912048,0.00015996972797438502,0.0001386567164445296
1,1,8.79220460774377e-05,0.9995774626731873,0.00017074459174182266,0.0001638074463699013
2,2,0.12926676869392395,0.00031954923179000616,0.8693335652351379,0.0010801262687891722
0,0,0.9994596838951111,0.00012635582243092358,0.00027741194935515523,0.00013660315016750246
2,2,0.0003362306160852313,0.0002920032711699605,0.9991379976272583,0.00023371649149339646
0,0,0.9993588328361511,0.00010067598486784846,0.000413635658333078,0.00012681385851465166
1,1,0.00011990117491222918,0.9994891881942749,0.0001922879891935736,0.00019866770890075713
2,2,0.00027323458925820887,0.0002884994028136134,0.999138593673706,0.00029965792782604694
1,1,0.00011375923349987715,0.9995893836021423,0.0001581618416821584,0.00013870352995581925
0,0,0.999480664730072,0.00012001867435174063,0.00024875090457499027,0.00015060391160659492
1,1,0.00010231242049485445,0.9996134638786316,0.0001432383869541809,0.00014096498489379883
0,0,0.9994927644729614,0.00011097252718172967,0.0002589558716863394,0.0001373037084704265
2,2,0.0012075698468834162,0.0005661686882376671,0.99806147813797,0.0001647487806621939
2,2,0.000723875651601702,0.007213224656879902,0.9917981624603271,0.00026469925069250166
0,0,0.9994725584983826,0.00012879457790404558,0.0002496321976650506,0.00014906177239026874
1,1,0.00011334673035889864,0.9995710253715515,0.00016610596503596753,0.00014958871179260314
0,0,0.9994854927062988,0.0001291704538743943,0.0002464834542479366,0.00013875303557142615
3,2,0.0003428668132983148,0.0004847163800150156,0.9989619255065918,0.00021053763339295983
1,2,0.00032685400219634175,0.0009133146377280354,0.9983735084533691,0.00038630797644145787
0,0,0.9994469285011292,0.00014684333291370422,0.0002675798605196178,0.00013859440514352173
2,2,0.00033755917684175074,0.00023914204211905599,0.9991224408149719,0.00030091856024228036
1,1,0.00012971331307198852,0.9995842576026917,0.00014549135812558234,0.00014049047604203224
2,1,0.0001108566066250205,0.9995691180229187,0.00017687185027170926,0.0001431183045497164
0,0,0.9995014667510986,0.00011955028458032757,0.00023905394482426345,0.0001399477041559294
1,1,0.0001605979778105393,0.9995501637458801,0.0001582665427122265,0.00013092969311401248
2,2,0.0003235178883187473,0.00028570290305651724,0.9990988969802856,0.00029197236290201545
1,1,0.00010345468035666272,0.9995664954185486,0.00018590841500554234,0.00014423120592255145
0,0,0.9995191097259521,0.00016405801579821855,0.00018861777789425105,0.0001282602606806904
0,0,0.9994945526123047,0.00012916052946820855,0.0002529469784349203,0.00012325748684816062
1,1,0.0001279130083275959,0.999569833278656,0.00016914882871787995,0.00013313793169800192
2,2,0.0004571247554849833,0.0034501636400818825,0.9958333969116211,0.000259277323493734
1,1,0.00011886932770721614,0.999562680721283,0.00016849281382746994,0.000149883926496841
0,0,0.9994667172431946,0.0001060912327375263,0.0002875331847462803,0.00013975240290164948
2,0,0.915133535861969,0.001237778807990253,0.08318502455949783,0.0004436568124219775
1,1,0.00010489626583876088,0.9995974898338318,0.00016620242968201637,0.0001313956017838791
2,2,0.00028937129536643624,0.000563109468203038,0.9989387392997742,0.0002088015608023852
0,0,0.99949049949646,0.00014352049038279802,0.00023358967155218124,0.00013242207933217287
1,1,0.00018177530728280544,0.9995055198669434,0.00018307506979908794,0.0001296020782319829
2,0,0.9984623193740845,0.0011510585900396109,0.0002076586679322645,0.00017896022472996265
0,0,0.9994555115699768,9.662197408033535e-05,0.0003096919972449541,0.00013822177425026894
2,1,0.0001090409787138924,0.9996015429496765,0.0001607346348464489,0.00012864719610661268
1,1,0.00010912317520705983,0.9995740056037903,0.00017135638336185366,0.00014544269652105868
2,1,0.0001933542953338474,0.9995261430740356,0.00015102846373338252,0.00012946329661644995
2,1,0.00014683690096717328,0.9995594620704651,0.00016990384028758854,0.00012384461297187954
2,2,0.00029943312983959913,0.0003071865940000862,0.9991176724433899,0.00027572843828238547
0,2,0.0004963043611496687,0.00021970990928821266,0.9989877343177795,0.0002961785939987749
1,1,8.202339085983112e-05,0.9995511174201965,0.00020563960424624383,0.00016117349150590599
2,2,0.0002557267725933343,0.0010843545896932483,0.9984233379364014,0.00023652393429074436
0,0,0.9994276165962219,0.00011630072549451143,0.00032673103851266205,0.0001294095563935116
2,1,0.00017741690680850297,0.9994837045669556,0.00021178528550080955,0.00012701054220087826
0,0,0.999477207660675,0.00011661213648039848,0.0002598436549305916,0.0001463398803025484
1,1,0.00012562039773911238,0.999579131603241,0.00015416277165059,0.0001411402627127245
1,1,9.113614942179993e-05,0.9996165037155151,0.00015132802946027368,0.00014094753714744002
2,0,0.9993751645088196,0.00022480686311610043,0.0002864006964955479,0.000113644651719369
0,0,0.9994810223579407,0.00011072448978666216,0.00026773218996822834,0.00014056896907277405
0,0,0.999457061290741,0.00014005712000653148,0.0002535091189201921,0.00014932082558516413
1,1,9.568288805894554e-05,0.9996030926704407,0.0001673901715548709,0.00013382684846874326
2,2,0.0003223008243367076,0.0005877401563338935,0.9988719820976257,0.00021787677542306483
1,1,0.0001558155781822279,0.999548614025116,0.0001586961152497679,0.0001368228840874508
0,0,0.9994794726371765,0.0001292519737035036,0.0002561896981205791,0.00013519433559849858
2,1,0.0001014167137327604,0.9996121525764465,0.00015047598571982235,0.00013600013335235417
0,0,0.9992693066596985,0.00011293244460830465,0.0005122123402543366,0.00010555040353210643
2,2,0.00029984000138938427,0.0018911175429821014,0.9975874423980713,0.00022160488879308105
1,1,0.00010612735786708072,0.999297022819519,0.000446258025476709,0.0001506141561549157
1,1,0.002062168437987566,0.9499826431274414,0.04753674566745758,0.00041841648635454476
0,0,0.9994547963142395,0.00012270428123883903,0.0002647115907166153,0.0001577370276208967
2,2,0.0003152929712086916,0.00029986558365635574,0.9991312623023987,0.0002535858075134456
1,1,0.00041236361721530557,0.9992725253105164,0.00018710040603764355,0.00012800368131138384
2,2,0.0002878712839446962,0.00036129073123447597,0.999103844165802,0.0002469760656822473
0,0,0.9994648098945618,0.00010680876584956422,0.00028824014589190483,0.00014017125067766756
0,0,0.9995043277740479,0.0001021960488287732,0.0002582549932412803,0.00013531612057704479
1,1,0.00035207931068725884,0.9797191619873047,0.019489428028464317,0.0004393786657601595
0,2,0.00033823211560957134,0.0002642255858518183,0.9991461038589478,0.00025142301456071436
2,2,0.0004944206448271871,0.00023635465186089277,0.9990265369415283,0.00024259158817585558
0,0,0.9994159936904907,0.00011632664973149076,0.000332558061927557,0.00013517892512027174
1,2,0.00031983290682546794,0.0003304689016658813,0.9990729093551636,0.00027687358669936657
2,1,0.001154326368123293,0.9976662397384644,0.001020811963826418,0.00015869649359956384
1,0,0.9897026419639587,0.00018455690587870777,0.009586820378899574,0.000525900861248374
0,0,0.9993411898612976,9.517808211967349e-05,0.00040978530887514353,0.00015383459685835987
0,0,0.9994654059410095,0.0001272748486371711,0.00026927204453386366,0.0001380210742354393
2,2,0.00027718927594833076,0.0002991145884152502,0.9991451501846313,0.00027860398404300213
1,1,0.00012867756595369428,0.9996010661125183,0.00014296900189947337,0.00012722671090159565
0,0,0.9994598031044006,0.0002096421376336366,0.00020155550737399608,0.00012892983795609325
2,2,0.00031605002004653215,0.00023282607435248792,0.9991175532341003,0.00033349174191243947
1,1,0.002367648296058178,0.9963207244873047,0.0011795239988714457,0.00013203271373640746
0,0,0.9994970560073853,0.00015478830027859658,0.0002208587247878313,0.00012724111729767174
1,1,0.00013252306962385774,0.9995366334915161,0.00019636284559965134,0.00013457982277031988
2,2,0.0006711700116284192,0.0002894558710977435,0.9988447427749634,0.000194551408640109
0,0,0.9994471669197083,0.0001289988140342757,0.0002808587159961462,0.00014295461005531251
1,1,0.00013515826140064746,0.99946528673172,0.000250091718044132,0.00014957347593735904
2,2,0.00030232645804062486,0.00394910154864192,0.9954800605773926,0.000268397678155452
1,1,9.559526370139793e-05,0.9995920062065125,0.00017968509928323328,0.00013273709919303656
0,0,0.9995040893554688,0.0001004463410936296,0.0002649544912856072,0.00013047804532106966
2,1,7.964061660459265e-05,0.9995003938674927,0.00025004398776218295,0.00016989654977805912
0,1,0.0001501410297350958,0.999489426612854,0.00023197216796688735,0.00012848270125687122
2,1,0.00012033788516419008,0.9995637536048889,0.0001750049414113164,0.00014083180576562881
1,1,8.675626304466277e-05,0.9995818734169006,0.00018476962577551603,0.0001465272653149441
2,2,0.0003457458515185863,0.0003020622825715691,0.9991193413734436,0.0002328600239707157
0,0,0.9994702935218811,0.00011723588249878958,0.00026792241260409355,0.00014456971257459372
1,2,0.00026342945056967437,0.0006952710100449622,0.9988027811050415,0.00023855286417528987
0,0,0.9994876384735107,0.00011546324822120368,0.00025648323935456574,0.00014033765182830393
2,1,0.00011792669829446822,0.9995899796485901,0.00015867545153014362,0.0001334245753241703
1,1,0.00014107176684774458,0.9995610117912292,0.00016796294949017465,0.00012982242333237082
0,0,0.999466598033905,0.00011698337038978934,0.0002821770031005144,0.00013429156388156116
1,1,0.00012398336548358202,0.9995701909065247,0.00016971101285889745,0.00013603371917270124
0,0,0.9994780421257019,0.00012846554454881698,0.0002496038214303553,0.00014391053991857916
0,0,0.9994674324989319,0.00012695530313067138,0.0002573701785877347,0.00014830507279839367
2,2,0.0003218589990865439,0.0009124178905040026,0.9985020160675049,0.00026370998239144683
1,1,8.50288342917338e-05,0.9995731711387634,0.00019084765517618507,0.0001509303110651672
2,1,0.00017054520139936358,0.9992294311523438,0.00046353446668945253,0.00013647376908920705
0,2,0.04504745081067085,0.0007236429373733699,0.9536622762680054,0.0005665971548296511
1,1,8.507769962307066e-05,0.9996060729026794,0.0001541394303785637,0.0001548240688862279
0,0,0.9995182752609253,9.982872870750725e-05,0.0002528480545151979,0.00012908699864055961
1,1,0.00011808200360974297,0.9995090961456299,0.00024164450587704778,0.00013116114132571965
2,2,0.00037731690099462867,0.00023212545784190297,0.9990907907485962,0.0002997830742970109
0,0,0.9994743466377258,0.00014097373059485108,0.00026394915767014027,0.00012080301530659199
1,1,9.318577212980017e-05,0.9995249509811401,0.0002474071807228029,0.00013452462735585868
2,1,9.470355144003406e-05,0.9995642304420471,0.00022110666031949222,0.00011996164539596066
2,0,0.9994875192642212,0.00010183873382629827,0.000270355143584311,0.0001402507914463058
1,0,0.9994826316833496,0.00012382410932332277,0.00025938107864931226,0.00013416084402706474
0,0,0.9994516968727112,0.00012080673332093284,0.00028705078875645995,0.00014044612180441618
2,2,0.000427791295805946,0.00021418479445856065,0.9990934133529663,0.00026454549515619874
0,0,0.9994934797286987,0.00012182936916360632,0.00025529140839353204,0.00012937576684635133
1,1,0.00010951314470730722,0.999605119228363,0.00015261530643329024,0.00013276288518682122
0,0,0.9994568228721619,0.00012149434769526124,0.00027866108575835824,0.00014305881632026285
2,2,0.0004702247679233551,0.00032114682835526764,0.9989680051803589,0.00024057234986685216
1,1,0.004379440564662218,0.9951974749565125,0.00022787942725699395,0.0001951052836375311
1,1,0.0006414285744540393,0.9806944131851196,0.01838820055127144,0.0002759044582489878
2,1,9.21707833185792e-05,0.9995222091674805,0.0002289836702402681,0.000156684938701801
0,0,0.999495267868042,0.00010899705375777557,0.00026246291236020625,0.0001331918901996687
3,2,0.0003622668737079948,0.001562983845360577,0.9978657364845276,0.00020902970572933555
0,0,0.9992771744728088,0.00010462770296726376,0.0004976025666110218,0.00012061354937031865
1,1,0.00011379668285371736,0.9995818734169006,0.0001682258298387751,0.000136049187858589
1,1,0.00010304682655259967,0.9996160268783569,0.0001450234412914142,0.00013579109509009868
0,0,0.999488353729248,0.00011070977780036628,0.00025825429474934936,0.000142584991408512
2,2,0.0008260265458375216,0.00020265229977667332,0.9987456798553467,0.00022561621153727174
1,1,0.00011358378105796874,0.9995831847190857,0.00016541086370125413,0.00013786839554086328
2,2,0.0003363628056831658,0.0005328736151568592,0.9989233613014221,0.00020731636323034763
0,0,0.999448835849762,0.00011253426782786846,0.00028408231446519494,0.0001545975828776136
0,0,0.9994507431983948,0.0001279931893805042,0.00026795550365932286,0.00015333364717662334
1,1,0.0001429420372005552,0.999542236328125,0.0001834066497394815,0.00013145111734047532
2,2,0.00032664602622389793,0.00037749618059024215,0.9990379810333252,0.00025785225443542004
0,0,0.9995044469833374,0.000134213812998496,0.00022152441670186818,0.0001398839522153139
2,2,0.000728155137039721,0.04066356644034386,0.958122730255127,0.0004855476145166904
1,1,8.994365634862334e-05,0.9995442032814026,0.00022433533740695566,0.00014147371985018253
3,0,0.9994751811027527,0.0001484522654209286,0.00024084947654046118,0.00013556404155679047
1,1,9.385575685882941e-05,0.9995802044868469,0.0001888114638859406,0.00013719960406888276
3,2,0.00046803351142443717,0.00021173522691242397,0.9990739822387695,0.0002462391566950828
2,0,0.9504310488700867,0.000392758782254532,0.048826299607753754,0.00034989131381735206
1,1,7.572444883408025e-05,0.9995923638343811,0.00018244831881020218,0.0001494384923717007
0,0,0.9994738698005676,0.00011778071348089725,0.0002717268362175673,0.0001365753705613315
1,0,0.997734785079956,0.00026444916147738695,0.0018777807708829641,0.00012294862244743854
3,0,0.9994003772735596,0.00014088132593315095,0.00034569736453704536,0.00011296589218545705
1,1,0.00011334829468978569,0.9996011853218079,0.00015216897008940578,0.00013329900684766471
0,0,0.9994732737541199,0.00013265034067444503,0.0002465497818775475,0.00014752798597328365
2,1,9.723562834551558e-05,0.9995875954627991,0.00018163722415920347,0.0001335585693595931
1,1,9.975104330806062e-05,0.9995952248573303,0.00016807318024802953,0.0001368754601571709
2,2,0.0002958454715553671,0.00029328573145903647,0.999119222164154,0.00029162014834582806
1,1,9.393718937644735e-05,0.999596893787384,0.00016742937441449612,0.0001417455932823941
2,0,0.9990110397338867,0.00010986731649609283,0.0007620483520440757,0.00011700737377395853
0,0,0.9994434714317322,0.00011746216478059068,0.0003046925412490964,0.00013438018504530191
2,2,0.0012753135524690151,0.0005023675039410591,0.9980625510215759,0.00015975783753674477
1,1,0.007710739970207214,0.9915153980255127,0.000470799976028502,0.0003030358348041773
1,1,0.0001762315077940002,0.999543309211731,0.00014174367242958397,0.00013871988630853593
3,0,0.9993078708648682,0.00031782296719029546,0.0002654347917996347,0.00010888052929658443
0,1,0.00013515728642232716,0.9989292025566101,0.0007727909833192825,0.00016283812874462456
0,0,0.9994974136352539,0.00010854025458684191,0.0002556500840000808,0.00013833504635840654
2,0,0.9993904829025269,0.00015177590830717236,0.00033827839069999754,0.00011945746518904343
1,1,0.0001266851759282872,0.9995669722557068,0.00017112278146669269,0.00013524228415917605
1,0,0.9994530081748962,0.00015228708798531443,0.00025056704180315137,0.0001440865598851815
1,1,9.217582555720583e-05,0.9995940327644348,0.00017286164802499115,0.00014095216465648264
2,1,8.91515810508281e-05,0.9995833039283752,0.00018362754781264812,0.00014399846259038895
1,1,9.684752876637504e-05,0.9996070265769958,0.0001639221445657313,0.00013229891192167997
0,0,0.9994891881942749,0.00011228655785089359,0.0002655457647051662,0.00013294957170728594
2,2,0.0002624608459882438,0.00044556811917573214,0.9990319013595581,0.0002600523002911359
3,0,0.660862922668457,0.3369779586791992,0.0011436940403655171,0.0010154183255508542
1,1,0.0001046391626005061,0.9995991587638855,0.00016240094555541873,0.0001338358997600153
2,1,7.591927715111524e-05,0.9995594620704651,0.00019300979329273105,0.00017161261348519474
2,0,0.9774213433265686,0.0010346418712288141,0.021329184994101524,0.00021483987802639604
1,1,0.005093831103295088,0.993715226650238,0.0010508998529985547,0.00014006414858158678
0,0,0.9935848116874695,0.00401819683611393,0.002244630130007863,0.000152406093548052
2,2,0.00027937593404203653,0.00023793958825990558,0.9991361498832703,0.000346569053363055
2,2,0.0005415574414655566,0.014696280471980572,0.9844580292701721,0.0003041258023586124
1,1,9.37991717364639e-05,0.9995026588439941,0.00023341814812738448,0.00017010608280543238
1,1,0.00010828028462128714,0.9996047616004944,0.00015580083709210157,0.00013114616740494967
0,0,0.9994188547134399,0.00029062741668894887,0.00016579694056417793,0.0001247105683432892
2,1,0.00524512305855751,0.994055986404419,0.0004338734725024551,0.00026494459598325193
2,0,0.9994335770606995,0.000182172647328116,0.0002682301274035126,0.00011606264160946012
1,0,0.999049723148346,0.0003465225745458156,0.0005083623109385371,9.528399095870554e-05
0,0,0.9994988441467285,0.0001009388142847456,0.0002538051921874285,0.00014639370783697814
0,0,0.9994922876358032,0.00010801223834278062,0.0002564088790677488,0.00014329275290947407
2,1,9.803430293686688e-05,0.9995613694190979,0.0002103532024193555,0.00013022632629144937
1,1,9.797513484954834e-05,0.9995937943458557,0.00016708239854779094,0.00014116104284767061
2,1,0.039449386298656464,0.9431354403495789,0.016938466578722,0.00047669108607806265
1,1,0.00011809178249677643,0.9994640946388245,0.00021260170615278184,0.00020520972611848265
0,0,0.9994951486587524,0.00013311543443705887,0.000233069367823191,0.00013867234520148486
1,1,0.00010905254748649895,0.999476969242096,0.00025201839162036777,0.00016199455421883613
2,1,0.0003543395723681897,0.9993035793304443,0.0002127860061591491,0.00012926103954669088
0,0,0.9994506239891052,0.00013731322542298585,0.000268060015514493,0.00014402247325051576
1,1,0.00012547802180051804,0.9995952248573303,0.00014612704399041831,0.0001332215906586498
2,1,0.00023157792747952044,0.9988172054290771,0.0007670929771848023,0.00018418247054796666
0,0,0.9994726777076721,0.0001173765558633022,0.00026631640503183007,0.00014371555880643427
2,2,0.00033291627187281847,0.00022767334303352982,0.999159574508667,0.0002798395580612123
0,0,0.9994809031486511,0.00010762192687252536,0.00026849412824958563,0.0001430289848940447
1,1,0.0001028300539474003,0.9995892643928528,0.00017249342636205256,0.00013536118785850704
1,1,0.00012208525731693953,0.9995774626731873,0.00015616936434525996,0.0001443099754396826
2,2,0.00047733282553963363,0.00024320233205799013,0.9990394711494446,0.00023996650998014957
0,0,0.9994679093360901,0.00017252939869649708,0.00023434881586581469,0.0001252344372915104
1,1,0.00011217809515073895,0.9992172718048096,0.000519592547789216,0.00015096235438250005
1,2,0.00023827500990591943,0.0009714489569887519,0.9985028505325317,0.00028741182177327573
2,0,0.9971089959144592,0.0016511682188138366,0.0011472030309960246,9.266852430300787e-05
0,1,0.00013325408508535475,0.9995788931846619,0.00014500727411359549,0.00014285460929386318
2,1,9.339188545709476e-05,0.9995790123939514,0.00018093183462042361,0.0001467056863475591
2,1,0.00012027048069285229,0.9995642304420471,0.0001765496126608923,0.00013889794354327023
0,0,0.9994658827781677,0.00011992479994660243,0.0002666482760105282,0.00014753716823179275
2,1,0.0002065796870738268,0.9991990923881531,0.0004857721214648336,0.00010847856901818886
1,1,0.00013265288725961,0.9995706677436829,0.00015655765309929848,0.00014017822104506195
1,1,0.0007418261957354844,0.9904316067695618,0.008617238141596317,0.00020935505745001137
2,1,0.00013769693032372743,0.9994877576828003,0.0002287880633957684,0.00014574920351151377
0,2,0.010260332375764847,0.00043196091428399086,0.9890697598457336,0.00023801879433449358
2,2,0.0004230581398587674,0.00017132400535047054,0.9990850687026978,0.00032054123585112393
0,0,0.999460756778717,0.00010785731865325943,0.00027809408493340015,0.00015326838183682412
1,1,0.00010234434012090787,0.9996077418327332,0.00014532433124259114,0.00014460446254815906
1,1,0.00011338994227116928,0.9994868040084839,0.00025156536139547825,0.00014827035192865878
0,0,0.9994946718215942,0.00010922132787527516,0.0002455879875924438,0.00015050795627757907
2,2,0.00023389402485918254,0.001588241197168827,0.997943103313446,0.00023479244555346668
1,1,0.00014313698920886964,0.9995871186256409,0.00014889812155161053,0.00012082955072401091
0,0,0.9944032430648804,0.00020069726451765746,0.005212215706706047,0.00018386601004749537
2,1,9.807880996959284e-05,0.9991753697395325,0.0005704648792743683,0.00015604581858497113
1,1,9.622253128327429e-05,0.9996157884597778,0.00014813854068052024,0.0001397881715092808
2,1,0.000738269358407706,0.7214787602424622,0.27561190724372864,0.0021710586734116077
0,0,0.9988150596618652,0.0005951483617536724,0.00047668247134424746,0.00011322827776893973
1,1,0.0001092191378120333,0.9995966553688049,0.00016084594244603068,0.00013331964146345854
0,0,0.9995017051696777,0.00011790244752774015,0.00023902756220195442,0.00014131992065813392
0,0,0.9994863271713257,0.00011418454232625663,0.0002527799515519291,0.00014665235357824713
1,1,0.00012822312419302762,0.9995823502540588,0.00015413769870065153,0.0001353047409793362
2,0,0.9986477494239807,0.00010267080506309867,0.0011051195906475186,0.00014451052993535995
0,0,0.9991445541381836,9.190883429255337e-05,0.0006244352553039789,0.00013905389641877264
0,0,0.9925998449325562,0.00015904322208371013,0.006992741953581572,0.0002483738062437624
0,1,0.00013968809798825532,0.9995081424713135,0.0002295180456712842,0.00012257773778401315
1,1,8.514809451298788e-05,0.9996101260185242,0.0001650982303544879,0.00013963734090793878
0,0,0.9994840621948242,0.00014172987721394747,0.0002291400742251426,0.0001450813579140231
2,2,0.00045921694254502654,0.00020305287034716457,0.9991044402122498,0.00023322837660089135
1,1,0.00010553124593570828,0.99946528673172,0.0002912946802098304,0.00013785161718260497
2,1,0.002469755942001939,0.99712735414505,0.0002477891684975475,0.00015506590716540813
1,1,0.00020251510431990027,0.9994773268699646,0.00018100817396771163,0.00013921460777055472
0,0,0.9994367957115173,0.00013007009692955762,0.00028546314570121467,0.00014770758571103215
1,1,8.437174983555451e-05,0.999599277973175,0.00016949258861131966,0.00014695790014229715
2,2,0.0008118881960399449,0.0005260772304609418,0.998467743396759,0.00019431946566328406
0,0,0.9994519352912903,0.0001842624187702313,0.00023974252690095454,0.00012402381980791688
1,1,8.147396147251129e-05,0.999600350856781,0.00017104577273130417,0.00014712323900312185
2,0,0.998696506023407,0.00013668538304045796,0.0010402746265754104,0.00012652571604121476
0,0,0.9995028972625732,0.00012212306319270283,0.00023585476446896791,0.0001391536497976631
1,2,0.00022966590768191963,0.0006199043709784746,0.9988747239112854,0.00027562351897358894
0,0,0.7144780158996582,0.24072089791297913,0.04443176090717316,0.00036940243444405496
1,1,0.0001110989396693185,0.9996030926704407,0.00014839059440419078,0.00013743033923674375
0,0,0.9994718432426453,0.00011406077101128176,0.0002674640854820609,0.000146572056110017
2,1,8.176853589247912e-05,0.999586284160614,0.00018683457165025175,0.0001450788986403495
1,1,9.454199607716873e-05,0.9995954632759094,0.00016492552822455764,0.0001450911513529718
2,2,0.00045189366210252047,0.000423545076046139,0.9989294409751892,0.0001951400627149269
0,0,0.9995051622390747,0.00013621778634842485,0.00022617829381488264,0.0001324295881204307
1,1,9.90492117125541e-05,0.9996126294136047,0.00015667296247556806,0.00013169742305763066
1,1,0.0009238869533874094,0.9987691044807434,0.00017119456606451422,0.00013571126328315586
2,1,0.00011250459647271782,0.9995885491371155,0.00015222321962937713,0.0001467163092456758
0,0,0.999421238899231,0.00013969061546958983,0.0003274429473094642,0.00011168822675244883
1,1,0.0001331334060523659,0.999566376209259,0.00017595227109268308,0.00012457420234568417
0,0,0.9994857311248779,0.00011883490515174344,0.00024659003247506917,0.0001487951521994546
2,2,0.2718624472618103,0.00033489131601527333,0.7264704704284668,0.001332233427092433
1,1,0.00010248917533317581,0.9995809197425842,0.00017445022240281105,0.0001422163040842861
0,0,0.9994797110557556,0.000128750063595362,0.0002419108641333878,0.00014965524314902723
2,2,0.17001791298389435,0.07910638302564621,0.7504265308380127,0.00044916372280567884
2,2,0.00038258772110566497,0.00023765134392306209,0.9991102814674377,0.00026950775645673275
1,0,0.9993358254432678,0.00017720296455081552,0.00036942309816367924,0.0001175436336779967
3,0,0.9989684820175171,0.00020163922454230487,0.0007149034645408392,0.00011506183363962919
2,2,0.0005189878866076469,0.005288965068757534,0.9939942955970764,0.000197704037418589
0,0,0.9994572997093201,0.00012171371054137126,0.00027559310547076166,0.0001453749428037554
1,1,9.54663337324746e-05,0.999565064907074,0.00021009476040489972,0.00012935085396748036
0,0,0.9994745850563049,0.0001175919096567668,0.0002597607090137899,0.0001481578656239435
2,1,0.00032211869256570935,0.9993953704833984,0.00015848987095523626,0.00012404222798068076
3,1,0.001200367696583271,0.998393714427948,0.00027155797579325736,0.00013433727144729346
2,1,0.00047901878133416176,0.9992015957832336,0.0001797595468815416,0.0001396611041855067
0,0,0.9994945526123047,0.0001832283305702731,0.00020221098384354264,0.00012002125731669366
1,1,0.00011592840746743605,0.9995666146278381,0.00017375736206304282,0.000143644938361831
2,1,9.505543857812881e-05,0.9995861649513245,0.00016605986456852406,0.00015274534234777093
2,2,0.0003785072185564786,0.0008364523528143764,0.9985465407371521,0.00023838503693696111
1,1,8.708854875294492e-05,0.9996052384376526,0.00016523193335160613,0.00014246205682866275
1,0,0.9994888305664062,0.00016936690371949226,0.00021567287330981344,0.0001261442230315879
1,0,0.9994598031044006,0.00012989595416001976,0.0002774868917185813,0.00013285009481478482
2,1,0.00011574112431844696,0.9995805621147156,0.000173585707671009,0.0001300651056226343
1,1,0.00011534189252415672,0.9995831847190857,0.00016241244156844914,0.00013909782865084708
0,2,0.0004518355126492679,0.00023464982223231345,0.9990676045417786,0.0002459320239722729
0,0,0.9994266033172607,0.00012398141552694142,0.000298783095786348,0.0001506859844084829
0,0,0.9994812607765198,0.00015880289720371366,0.00022561363584827632,0.00013424499775283039
2,0,0.9994229078292847,0.00010637329251039773,0.0003324633289594203,0.00013828094233758748
1,1,9.446374315302819e-05,0.9996066689491272,0.0001556931674713269,0.00014324560470413417
0,0,0.9994780421257019,0.00013594389019999653,0.0002473816566634923,0.0001387108350172639
1,1,0.00012037991109536961,0.9995867609977722,0.0001585601276019588,0.00013427836529444903
2,0,0.9995218515396118,0.00011285395157756284,0.00024148079683072865,0.00012372815399430692
2,2,0.0003111512050963938,0.00023757934104651213,0.9991362690925598,0.0003151199489366263
0,1,0.05577671900391579,0.942029595375061,0.0018252795562148094,0.00036834244383499026
1,1,0.00010576440399745479,0.9996113181114197,0.0001507231645518914,0.00013230074546299875
3,1,0.00011722571798600256,0.9995904564857483,0.00017206087068188936,0.00012020827125525102
1,2,0.4206349551677704,0.0009231638978235424,0.5774385333061218,0.001003340003080666
1,1,0.00010561747330939397,0.9996058344841003,0.00015160866314545274,0.00013694560038857162
1,2,0.00026896080817095935,0.0009694277541711926,0.9984643459320068,0.0002972410002257675
2,2,0.001135497004725039,0.046907808631658554,0.95156329870224,0.0003934050037059933
1,1,0.00010389060480520129,0.9996058344841003,0.00014338298933580518,0.00014688546070829034
0,0,0.9994906187057495,0.00010729125642683357,0.00026196855469606817,0.00014007264690008014
0,2,0.001298908144235611,0.000144470133818686,0.9982572197914124,0.00029935993370600045
0,0,0.9994832277297974,9.058022988028824e-05,0.00028531611314974725,0.00014083039422985166
2,1,0.00010835155262611806,0.9994120597839355,0.0003428781928960234,0.00013677339302375913
0,0,0.9994949102401733,0.0001387002266710624,0.00022779821301810443,0.00013852732081431895
1,1,0.00010691661736927927,0.9996174573898315,0.0001448938564863056,0.00013075383321847767
1,2,0.00029195856768637896,0.0005921531119383872,0.9988821148872375,0.00023370854614768177
3,0,0.9994156360626221,0.00013548953575082123,0.00029801801429130137,0.00015094653645064682
2,2,0.0019941232167184353,0.00030783863621763885,0.9975243210792542,0.00017382105579599738
0,0,0.9994444251060486,0.00011713081767084077,0.0003175221791025251,0.00012086912465747446
2,2,0.0002862949331756681,0.005558079108595848,0.9938101172447205,0.0003455276892054826
1,2,0.0004604754794854671,0.010142999701201916,0.9889813661575317,0.00041513796895742416
2,2,0.00031728215981274843,0.00025943698710761964,0.9991357922554016,0.0002874859783332795
1,1,0.0001470433344366029,0.999488115310669,0.00021453930821735412,0.00015025684842839837
0,0,0.9994409680366516,0.00012630911078304052,0.000286536494968459,0.00014611828373745084
2,1,9.413171937922016e-05,0.9996132254600525,0.0001602086704224348,0.00013246070011518896
1,1,0.00010400077007943764,0.9996193647384644,0.0001403762144036591,0.00013622308324556798
0,0,0.999457061290741,0.00013237458188086748,0.0002691163099370897,0.00014143223233986646
0,0,0.9994614720344543,0.00015286196139641106,0.0002369331632507965,0.00014866472338326275
2,2,0.0003057795111089945,0.00031444698106497526,0.9991356730461121,0.0002441972610540688
1,1,0.00017363850201945752,0.999543309211731,0.00015755734057165682,0.0001254129019798711
2,2,0.0003340184048283845,0.00025273242499679327,0.9991468191146851,0.00026642740704119205
2,2,0.001480767736211419,0.0013220070395618677,0.9970268607139587,0.00017030206799972802
1,1,9.81400953605771e-05,0.9995976090431213,0.00015564350178465247,0.00014863834076095372
0,2,0.0003885109908878803,0.00032745543285273015,0.9990218877792358,0.00026218954008072615
2,2,0.0003668519202619791,0.0002498570247553289,0.9991313815116882,0.00025193390320055187
1,1,0.00010103655949933454,0.9996046423912048,0.00015670190623495728,0.00013761075388174504
1,1,8.672494732309133e-05,0.9995612502098083,0.00020270602544769645,0.00014929537428542972
0,0,0.9995155334472656,0.00014240771997720003,0.00021219962218310684,0.00012983099441044033
2,2,0.0007410343969240785,0.1256319284439087,0.8727619051933289,0.0008651200914755464
1,1,0.021138954907655716,0.9775159358978271,0.0010742194717749953,0.00027078946004621685
2,2,0.0002379390934947878,0.0005267024389468133,0.9989653825759888,0.00027002330170944333
0,0,0.9994878768920898,0.00013138345093466341,0.00024337114882655442,0.00013731782382819802
2,2,0.00028991574072279036,0.0004472930741030723,0.9990100860595703,0.0002527296601328999
0,0,0.9994852542877197,0.00011459634697530419,0.0002579987340141088,0.0001421918423147872
1,1,0.00010915608436334878,0.9996209144592285,0.00014123073196969926,0.00012872357910964638
1,1,0.00010494688467588276,0.9995935559272766,0.00016484801017213613,0.0001366334327030927
0,0,0.9994375109672546,0.00012244685785844922,0.0002845791168510914,0.00015540946333203465
2,1,0.00011258527229074389,0.999581515789032,0.00017798252520151436,0.00012797917588613927
1,1,0.00013007663073949516,0.9995861649513245,0.00015259711653925478,0.0001311744999838993
0,0,0.9994947910308838,0.00014753735740669072,0.0002290169068146497,0.0001286293991142884
2,2,0.001643711351789534,0.00023467458959203213,0.9978741407394409,0.0002474505454301834
0,0,0.9994851350784302,0.00013251460040919483,0.00023790176783222705,0.00014442743849940598
1,1,0.00010907211253652349,0.999613344669342,0.0001425484224455431,0.00013498491898644716
2,0,0.9828435182571411,0.00019036261073779315,0.016609948128461838,0.00035609418409876525
2,2,0.00041908747516572475,0.0003002729208674282,0.9990202188491821,0.00026038428768515587
0,0,0.9995006322860718,0.00012068033538525924,0.00024105046759359539,0.0001376539294142276
1,1,0.0001139626037911512,0.9985878467559814,0.001126619754359126,0.00017164601013064384
0,0,0.9994537234306335,0.00012978198355995119,0.00028434174600988626,0.00013212239718995988
2,2,0.0003588729305192828,0.00030929213971830904,0.9990725517272949,0.00025933352299034595
1,1,0.0001336168497800827,0.9994080066680908,0.00033663545036688447,0.00012174855510238558
2,2,0.0017670874949544668,0.00018843916768673807,0.9978024363517761,0.00024205161025747657
1,2,0.000295600009849295,0.0002737307222560048,0.9991169571876526,0.00031366388429887593
2,2,0.0003120324108749628,0.0002011204051086679,0.9991509914398193,0.0003358611138537526
0,0,0.9993994235992432,0.00011271181574556977,0.00035714698606170714,0.00013073864101897925
2,0,0.9994972944259644,0.00010938809282379225,0.0002622703032102436,0.00013102918455842882
1,1,0.0001180052786367014,0.9995647072792053,0.00016285473247990012,0.00015445222379639745
1,1,0.0002809369470924139,0.9994310736656189,0.0001505654217908159,0.00013732835941482335
0,0,0.9994679093360901,0.00012093652912881225,0.00026248025824315846,0.00014871872554067522
2,2,0.00032066728454083204,0.0002319858904229477,0.9991330504417419,0.0003143160429317504
0,0,0.9995183944702148,0.00011759728658944368,0.00023255414271261543,0.00013144848344381899
0,0,0.9994781613349915,0.00018269121937919408,0.00022696342784911394,0.00011217860446777195
1,1,9.840630082180724e-05,0.9996113181114197,0.00014704602654092014,0.0001432926073903218
1,1,0.00015581809566356242,0.9995400905609131,0.00016973844321910292,0.00013437573215924203
0,0,0.9994768500328064,0.00011209653894184157,0.00026700974558480084,0.00014404575631488115
2,2,0.0005991609650664032,0.0007049319101497531,0.9984645843505859,0.00023127926397137344
0,0,0.9994860887527466,0.00015709493891336024,0.00022136281768325716,0.00013539278006646782
2,2,0.000336914585204795,0.00037122596404515207,0.9990617632865906,0.00023013143800199032
1,2,0.00030481256544589996,0.0008721778867766261,0.9985041618347168,0.0003188069094903767
1,1,8.594770770287141e-05,0.9995958209037781,0.00017485189891885966,0.0001433137513231486
2,2,0.00025872373953461647,0.000494929205160588,0.998996913433075,0.0002494284708518535
0,1,0.03844732791185379,0.9604936838150024,0.0005880134995095432,0.0004709638305939734
2,2,0.00025838904548436403,0.0003084753407165408,0.9991432428359985,0.0002898874517995864
1,1,0.00011846075358334929,0.999575674533844,0.00015142434858717024,0.00015439339040312916
0,0,0.9994465708732605,0.0002563098387327045,0.00018099293811246753,0.00011617588461376727
0,0,0.9994984865188599,0.0001285500475205481,0.00022615694615524262,0.00014685971837025136
2,0,0.9994576573371887,0.00013719455455429852,0.0002659946330823004,0.00013908235996495932
1,1,0.00011095574154751375,0.9995865225791931,0.0001680087298154831,0.0001344738993793726
2,2,0.00035550774191506207,0.00024782936088740826,0.9991426467895508,0.0002540268178563565
0,0,0.9994797110557556,0.00011788612755481154,0.00025434017879888415,0.00014799818745814264
1,1,8.471124601783231e-05,0.9995294809341431,0.0002517169632483274,0.0001341552269877866
1,1,0.0001232616341440007,0.9995750784873962,0.0001686680770944804,0.00013293158554006368
2,2,0.0003555483999662101,0.00022497394820675254,0.999117910861969,0.00030160360620357096
0,0,0.9994275569915771,0.0001430254487786442,0.0002802923263516277,0.00014911321341060102
0,0,0.9994854927062988,0.00013164438132662326,0.00023369479458779097,0.00014915627252776176
1,1,0.00013214191130828112,0.9995412826538086,0.00019660023099277169,0.0001300122676184401
0,0,0.9994825124740601,0.0001222924911417067,0.00024778980878181756,0.00014734375872649252
1,1,0.00042891359771601856,0.9877845048904419,0.011417578905820847,0.00036889759940095246
1,1,0.00021832884522154927,0.9994623064994812,0.00020431322627700865,0.00011505473230499774
1,1,0.0003105548967141658,0.9993426203727722,0.00020667539502028376,0.0001401153567712754
2,2,0.0003115870931651443,0.00034586730180308223,0.999100923538208,0.0002416914503555745
1,1,0.00010736210970208049,0.9996033310890198,0.0001517695636721328,0.00013747009506914765
0,0,0.9994823932647705,0.00011824236571555957,0.00025463837664574385,0.00014468704466708004
2,1,0.4405958354473114,0.5536922216415405,0.004982564598321915,0.0007293457165360451
0,0,0.9994819760322571,0.00014171293878462166,0.00023743837664369494,0.00013885220687370747
1,1,0.00017295808356720954,0.9994575381278992,0.00026194940437562764,0.00010761572775663808
1,1,0.00013270317867863923,0.9995786547660828,0.0001658609398873523,0.0001226788735948503
0,0,0.9995042085647583,0.00012606498785316944,0.00022975278261583298,0.00014000576629769057
2,1,8.670708484714851e-05,0.9995412826538086,0.0002390197041677311,0.000132989720441401
0,0,0.9994483590126038,0.00012217780749779195,0.00029152206843718886,0.00013788018259219825
0,0,0.646690309047699,0.3388556241989136,0.013739697635173798,0.0007143787806853652
1,2,0.00058279576478526,0.0006628865958191454,0.9985949397087097,0.0001593547931406647
1,1,9.710570884635672e-05,0.9995961785316467,0.00015118734154384583,0.00015547977818641812
2,1,0.0008152766968123615,0.9133824110031128,0.08518446981906891,0.0006179222255013883
2,2,0.0003532959090080112,0.0005065727746114135,0.9989386200904846,0.0002015253558056429
1,1,0.000124028607388027,0.999588668346405,0.0001609186001587659,0.00012637164036277682
0,0,0.9994695782661438,0.00012106562644476071,0.00026642606826499104,0.00014290670515038073
2,0,0.999390721321106,0.00019161391537636518,0.0003143362409900874,0.00010342642781324685
1,1,9.213361772708595e-05,0.9995890259742737,0.00016260339180007577,0.00015626235108356923
2,2,0.0003609828418120742,0.0043929824605584145,0.9949927926063538,0.00025335996178910136
0,0,0.9994534850120544,0.00012703782704193145,0.00027532700914889574,0.00014414133329410106
0,0,0.9994645714759827,0.00012502756726462394,0.0002618792641442269,0.00014849260332994163
0,2,0.0029839181806892157,0.0004414192808326334,0.996364951133728,0.00020966213196516037
1,1,0.00010778150317491964,0.9996139407157898,0.00014214112889021635,0.00013624364510178566
1,1,0.0006141173071227968,0.9990345239639282,0.0002247672964585945,0.00012661573418881744
0,0,0.9993384480476379,0.0003516394936013967,0.00018361827824264765,0.0001262983278138563
2,1,0.00013015110744163394,0.9992850422859192,0.00041014616726897657,0.00017467972065787762
1,1,0.00017383921658620238,0.999535083770752,0.00016317138215526938,0.00012796955707017332
2,2,0.0002954791416414082,0.0010368279181420803,0.9984170198440552,0.0002506768796592951
0,0,0.9994394183158875,9.845930617302656e-05,0.000330786599079147,0.00013141204544808716
2,0,0.999125063419342,0.00010496933828108013,0.0006606039241887629,0.00010939835192402825
1,1,0.00010113752796314657,0.9995924830436707,0.00016583080287091434,0.00014057352382224053
0,0,0.9994895458221436,0.00011409565195208415,0.0002630056405905634,0.00013334858522284776
2,0,0.9994871616363525,0.0001177964368253015,0.00026347849052399397,0.00013159301306586713
1,1,0.00016479022451676428,0.9994718432426453,0.0002295445156050846,0.00013377190043684095
0,0,0.9994698166847229,0.00011148051271447912,0.00027578193112276495,0.00014288506645243615
2,1,0.0003359638212714344,0.9993940591812134,0.00013828986266162246,0.00013167843280825764
2,1,0.00011964806617470458,0.99959796667099,0.00015434545639436692,0.0001281109725823626
1,1,0.00012822118878830224,0.9995892643928528,0.00015174876898527145,0.00013070713612250984
0,2,0.00039221596671268344,0.00028231661417521536,0.9990621209144592,0.0002634005795698613
3,2,0.0006251468439586461,0.0001488811249146238,0.9989109039306641,0.000315009499900043
3,2,0.00025964726228266954,0.00040215166518464684,0.9990838766098022,0.0002543533919379115
2,1,7.80018963268958e-05,0.9995995163917542,0.00016878708265721798,0.0001537395583000034
1,0,0.7277570366859436,0.2681370973587036,0.0035281905438750982,0.000577652535866946
0,0,0.9994785189628601,0.00011293163697700948,0.0002789678983390331,0.0001296572881983593
2,1,0.006816445384174585,0.9920594692230225,0.0009474990074522793,0.00017652141104917973
0,1,0.14322489500045776,0.6578558683395386,0.1983470916748047,0.0005720804911106825
1,1,8.61375592648983e-05,0.9995287656784058,0.00022915948648005724,0.00015594848082400858
2,2,0.0002482037234585732,0.000714151537977159,0.9987508058547974,0.00028682866832241416
1,1,8.482261910103261e-05,0.9995397329330444,0.00021808853489346802,0.00015736576460767537
0,0,0.9995087385177612,0.00012569772661663592,0.00023336592130362988,0.00013219333777669817
0,0,0.9994798302650452,0.00013996229972690344,0.0002417441428406164,0.00013850552204530686
2,2,0.0004978147335350513,0.00019448401872068644,0.9990493655204773,0.0002583002205938101
1,1,0.00011471119069028646,0.9995790123939514,0.00017121447308454663,0.00013502032379619777
0,2,0.0006551154074259102,0.0033665047958493233,0.9957858920097351,0.00019243099086452276
1,1,8.618524589110166e-05,0.9995900988578796,0.00017638923600316048,0.00014726014342159033
2,1,0.0001806871296139434,0.9994816184043884,0.0001935170585056767,0.0001441558270016685
0,0,0.999496579170227,0.0001266803446924314,0.00023806790704838932,0.00013861992920283228
1,1,0.001884956145659089,0.5942842364311218,0.4030819833278656,0.0007488447590731084
1,1,0.00013691651111003011,0.9995689988136292,0.00017354114970657974,0.00012055434490321204
2,2,0.0005484962021000683,0.00567658944055438,0.9935168027877808,0.0002581172448117286
1,1,0.00010123970423592255,0.9995980858802795,0.0001675821258686483,0.0001331364910583943
0,0,0.9995052814483643,0.00011106391320936382,0.00024801131803542376,0.0001356448046863079
1,1,0.00010163561819354072,0.9995348453521729,0.00023770991538185626,0.00012582009367179126
0,0,0.9994290471076965,0.00015326410357374698,0.0002830031735356897,0.00013467845565173775
2,2,0.0008308903779834509,0.00022958623594604433,0.9987168312072754,0.00022272707428783178
0,0,0.9994770884513855,0.00012225554382894188,0.0002489944454282522,0.00015167993842624128
2,2,0.00030382961267605424,0.00043545206426642835,0.9990195035934448,0.00024125128402374685
1,0,0.9995230436325073,0.00011294302385067567,0.00023884740949142724,0.00012509369116742164
0,0,0.9994513392448425,0.00013536612095776945,0.00027249663253314793,0.00014083248970564455
1,1,0.00011093403736595064,0.9995892643928528,0.0001699790736893192,0.00012989543029107153
0,0,0.9994816184043884,0.0001476166071370244,0.00025578573695383966,0.00011496361548779532
0,2,0.0026281471364200115,0.0003252240130677819,0.996795117855072,0.0002515793312340975
1,1,0.00014811787696089596,0.9994345307350159,0.00023449705622624606,0.0001829313550842926
0,0,0.999251663684845,0.00013343947648536414,0.00047662624274380505,0.0001383115741191432
1,1,0.00013277666585054249,0.9995477795600891,0.00017892068717628717,0.00014050611935090274
2,2,0.00031789217609912157,0.0002694066788535565,0.9991099238395691,0.00030274581513367593
0,0,0.9994910955429077,0.0001333299878751859,0.00023461232194676995,0.00014095485676079988
0,0,0.9994182586669922,0.00011233641998842359,0.0003306893922854215,0.00013870334078092128
2,2,0.000637297926004976,0.00025093150907196105,0.9989107847213745,0.00020097428932785988
1,1,9.909141226671636e-05,0.9996198415756226,0.00014620715228375047,0.00013490319543052465
0,0,0.9994956254959106,0.00013562929234467447,0.00023207605408970267,0.00013660898548550904
2,1,8.942263229982927e-05,0.9995300769805908,0.00024496440892107785,0.00013558608770836145
1,1,6.889397627674043e-05,0.9991832375526428,0.0005629025399684906,0.00018502278544474393
1,1,0.00011086222366429865,0.9995864033699036,0.0001579938834765926,0.00014483131235465407
0,0,0.9994354844093323,0.00012198145122965798,0.00029246596386656165,0.00015000069106463343
2,2,0.0003145943919662386,0.004145511891692877,0.9951421022415161,0.00039780500810593367
0,0,0.9994693398475647,0.00012760360550601035,0.00025801846641115844,0.00014495971845462918
2,1,0.00011190437362529337,0.9994814991950989,0.00023894317564554513,0.00016767255146987736
1,1,0.00013381043390836567,0.9995785355567932,0.00014866370474919677,0.0001388907985528931
1,2,0.0003302925615571439,0.0004804028430953622,0.998936116695404,0.0002531200007069856
2,2,0.0002745330275502056,0.0003635050670709461,0.9991119503974915,0.0002499584516044706
0,0,0.9994921684265137,0.00012343467096798122,0.00024437435786239803,0.00013997952919453382
2,2,0.00023367915127892047,0.0005137381376698613,0.9990079998970032,0.0002446730504743755
1,1,8.516104571754113e-05,0.9995875954627991,0.000186597797437571,0.00014063170237932354
0,0,0.9994533658027649,0.00012730146409012377,0.00027074170066043735,0.00014868735161144286
1,1,0.00010262627620249987,0.9996026158332825,0.0001546564744785428,0.00014009086589794606
2,1,0.00013950513675808907,0.9994315505027771,0.0002879195671994239,0.00014091635239310563
0,0,0.9994732737541199,0.00019124614482279867,0.00020852514717262238,0.00012697976490017027
2,2,0.0003383899456821382,0.0003622405347414315,0.9990548491477966,0.00024461315479129553
0,0,0.9995218515396118,0.00011959890980506316,0.0002275307779200375,0.00013103740639053285
1,1,9.481033339397982e-05,0.9937517046928406,0.005656834226101637,0.0004966143169440329
0,0,0.9994971752166748,0.00012932824029121548,0.00023202064039651304,0.00014150347851682454
1,1,8.697842713445425e-05,0.9996064305305481,0.00016634345229249448,0.00014022855611983687
2,2,0.0004074330790899694,0.0020804645027965307,0.9972649812698364,0.0002471744955983013
1,1,8.503173012286425e-05,0.9995204210281372,0.00022727646864950657,0.00016732238873373717
2,2,0.0005502636195160449,0.00021126041247043759,0.998995840549469,0.00024263039813376963
0,0,0.9994353652000427,0.00012507519568316638,0.0002844979171641171,0.00015497517597395927
2,1,9.024509927257895e-05,0.9996132254600525,0.00015948305372148752,0.00013698892144020647
1,1,0.0001489048736402765,0.9995009899139404,0.00021269716671667993,0.0001373581326333806
0,0,0.9993863105773926,0.0001268695923499763,0.0003730009193532169,0.00011376899783499539
0,0,0.9994636178016663,0.00010719692363636568,0.00029219008865766227,0.00013701965508516878
2,2,0.0007888345862738788,0.20219773054122925,0.7960271835327148,0.0009862352162599564
1,1,9.396750829182565e-05,0.9996115565299988,0.00014749084948562086,0.0001470045535825193
1,1,0.2997354567050934,0.6764819622039795,0.02288213185966015,0.00090042530791834
2,0,0.9994598031044006,0.0001106642812374048,0.00028572435257956386,0.0001438095496268943
1,1,0.03398967906832695,0.9650828242301941,0.0004376756551209837,0.0004899085033684969
0,0,0.9994723200798035,0.00013569818111136556,0.0002538802509661764,0.00013814106932841241
2,1,0.0006024300819262862,0.8440707325935364,0.15441718697547913,0.0009096293360926211
1,1,0.00012376793893054128,0.9995877146720886,0.0001628243044251576,0.0001257070543942973
1,1,7.946893310872838e-05,0.9996263980865479,0.00015521100431215018,0.0001388963864883408
0,0,0.9994986057281494,0.0001700429420452565,0.00019853076082654297,0.00013284626766107976
2,1,8.069223258644342e-05,0.9996065497398376,0.00016756467812228948,0.00014525862934533507
1,1,0.00037528458051383495,0.9993197917938232,0.00018327335419598967,0.00012164311920059845
2,2,0.00032324378844350576,0.00027604715432971716,0.9991400241851807,0.00026062989491038024
0,0,0.9995089769363403,0.00014557073882315308,0.00021703778475057334,0.0001283714227611199
2,2,0.00020567592582665384,0.00048244622303172946,0.9989719390869141,0.00033999522565864027
1,1,9.697104542283341e-05,0.9996150732040405,0.00014651646779384464,0.00014141251449473202
0,0,0.9994767308235168,0.00012188774417154491,0.0002588233328424394,0.00014259461022447795
3,2,0.0005355279427021742,0.00026980513939633965,0.9989620447158813,0.00023258123837877065
0,1,0.0002930370392277837,0.9994454979896545,0.00014593247033189982,0.0001156126381829381
1,1,0.00013913433940615505,0.9995719790458679,0.00015554111450910568,0.00013332042726688087
1,1,0.0001111945093725808,0.9996036887168884,0.00015304140106309205,0.00013213278725743294
2,1,0.00014796217146795243,0.9994775652885437,0.00020249873341526836,0.00017206491611432284
2,1,0.0004040617495775223,0.9988682270050049,0.0003994012949988246,0.00032826204551383853
0,0,0.9994755387306213,0.00011998955596936867,0.0002704367507249117,0.00013407559890765697
2,2,0.00030352408066391945,0.00026561165577732027,0.9991462230682373,0.0002846823772415519
1,1,7.855393050704151e-05,0.9995573163032532,0.00022589648142457008,0.0001381977490382269
1,2,0.0008097391691990197,0.002493110252544284,0.9965354204177856,0.00016179945669136941
0,0,0.9959309697151184,0.0036028835456818342,0.00024481129366904497,0.0002213800180470571
1,0,0.9994813799858093,0.00010836505680344999,0.00027964741457253695,0.0001306900376221165
1,1,8.652888209326193e-05,0.9993122816085815,0.0004476855683606118,0.00015359089593403041
0,0,0.9994367957115173,0.00013111588486935943,0.0002765719254966825,0.00015559753228444606
2,2,0.0003161433560308069,0.00025783435557968915,0.9991610050201416,0.00026500350213609636
2,1,9.741430403664708e-05,0.9995713829994202,0.00020125627634115517,0.00012990871618967503
0,0,0.9293972849845886,0.027093825861811638,0.04302512854337692,0.0004837523156311363
1,1,0.0001524255349067971,0.9995052814483643,0.00022494744916912168,0.00011732119310181588
1,1,0.00011091294436482713,0.9995536208152771,0.00020377417968120426,0.00013164205302018672
0,0,0.9994400143623352,0.00011097006063209847,0.00030726578552275896,0.00014176756667438895
2,1,9.308023436460644e-05,0.999582827091217,0.0001779401645762846,0.00014615003601647913
2,1,9.721534297568724e-05,0.9995467066764832,0.00021669355919584632,0.00013946706894785166
0,0,0.999479353427887,0.0001169299939647317,0.00025528730475343764,0.00014839513460174203
1,1,0.00012524219346232712,0.9995954632759094,0.00015018701378721744,0.00012919229629915208
2,2,0.0004360236052889377,0.0005678083980455995,0.9988164901733398,0.0001796642318367958
0,0,0.9994862079620361,0.00012010865611955523,0.00027226482052356005,0.00012136439181631431
1,1,0.00028710835613310337,0.9993880987167358,0.00020603435405064374,0.00011873245239257812
1,1,0.00012951150711160153,0.9995579123497009,0.00018909448408521712,0.00012346623407211155
2,2,0.0003576143644750118,0.000790720630902797,0.9986294507980347,0.00022223700943868607
0,0,0.9995243549346924,0.000134803238324821,0.00020640803268179297,0.00013447065430227667
2,2,0.0002785823307931423,0.0002972379734274,0.9991686344146729,0.0002556096005719155
1,1,0.00011608696513576433,0.9995962977409363,0.00015739075024612248,0.00013030157424509525
0,0,0.999472439289093,0.00012404800509102643,0.0002669265668373555,0.0001365854695905
0,1,0.00010971100709866732,0.9996125102043152,0.0001462293730583042,0.00013156332715880126
1,1,0.00010349254444008693,0.9996234178543091,0.00013421649055089802,0.0001388739765388891
2,2,0.0003304474812466651,0.00024644070072099566,0.9991568326950073,0.00026629649801179767
1,1,9.8686788987834e-05,0.9996052384376526,0.00016049426631070673,0.00013555090117733926
0,0,0.9994624257087708,0.00011948953761020675,0.0002754933957476169,0.00014265744539443403
2,2,0.0006530045066028833,0.00899546965956688,0.9901272058486938,0.00022443894704338163
1,1,0.0003988729731645435,0.993904173374176,0.005465553142130375,0.0002314158045919612
0,0,0.9995025396347046,0.00011039000673918054,0.00025552170700393617,0.00013152201427146792
0,2,0.0003985364455729723,0.00024897188995964825,0.9991301894187927,0.00022228695161174983
0,0,0.9994747042655945,0.00010985772678395733,0.0002839336229953915,0.00013158170622773468
1,1,0.0001428877585567534,0.9994866847991943,0.00024335320631507784,0.00012697785859927535
2,1,0.0001100090448744595,0.9995130300521851,0.0002561047731433064,0.00012084525951649994
0,0,0.9990755319595337,0.0002703898644540459,0.0005311398999765515,0.00012287902063690126
1,1,0.0007584418053738773,0.9987462759017944,0.00029748998349532485,0.00019775156397372484
2,1,0.001723649213090539,0.7071080207824707,0.29016605019569397,0.0010022144997492433
2,2,0.0002813797036651522,0.0006026473129168153,0.9988644123077393,0.00025161882513202727
1,0,0.9994799494743347,0.00014636246487498283,0.00023868544667493552,0.00013507429684977978
0,0,0.9994574189186096,0.00012623437214642763,0.0002704323851503432,0.00014594366075471044
1,1,0.00012532674008980393,0.9995875954627991,0.00014687367365695536,0.00014026844291947782
0,0,0.9994773268699646,0.00012049570068484172,0.0002601305313874036,0.00014207413187250495
2,1,8.565808821003884e-05,0.9995744824409485,0.00019915778830181807,0.00014071195619180799
2,2,0.0002944384468719363,0.0004490695137064904,0.9990373849868774,0.00021916665718890727
1,1,0.0003664933901745826,0.9989333748817444,0.0004885315429419279,0.0002115698007401079
0,1,0.0010093416785821319,0.9986324906349182,0.00018757637008093297,0.00017063523409888148
1,1,0.00011267446097917855,0.9995751976966858,0.00017277088772971183,0.00013927895633969456
0,0,0.9994906187057495,0.00015841156709939241,0.0002262108027935028,0.00012465543113648891
2,2,0.0006167137762531638,0.00017968210158869624,0.9989558458328247,0.0002476932422723621
1,1,0.00011661821918096393,0.9995912909507751,0.000162301046657376,0.00012982152111362666
0,0,0.9995068311691284,0.00011758347682189196,0.00025184836704283953,0.0001237234682776034
0,0,0.9991663694381714,0.00029985379660502076,0.0004532526363618672,8.052466000663117e-05
2,2,0.00038966553984209895,0.0011851123999804258,0.9982275366783142,0.00019766937475651503
1,0,0.9993508458137512,0.00014182290760800242,0.0003976862062700093,0.00010962256783386692
0,0,0.9994706511497498,0.00011327579704811797,0.00026722028269432485,0.00014884938718751073
1,1,0.0001008812541840598,0.9995768666267395,0.00016389750817324966,0.00015835303929634392
2,2,0.00029234495013952255,0.00033984644687734544,0.9991182684898376,0.00024949232465587556
0,0,0.9994920492172241,0.00015259106294251978,0.0002180091105401516,0.00013734929962083697
0,0,0.9995232820510864,0.00011909759632544592,0.0002167680358979851,0.00014094608195591718
1,2,0.0002920982660725713,0.00031054491410031915,0.9991256594657898,0.00027175137074664235
2,2,0.0007290944340638816,0.00033666795934550464,0.9987398982048035,0.00019438650633674115
1,1,0.00011663397162919864,0.9995707869529724,0.00017304600623901933,0.00013956261682324111
2,0,0.9981653094291687,8.797131886240095e-05,0.0015948269283398986,0.00015195574087556452
0,0,0.9995256662368774,0.00011457420623628423,0.00021526202908717096,0.00014449610898736864
2,1,0.00016963918460533023,0.9995169639587402,0.00016868753300514072,0.00014475554053205997
1,1,0.00011058175732614473,0.9995805621147156,0.00016551440057810396,0.00014337828906718642
0,0,0.9994912147521973,0.00011623826867435127,0.00024355815548915416,0.0001489480200689286
0,0,0.9994800686836243,0.00019924041407648474,0.00021406506130006164,0.00010665201989468187
1,1,0.0028110307175666094,0.9946423768997192,0.0024151261895895004,0.0001314853725489229
2,0,0.9995067119598389,0.00015443016309291124,0.00020118126121815294,0.00013777558342553675
1,1,7.99239642219618e-05,0.9995996356010437,0.00016992184100672603,0.0001505022228229791
2,1,9.279204823542386e-05,0.9995966553688049,0.0001590143219800666,0.00015153888671193272
0,0,0.999459445476532,0.0002091137139359489,0.00020024264813400805,0.00013110660074744374
1,1,9.43601771723479e-05,0.999614953994751,0.00015260443615261465,0.0001381009933538735
2,2,0.00030592488474212587,0.00027954598772339523,0.9991484880447388,0.00026606579194776714
0,0,0.999488115310669,0.00015792563499417156,0.00021565421775449067,0.00013823603512719274
0,0,0.999464213848114,0.00011863905092468485,0.0002660488535184413,0.00015112326946109533
0,0,0.9994298815727234,0.00011055359937017784,0.00032113571069203317,0.00013845069042872638
1,1,9.380819392390549e-05,0.9996007084846497,0.00017022014071699232,0.00013521577056962997
2,1,0.00010637685772962868,0.9991428852081299,0.0005981761496514082,0.00015254503523465246
1,1,0.00011534216901054606,0.999582827091217,0.00016680355474818498,0.00013496651081368327
0,0,0.9994768500328064,0.00012209228589199483,0.0002573507372289896,0.00014376647595781833
0,0,0.9995052814483643,0.00012147926463512704,0.00023126679298002273,0.000141962431371212
1,0,0.9982004165649414,0.0001794926356524229,0.0015107913641259074,0.00010925927927019075
2,2,0.0003873271052725613,0.0003499368904158473,0.9990355968475342,0.00022714737860951573
2,1,0.00011410967272240669,0.9995180368423462,0.00023653340758755803,0.00013133867469150573
1,2,0.0002960666024591774,0.0004579514206852764,0.9990004897117615,0.0002454683999530971
2,1,0.0001998288498725742,0.9937614798545837,0.0057474225759506226,0.00029133769567124546
0,0,0.9995111227035522,0.00012449298810679466,0.00022223092673812062,0.00014213856775313616
2,0,0.9995025396347046,0.0001518648787168786,0.00020899911760352552,0.00013663766731042415
0,0,0.9994742274284363,0.00012559010065160692,0.00025558951892890036,0.00014466488210018724
0,0,0.9994827508926392,0.0001229824556503445,0.0002526534954085946,0.00014157056284602731
2,1,0.0002726331877056509,0.9994391798973083,0.00017519653192721307,0.0001129085649154149
1,1,9.236942423740402e-05,0.9995293617248535,0.00023764332581777126,0.0001406129013048485
1,1,0.00013253532233648002,0.9995241165161133,0.00019651888578664511,0.0001468206464778632
2,1,0.00010943366214632988,0.9995847344398499,0.00017426317208446562,0.00013149947335477918
0,0,0.999394416809082,0.0002687480882741511,0.0002154011162929237,0.0001214681105921045
1,1,7.287000335054472e-05,0.9995576739311218,0.0002237936860183254,0.0001455935271224007
0,0,0.9994912147521973,0.00011693673877744004,0.0002454202331136912,0.000146440215758048
2,2,0.0017927751177921891,0.04648103192448616,0.9514050483703613,0.0003211102157365531
0,0,0.9994308352470398,0.00013238804240245372,0.0003045989142265171,0.00013207114534452558
1,1,0.00010905855015153065,0.9995738863945007,0.00017331937851849943,0.00014373545127455145
2,2,0.0009798784740269184,0.00027032510843127966,0.9984990358352661,0.00025079050101339817
1,1,0.00010026345262303948,0.9995842576026917,0.0001579659729031846,0.0001575092610437423
0,0,0.999476969242096,0.00012133271229686216,0.00026289650122635067,0.00013890171248931438
2,2,0.0003513563424348831,0.00034776251413859427,0.9990662932395935,0.00023462422541342676
1,2,0.0003563259379006922,0.0010643935529515147,0.9982935786247253,0.00028570438735187054
2,2,0.09633386880159378,0.25344905257225037,0.6497557759284973,0.00046132199349813163
2,1,0.00017005062545649707,0.9994359612464905,0.00022452035045716912,0.00016945519018918276
2,2,0.00029171386267989874,0.00022075141896493733,0.9991620779037476,0.0003254995681345463
1,1,0.00010992353782057762,0.9995909333229065,0.00016354132094420493,0.000135653986944817
0,0,0.9978468418121338,0.0009469965007156134,0.0011088254395872355,9.725838754093274e-05
0,0,0.9994329810142517,0.00011806638212874532,0.00030460741254501045,0.00014426131383515894
2,2,0.0003652493469417095,0.00021024965099059045,0.9991617202758789,0.0002627155918162316
1,1,9.986006625695154e-05,0.9996174573898315,0.00015229760902002454,0.00013039109762758017
0,0,0.9995099306106567,0.0001095631014322862,0.0002343041414860636,0.00014631215890403837
1,1,8.747026731725782e-05,0.9996089339256287,0.00016618738300167024,0.00013740283611696213
2,1,0.00010324161848984659,0.997917115688324,0.0017113556386902928,0.0002682801859918982
2,0,0.9982339143753052,0.00010673391807358712,0.0015087579376995564,0.00015049913781695068
1,1,0.00013897311873733997,0.9995817542076111,0.00015477085253223777,0.00012457065167836845
2,0,0.9994478821754456,9.341098484583199e-05,0.000327700050547719,0.00013100760406814516
0,0,0.9994613528251648,0.00012128743401262909,0.0002608124341350049,0.0001565190323162824
2,2,0.0002972777292598039,0.00022989528952166438,0.9991517066955566,0.0003211571602150798
1,1,0.00010337791172787547,0.9995947480201721,0.00016828399384394288,0.00013352067617233843
2,2,0.00040876457933336496,0.0003309017338324338,0.999019980430603,0.00024043439771048725
1,1,9.55674477154389e-05,0.9995812773704529,0.00017696223221719265,0.00014618660497944802
0,0,0.9994410872459412,0.00013943490921519697,0.00029323535272851586,0.0001262212172150612
1,1,0.00012392309145070612,0.9995577931404114,0.00017787005344871432,0.0001403201895300299
0,0,0.9994670748710632,0.00011953750799875706,0.00026258669095113873,0.00015076238196343184
2,2,0.00028948026010766625,0.0003973297425545752,0.9989603757858276,0.00035274543915875256
1,2,0.00040960535989142954,0.00026163068832829595,0.9990967512130737,0.0002320371859241277
2,0,0.5933305621147156,0.4040297567844391,0.0016175839118659496,0.0010220636613667011
0,1,9.297580982092768e-05,0.9995409250259399,0.0002036177320405841,0.00016256363596767187
1,1,0.0001241787540493533,0.9995330572128296,0.0002021819236688316,0.00014062199625186622
0,2,0.004461328033357859,0.0071359300054609776,0.9882148504257202,0.00018782624101731926
2,2,0.00033055260428227484,0.00026495856582187116,0.9991401433944702,0.00026434980100020766
1,1,0.00010235250374535099,0.999614953994751,0.00014431042654905468,0.00013830923126079142
0,0,0.9994433522224426,0.00015665673709008843,0.0002537303080316633,0.00014619795547332615
2,2,0.0003123714413959533,0.00042608738294802606,0.9990373849868774,0.00022419975721277297
2,1,0.00016897979367058724,0.9993997812271118,0.00030965256155468524,0.0001216783857671544
1,1,8.013969636522233e-05,0.9996077418327332,0.00017316399316769093,0.00013894346193410456
2,2,0.00034596904879435897,0.00022466760128736496,0.9991695880889893,0.00025976714096032083
1,1,0.0011649556690827012,0.9983595013618469,0.0002761805662885308,0.00019936467288061976
0,0,0.9994798302650452,0.00012305410928092897,0.0002566096663940698,0.00014053635823074728
0,0,0.999487042427063,0.0001169886818388477,0.00025943267974071205,0.00013656703231390566
0,0,0.9994961023330688,0.0001422734057996422,0.00021353695774450898,0.00014806317631155252
2,2,0.00034550600685179234,0.00023713726841378957,0.9991506338119507,0.00026670427178032696
1,1,0.00010805066267494112,0.9995837807655334,0.00017353495059069246,0.0001346847857348621
1,1,9.06186833162792e-05,0.999591052532196,0.0001782318577170372,0.00014014831685926765
2,2,0.0003339880204293877,0.0003025605983566493,0.9991101622581482,0.0002533307415433228
0,0,0.9995217323303223,0.00010636493971105665,0.0002450467145536095,0.00012684565444942564
0,0,0.9994755387306213,0.00012591993436217308,0.0002629444934427738,0.00013562875392381102
1,1,0.00019033598073292524,0.9994655251502991,0.00018089560035150498,0.00016325342585332692
2,0,0.9993327260017395,0.00023415069153998047,0.0003152847057208419,0.00011779384658439085
0,0,0.9984126091003418,0.000543913571164012,0.0009325107093900442,0.00011089532199548557
1,1,0.00021938975260127336,0.998649537563324,0.0009449037606827915,0.00018624695076141506
2,1,0.0001875226153060794,0.9991835951805115,0.00045532462536357343,0.00017349855625070632
1,1,0.00011823738896055147,0.999570906162262,0.00016215523646678776,0.00014876214845571667
0,1,0.00011628190986812115,0.9995661377906799,0.00016560785297770053,0.00015189714031293988
2,1,0.00011673683184199035,0.9994444251060486,0.00031238014344125986,0.00012635617167688906
0,0,0.9989151954650879,8.801098010735586e-05,0.0008602313464507461,0.00013654788199346513
2,2,0.0003191542928107083,0.0002862493565771729,0.9991127848625183,0.0002818069187924266
1,1,9.96421294985339e-05,0.9996060729026794,0.00015972454275470227,0.00013452349230647087
1,2,0.0003842955338768661,0.001010242267511785,0.998371422290802,0.00023400242207571864
2,0,0.9985166192054749,9.141064947471023e-05,0.0012574192369356751,0.00013456563465297222
2,2,0.0025239039678126574,0.24199917912483215,0.7545016407966614,0.0009753231424838305
1,0,0.9992160797119141,0.00016271798813249916,0.0005175837432034314,0.0001035866080201231
0,0,0.9994794726371765,0.00011536808597156778,0.0002614711702335626,0.00014365132665261626
2,0,0.9987055063247681,0.00015225025708787143,0.0010002820054069161,0.00014194629329722375
2,1,0.00011691980762407184,0.9994809031486511,0.00026854994939640164,0.000133650450152345
0,0,0.9994342923164368,0.00012602358765434474,0.0002946652821265161,0.00014508256572298706
1,1,0.00010517254850128666,0.9995958209037781,0.00015521053865086287,0.0001438355538994074
2,0,0.9993293285369873,0.00010959648352582008,0.00043575908057391644,0.00012527487706393003
1,1,0.0001437859027646482,0.9995718598365784,0.00015322242688853294,0.00013105022662784904
2,2,0.0003404768358450383,0.0002772106963675469,0.9991175532341003,0.000264691945631057
0,0,0.999495267868042,0.00011483226990094408,0.0002444643760100007,0.00014542997814714909
1,0,0.9993165731430054,0.0002581131411716342,0.0003369363839738071,8.839380461722612e-05
2,2,0.00036534221726469696,0.00018946784257423133,0.9991264939308167,0.00031878543086349964
0,0,0.999527096748352,0.00011416980851208791,0.0002182114403694868,0.00014059622480999678
2,1,8.030633762245998e-05,0.9995049238204956,0.0002537684631533921,0.00016101825167424977
1,1,9.30837049963884e-05,0.9991588592529297,0.00046458019642159343,0.0002834268379956484
0,0,0.9984044432640076,0.00014279621245805174,0.001327890669927001,0.0001248614862561226
2,1,0.00031002177274785936,0.9818390607833862,0.017324959859251976,0.0005259704776108265
1,2,0.00021925140754319727,0.0007045446545816958,0.9986100196838379,0.0004661256680265069
1,1,9.510097879683599e-05,0.9995891451835632,0.00017020794621203095,0.0001455678284401074
0,0,0.9995204210281372,0.00010153553012060001,0.0002479285467416048,0.00013011858391109854
2,2,0.00032941080280579627,0.00044941806118004024,0.9989892840385437,0.00023183508892543614
1,2,0.0003809648042079061,0.0024097461719065905,0.9970054030418396,0.0002039364044321701
2,2,0.0004641593259293586,0.00040064065251499414,0.9989288449287415,0.00020635724649764597
0,0,0.9994630217552185,0.000128634026623331,0.0002638568403199315,0.000144495876156725
0,0,0.9928186535835266,0.006295975763350725,0.0007193120545707643,0.0001659459958318621
1,1,0.00011616155825322494,0.9996045231819153,0.0001527137792436406,0.00012665355461649597
2,1,0.00010431183909531683,0.9995923638343811,0.00017435775953345,0.0001288849744014442
0,0,0.9994723200798035,0.00013531101285479963,0.00025487536913715303,0.0001375712890876457
1,2,0.0003073000116273761,0.0003672897582873702,0.9989709854125977,0.00035452053998596966
2,2,0.0002848476287908852,0.00020321624469943345,0.9990905523300171,0.00042133699753321707
1,1,0.00022952652943786234,0.9961430430412292,0.0034246938303112984,0.00020270602544769645
0,0,0.999477207660675,0.00011890892346855253,0.00025733758229762316,0.00014660233864560723
2,1,0.0005716639570891857,0.9391607046127319,0.05968719348311424,0.0005804393440485001
0,0,0.9995278120040894,0.00015253278252203017,0.00019115973555017263,0.00012849815539084375
2,1,0.002837813226506114,0.8391677737236023,0.15746848285198212,0.0005258691962808371
1,2,0.0004612320626620203,0.00264620129019022,0.9967027306556702,0.0001898111222544685
2,2,0.00031534070149064064,0.0017596125835552812,0.9976645708084106,0.00026050128508359194
1,1,0.00044546116259880364,0.9983068704605103,0.0011177398264408112,0.0001299365540035069
0,0,0.9991325736045837,0.00019682575657498091,0.000555110105779022,0.00011548653128556907
2,2,0.0003105514624621719,0.0002648678491823375,0.9991562366485596,0.000268418196355924
0,0,0.9994688630104065,0.00011468990123830736,0.00027204802609048784,0.00014450981689151376
1,1,9.511890675639734e-05,0.999618411064148,0.00014673762780148536,0.00013961027434561402
1,1,0.00010777325223898515,0.9995717406272888,0.0001857072056736797,0.00013481592759490013
2,2,0.0003998539177700877,0.00022735857055522501,0.9991160035133362,0.0002568305644672364
0,0,0.9995027780532837,0.00014944432768970728,0.00022765729227103293,0.00012010468344669789
0,2,0.00040060337050817907,0.0001941587688634172,0.9991303086280823,0.0002749653940554708
1,1,0.00013479813060257584,0.9995560050010681,0.0001457331673009321,0.00016348945791833103
0,0,0.9995318651199341,0.00010134746844414622,0.00023193024389911443,0.0001349825324723497
1,1,0.00011202498717466369,0.9995755553245544,0.00018364748393651098,0.00012880466238129884
2,2,0.0002907401940319687,0.00043357134563848376,0.9990260601043701,0.00024962061434052885
0,1,0.0004527572891674936,0.999081015586853,0.0003569156106095761,0.00010936224862234667
0,0,0.9994469285011292,0.00023428491840604693,0.00021354557247832417,0.00010527268022997305
2,0,0.9995325803756714,0.0001220177291543223,0.00021390122128650546,0.00013149323058314621
1,1,7.579014345537871e-05,0.999600350856781,0.00018356081272941083,0.0001403779606334865
2,1,0.0011764983646571636,0.6533188819885254,0.34402140974998474,0.0014832692686468363
0,0,0.9995065927505493,0.00010495236347196624,0.0002454904606565833,0.00014294048014562577
1,2,0.0012856051325798035,0.031017066910862923,0.9673511385917664,0.00034622440580278635
0,0,0.9995267391204834,0.00012236906331963837,0.0002080553531413898,0.00014291296247392893
2,2,0.00028958803159184754,0.00029857284971512854,0.9991225600242615,0.00028936107992194593
1,1,7.998535875231028e-05,0.9995654225349426,0.00021023412409704179,0.00014424081018660218
1,0,0.9994971752166748,0.00013175481581129134,0.00024649713304825127,0.00012448235065676272
2,2,0.00026832413277588785,0.0005802725208923221,0.9989032745361328,0.0002481530827935785
0,0,0.9994943141937256,0.00012231271830387414,0.00023732814588584006,0.0001460528001189232
0,0,0.9994718432426453,0.00011700977483997121,0.00025916413869708776,0.00015202090435195714
1,1,0.00010174064664170146,0.999618649482727,0.00014228461077436805,0.00013729716010857373
2,0,0.9953829646110535,0.0002546540054026991,0.004226516000926495,0.000135896319989115
0,0,0.9994432330131531,0.00016789944493211806,0.0002452963381074369,0.00014357051986735314
1,0,0.9969159364700317,0.0025269051548093557,0.00039427957381121814,0.0001628070167498663
0,2,0.0008286370430141687,0.0019697018433362246,0.9969991445541382,0.000202590788831003
1,1,0.00012218223128002137,0.9995771050453186,0.00016586067795287818,0.0001349239028058946
0,0,0.9994505047798157,0.00010202246630797163,0.0003080944297835231,0.0001393595157423988
1,2,0.00039770579314790666,0.00027190454420633614,0.9990979433059692,0.00023248024808708578
2,2,0.0003616356698330492,0.0003711257304530591,0.9990296363830566,0.0002375628100708127
0,0,0.8693925738334656,0.0015908118803054094,0.1285170018672943,0.0004996483330614865
1,1,0.00010424869833514094,0.9996058344841003,0.00015203897783067077,0.00013791269157081842
1,1,0.00013312164810486138,0.9995905756950378,0.0001493313757237047,0.000127062521642074
2,1,8.703425555722788e-05,0.999570906162262,0.00019500835333019495,0.0001470810384489596
0,0,0.9994903802871704,0.00012324073759373277,0.0002374662144575268,0.0001489359710831195
0,0,0.9993810653686523,0.00016346645134035498,0.0003372481733094901,0.0001181496845674701
2,2,0.00031150897848419845,0.00020602390577550977,0.9991649389266968,0.00031762628350406885
0,0,0.9994909763336182,0.00015210910351015627,0.00022081124188844115,0.00013613143528345972
1,1,7.936064503155649e-05,0.9995417594909668,0.00021616859885398299,0.00016282474098261446
1,1,9.499897714704275e-05,0.9996022582054138,0.0001612626074347645,0.0001414780126651749
0,0,0.9994755387306213,0.0001218599354615435,0.0002548854099586606,0.00014780306082684547
0,0,0.9994589686393738,0.0001129481679527089,0.0002826256968546659,0.0001454489683965221
2,1,0.00010913975711446255,0.9995296001434326,0.00017885430133901536,0.0001824036444304511
1,1,0.0001162415137514472,0.999599277973175,0.00015521995374001563,0.00012924318434670568
0,0,0.9994198083877563,0.00014499468670692295,0.0002894480130635202,0.00014582993753720075
0,2,0.00038942397804930806,0.00029198569245636463,0.9990749359130859,0.00024363998090848327
1,1,0.00012150021939305589,0.9994747042655945,0.0002601940941531211,0.00014357503096107394
1,1,9.326908184448257e-05,0.9996021389961243,0.00015472293307539076,0.0001499517384218052
0,0,0.9994944334030151,0.00012728558795060962,0.00023791100829839706,0.0001402680791215971
2,2,0.0010699997656047344,0.0003741703403647989,0.9983763694763184,0.0001795345451682806
0,0,0.9231024980545044,0.07550542056560516,0.0007448949036188424,0.0006471716333180666
2,1,0.00033466570312157273,0.9993364214897156,0.00017241330351680517,0.00015640025958418846
1,1,0.00011480197281343862,0.9993240833282471,0.0004148316802456975,0.00014623627066612244
1,1,0.00011158947745570913,0.9995083808898926,0.00023531886108685285,0.00014463919796980917
0,0,0.9994204044342041,0.0001251745125046,0.0003039214061573148,0.00015047825581859797
2,2,0.01832662522792816,0.0007132792379707098,0.980652928352356,0.0003071183164138347
0,0,0.9994845390319824,9.849305206444114e-05,0.00027749533182941377,0.00013946782564744353
2,2,0.26877349615097046,0.0008935498772189021,0.72959303855896,0.0007400335161946714
1,1,0.00011298973549855873,0.9994969367980957,0.0002505649463273585,0.00013954871974419802
1,1,0.00010073457087855786,0.9996199607849121,0.00013911037240177393,0.00014013527834322304
2,0,0.9993603825569153,0.00013950291031505913,0.0003977093438152224,0.00010247389582218602
0,0,0.9995193481445312,0.00012234972382429987,0.00021926025510765612,0.00013904331717640162
2,2,0.00045077758841216564,0.000403586687752977,0.9989362359046936,0.00020939827663823962
1,1,9.540297469357029e-05,0.9996192455291748,0.0001534164184704423,0.00013190506433602422
0,0,0.9995021820068359,0.00011730717960745096,0.0002384589024586603,0.00014207224012352526
2,2,0.0004447568499017507,0.0002527451724745333,0.9990456700325012,0.0002568663621786982
0,0,0.9993740916252136,0.0001801410544430837,0.0003327579179313034,0.00011306519445497543
1,0,0.9994706511497498,0.00012263112876098603,0.0002809673605952412,0.00012580445036292076
3,2,0.00032331753754988313,0.0002475738583598286,0.9991812109947205,0.0002478970855008811
1,1,0.00010615971405059099,0.999508261680603,0.00026025771512649953,0.00012530114327091724
2,2,0.0018099636072292924,0.01540396548807621,0.9825527667999268,0.00023330649128183722
1,1,0.0001449625997338444,0.9995482563972473,0.00016840733587741852,0.00013831083197146654
0,0,0.9994839429855347,0.00011391170846763998,0.000280823529465124,0.00012124508066335693
2,2,0.0009325731662102044,0.00026053350302390754,0.9986047148704529,0.00020220094302203506
2,0,0.7283042669296265,0.0006154952570796013,0.27046704292297363,0.0006131778936833143
0,0,0.9994755387306213,0.00013068676344119012,0.0002669979294296354,0.00012682781380135566
1,1,0.00014969613403081894,0.9995249509811401,0.00018816126976162195,0.0001370981044601649
1,1,0.0001053630476235412,0.9996086955070496,0.00014957865641918033,0.00013641585246659815
2,0,0.9995075464248657,0.00011987433390459046,0.0002320845815120265,0.00014048143930267543
0,0,0.9994847774505615,0.00011513942445162684,0.00025444288621656597,0.000145497135235928
0,0,0.9994889497756958,0.0001053453961503692,0.0002635802375152707,0.0001421577762812376
2,2,0.00031173398019745946,0.0002449856256134808,0.9991410970687866,0.0003021345764864236
1,1,0.00010503142402740195,0.9996205568313599,0.00014043369446881115,0.00013396212307270616
2,2,0.00026230912772007287,0.00047646331950090826,0.9990087151527405,0.0002524609153624624
2,2,0.048201899975538254,0.0028217339422553778,0.9485573768615723,0.0004189232422504574
0,0,0.9994685053825378,0.00012472915113903582,0.0002567619667388499,0.00014999076665844768
0,2,0.0032192710787057877,0.0002094335068250075,0.9963231086730957,0.00024818337988108397
2,0,0.999494194984436,0.0001094106919481419,0.0002557872503530234,0.00014058932720217854
2,2,0.00046757474774494767,0.0002845700946636498,0.9990313053131104,0.00021657891920767725
1,1,8.450507448287681e-05,0.9996160268783569,0.00015651446301490068,0.00014289916725829244
0,0,0.9994959831237793,0.00011308374087093398,0.0002553110243752599,0.0001356342399958521
2,1,0.00020240279263816774,0.9993508458137512,0.00032393509172834456,0.00012278235226403922
0,0,0.9994539618492126,0.00016647583106532693,0.00026447922573424876,0.00011502206325531006
2,2,0.00033338976209051907,0.0003440863802097738,0.9990702271461487,0.00025233346968889236
1,1,0.000100110744824633,0.9996011853218079,0.00016101195069495589,0.00013769534416496754
0,1,0.00014922682021278888,0.9994871616363525,0.0001812305417843163,0.000182428935659118
1,1,0.00010836384899448603,0.9996046423912048,0.0001482400402892381,0.00013878279423806816
2,2,0.00021833613573107868,0.0008145052124746144,0.9986724853515625,0.00029471711604855955
2,1,0.0001133316764025949,0.9995517134666443,0.0001912669831654057,0.0001437561440980062
1,1,0.0012298725778236985,0.9984234571456909,0.00020036270143464208,0.00014621934678871185
0,0,0.9994763731956482,9.045942715601996e-05,0.0003084669297095388,0.0001247308391612023
1,1,0.00010870095138670877,0.9995949864387512,0.0001617924281163141,0.00013454662985168397
2,0,0.9994988441467285,0.00011565310705918819,0.0002438891533529386,0.000141568249091506
0,0,0.9995120763778687,0.0001366548822261393,0.00021224362717475742,0.00013903461513109505
1,1,0.00010723534069256857,0.9995167255401611,0.00023178057745099068,0.00014428675058297813
0,0,0.9994938373565674,0.00011699850438162684,0.00024457479594275355,0.00014456649660132825
2,2,0.0008897744701243937,0.00033159475424326956,0.998529314994812,0.00024933955864980817
1,1,0.00010945199028356001,0.9996026158332825,0.00014861967065371573,0.00013935653259977698
0,1,0.00013230647891759872,0.9995307922363281,0.0001897313049994409,0.0001471906143706292
2,2,0.00029425512184388936,0.0002303570363437757,0.9991488456726074,0.00032661622390151024
2,2,0.0004300765285734087,0.00022804517357144505,0.9990767240524292,0.00026508784503675997
0,2,0.13740558922290802,0.19798213243484497,0.663907527923584,0.0007047420949675143
1,2,0.0003720361564774066,0.0007648107712157071,0.9986469149589539,0.00021624425426125526
1,1,9.329801105195656e-05,0.9984351992607117,0.0012232429580762982,0.00024826781009323895
0,0,0.9994704127311707,0.000117332543595694,0.0002652671537362039,0.00014707481022924185
2,2,0.000262695160927251,0.00040987110696733,0.9990801811218262,0.00024725112598389387
0,0,0.9993996620178223,0.00010873684368561953,0.0003718145308084786,0.0001197288729599677
1,2,0.0003252337337471545,0.00039252027636393905,0.9990766048431396,0.0002055623772321269
2,0,0.9994379878044128,0.00011703437485266477,0.000305395748000592,0.00013956791372038424
1,1,0.00010379687591921538,0.9996129870414734,0.00014357914915308356,0.00013966877304483205
0,0,0.9959098100662231,0.00011897184594999999,0.003713917452841997,0.0002572665980551392
2,2,0.0002762977092061192,0.0003382238792255521,0.9990898370742798,0.00029568953323177993
0,0,0.9993883371353149,0.0001300639269175008,0.0003572294081095606,0.00012438393605407327
2,2,0.011551856994628906,0.0440712571144104,0.9440736770629883,0.00030318269273266196
1,1,0.0002731533022597432,0.9808175563812256,0.018408752977848053,0.000500539259519428
2,1,0.0003751043986994773,0.9927294850349426,0.00664880545809865,0.00024660761118866503
1,0,0.9372777938842773,0.02883766032755375,0.03352457657456398,0.00036003580316901207
0,2,0.003853559959679842,0.0003346077282913029,0.9955049157142639,0.0003069220401812345
0,0,0.9994515776634216,0.00012920991866849363,0.00027408418827690184,0.00014521948469337076
1,1,8.893154154065996e-05,0.9995181560516357,0.00023933348711580038,0.0001535427145427093
2,2,0.00033654080471023917,0.0002630250819493085,0.9991346001625061,0.00026582140708342195
2,1,0.00015340691606979817,0.9995297193527222,0.00016996133490465581,0.00014695173013024032
0,0,0.9994755387306213,0.00013394319103099406,0.00024300099175889045,0.00014742369239684194
1,1,0.00011847033601952717,0.9996022582054138,0.00014474746421910822,0.0001344862685073167
1,1,9.625837992643937e-05,0.9996086955070496,0.0001515566254965961,0.00014352158177644014
0,0,0.9994584918022156,0.00012313952902331948,0.0002781693183351308,0.00014016969362273812
0,0,0.999440610408783,0.0001357466826448217,0.0002704002254176885,0.00015317033103201538
2,2,0.00025882944464683533,0.000318536622216925,0.9991534948348999,0.0002691351401153952
1,1,0.00010468489927006885,0.999595582485199,0.00016836424765642732,0.0001314108812948689
0,0,0.9994945526123047,0.0001181152110802941,0.00025272538186982274,0.00013461164780892432
0,0,0.9994845390319824,0.00010500381904421374,0.00027288461569696665,0.0001376177096972242
1,1,9.67771775322035e-05,0.9996079802513123,0.0001680147397564724,0.0001272446970688179
0,0,0.9994590878486633,0.0001251349603990093,0.0002652300172485411,0.00015057351265568286
0,0,0.9994756579399109,0.00011825531692011282,0.00026385716046206653,0.00014222355093806982
1,1,0.00012093640543753281,0.9995793700218201,0.00016874907305464149,0.0001309716171817854
2,2,0.1053733378648758,0.0010140477679669857,0.8928477168083191,0.0007649263716302812
0,0,0.9994785189628601,0.00012989688548259437,0.00025011671823449433,0.00014150029164738953
1,2,0.00035181327257305384,0.0017326866509392858,0.9977169036865234,0.00019862395129166543
2,2,0.00047060480574145913,0.0025109543930739164,0.9968007802963257,0.00021767850557807833
0,0,0.9994834661483765,0.00011199406435480341,0.00025749459746293724,0.0001470092829549685
0,0,0.9992541670799255,9.780286927707493e-05,0.0005247025983408093,0.00012329612218309194
1,1,0.00011414645268814638,0.9996009469032288,0.0001501493388786912,0.00013475571176968515
2,2,0.00034080693149007857,0.00025926411035470665,0.999136745929718,0.00026324097416363657
0,0,0.9994654059410095,0.00011975695815635845,0.00026271375827491283,0.00015213669394142926
1,2,0.00026802325737662613,0.0003625771787483245,0.9991125464439392,0.0002568358031567186
1,2,0.009806578047573566,0.003138244152069092,0.9866814613342285,0.00037374862586148083
2,1,0.015949713066220284,0.9811986684799194,0.0020319519098848104,0.0008197365095838904
0,1,0.0006940794992260635,0.9989622831344604,0.00019753833475988358,0.00014606541662942618
2,2,0.0005477227969095111,0.00023866828996688128,0.998970627784729,0.00024309444415848702
0,2,0.0004073443415109068,0.00019723204604815692,0.9991146922111511,0.0002807047567330301
1,1,9.352612687507644e-05,0.9995991587638855,0.000165305013069883,0.00014207587810233235
2,2,0.0003249550936743617,0.000529346929397434,0.9989187717437744,0.00022691125923302025
1,1,0.0001085076219169423,0.9996048808097839,0.00015589181566610932,0.00013074532034806907
0,1,0.00013057017349638045,0.999580442905426,0.00016359513392671943,0.00012536205758806318
1,1,0.0001106773634091951,0.9996150732040405,0.00014098027895670384,0.00013323250459507108
2,2,0.0002716129820328206,0.0005100516136735678,0.9989855885505676,0.00023267391952686012
0,0,0.9994333386421204,0.00013952907465863973,0.0002701317716855556,0.00015702957171015441
0,0,0.9994295239448547,0.00011973793152719736,0.00029997885576449335,0.000150666746776551
2,1,0.0005667769582942128,0.9887996315956116,0.010374253615736961,0.00025930412812158465
1,2,0.0003353016800247133,0.00029197431285865605,0.999091386795044,0.0002813634055200964
1,1,0.00010508432751521468,0.9995958209037781,0.00015472446102648973,0.00014442276733461767
2,1,0.00014654341794084758,0.9995786547660828,0.00014288727834355086,0.00013189806486479938
0,0,0.9994901418685913,0.00012304095434956253,0.00025236132205463946,0.00013449288962874562
1,1,0.0004027604009024799,0.9991911053657532,0.00023997752577997744,0.0001661675050854683
2,2,0.00031334158848039806,0.0003100997710134834,0.9991350769996643,0.00024143524933606386
2,2,0.00031464826315641403,0.0003227614797651768,0.9991069436073303,0.00025563454255461693
2,2,0.0004423090722411871,0.00046646990813314915,0.9988377690315247,0.0002533834194764495
1,1,9.657719783717766e-05,0.9996145963668823,0.00015011658251751214,0.00013872821000404656
0,2,0.0004658836987800896,0.000287856615614146,0.9990224838256836,0.00022375278058461845
0,1,0.00044061188236810267,0.9949100613594055,0.004418005235493183,0.00023132591741159558
1,0,0.9995365142822266,0.00011197298590559512,0.00023024035908747464,0.00012136436271248385
2,2,0.000328679132508114,0.0014669253723695874,0.9979707598686218,0.00023354832956101745
2,1,0.01573004387319088,0.9823579788208008,0.0011827555717900395,0.0007292748778127134
0,1,0.004193951841443777,0.9952298402786255,0.0002771297877188772,0.00029914334299974144
1,0,0.9994891881942749,0.00013282903819344938,0.0002314748999197036,0.0001464964880142361
1,2,0.17239408195018768,0.021157631650567055,0.8059917092323303,0.0004565099661704153
2,1,0.001061846618540585,0.7883862853050232,0.209784597158432,0.0007672858191654086
0,2,0.006832574028521776,0.0017991189379245043,0.9912009239196777,0.0001672909129410982
1,1,0.00011922359408345073,0.9995782971382141,0.00018758168152999133,0.00011489417374832556
0,1,0.0001401018089381978,0.9995747208595276,0.00015808833995833993,0.00012719848018605262
2,1,9.195496386382729e-05,0.9990893602371216,0.0006421484285965562,0.00017650611698627472
1,1,0.0028858049772679806,0.9960235357284546,0.0009755409555509686,0.0001150725147454068
2,2,0.002421362092718482,0.23339754343032837,0.7636092305183411,0.0005717824096791446
0,0,0.9994921684265137,0.0001290191285079345,0.0002463798155076802,0.0001323642354691401
0,0,0.9994487166404724,0.00011511759657878429,0.0003094917628914118,0.00012658648483920842
2,2,0.00033845071448013186,0.000395919632865116,0.9990322589874268,0.00023339729523286223
1,1,0.00011689215898513794,0.9995514750480652,0.00019225817231927067,0.00013924087397754192
1,1,9.68306339927949e-05,0.9996145963668823,0.0001541836973046884,0.00013440781913232058
0,0,0.9994223117828369,9.74521753960289e-05,0.0003427095653023571,0.00013746223703492433
2,2,0.0003448530042078346,0.00022136485495138913,0.9991361498832703,0.0002976969408337027
0,0,0.9992949962615967,0.0004071137518621981,0.00018824829021468759,0.00010966235277010128
1,1,8.93620090209879e-05,0.999468982219696,0.00030776034691371024,0.00013395842688623816
2,2,0.00023007532581686974,0.0012170885456725955,0.9982714653015137,0.00028134576859883964
3,1,0.0003204460663255304,0.9993487000465393,0.0002068393223453313,0.0001240102865267545
0,1,0.02890806272625923,0.9700896739959717,0.0005025097052566707,0.0004996522911824286
0,0,0.9994851350784302,0.00011075938527937979,0.00025729546905495226,0.00014679727610200644
1,1,0.0001126408387790434,0.9995647072792053,0.00018757428915705532,0.000135111142299138
2,2,0.00027252317522652447,0.00034577256883494556,0.999113142490387,0.0002685543440748006
0,0,0.9994786381721497,0.00010284024756401777,0.0002739071205724031,0.000144587189424783
0,0,0.9995015859603882,9.64815917541273e-05,0.0002656533906701952,0.0001362378243356943
1,1,0.0001310442021349445,0.999595582485199,0.00014904259296599776,0.00012443179730325937
2,0,0.9547987580299377,0.00038336231955327094,0.044502779841423035,0.00031509363907389343
1,1,9.957167640095577e-05,0.9996159076690674,0.00015179117326624691,0.00013270622002892196
2,0,0.9838569164276123,0.0003042275202460587,0.015506690368056297,0.000332198163960129
0,0,0.9994834661483765,0.00010329613724024966,0.00026208936469629407,0.0001511135051259771
1,1,0.00011910738976439461,0.9995787739753723,0.00016384640184696764,0.00013823538029100746
0,0,0.9994677901268005,0.00012052914826199412,0.0002695741131901741,0.0001421238703187555
0,0,0.9995005130767822,0.00011359855125192553,0.00024666046374477446,0.0001392782578477636
2,2,0.00028086116071790457,0.0005380598595365882,0.9989680051803589,0.0002131019573425874
0,0,0.9994493126869202,0.00011689381062751636,0.00029359679319895804,0.0001401653280481696
1,1,0.00010658615065040067,0.999542236328125,0.00022828395594842732,0.0001229650224559009
1,1,9.282032260671258e-05,0.9994655251502991,0.0002834030019585043,0.00015818446991033852
2,2,0.00036695756716653705,0.0002707169041968882,0.9991312623023987,0.00023112843337003142
0,0,0.9994044303894043,0.00013808743096888065,0.00033771918970160186,0.00011967841419391334
2,2,0.0003569357795640826,0.0002616988786030561,0.9991371035575867,0.00024430430494248867
0,2,0.0003196747857145965,0.0002931006602011621,0.999071478843689,0.00031576823676005006
1,1,9.729705197969452e-05,0.9996010661125183,0.00016261340351775289,0.0001391109253745526
0,0,0.9994468092918396,0.00011448969598859549,0.0002844379632733762,0.00015425251331180334
2,1,0.00031844445038586855,0.9986281394958496,0.0008830238948576152,0.00017042143736034632
1,0,0.999395489692688,0.0001278275449294597,0.00034211130696348846,0.0001345170894637704
0,0,0.9994797110557556,0.00012491052621044219,0.0002466529549565166,0.00014873607142362744
2,2,0.00029300356982275844,0.0002943352737929672,0.9991264939308167,0.00028618855867534876
1,1,0.00022881841869093478,0.9994440674781799,0.0001812622940633446,0.000145864236401394
0,0,0.9994961023330688,0.00012751578469760716,0.00023388274712488055,0.00014252694381866604
2,0,0.9995038509368896,0.00011221144086448476,0.00024618374300189316,0.00013779228902421892
1,1,9.874723036773503e-05,0.9995850920677185,0.00018829145119525492,0.00012791325571015477
2,2,0.0014341408386826515,0.00031013161060400307,0.9980795383453369,0.00017608322377782315
1,1,0.00012878046254627407,0.999542236328125,0.00021380539692472667,0.00011517436360009015
0,0,0.9994639754295349,0.00011484247079351917,0.0002858860825654119,0.00013538255007006228
2,2,0.00035544540151022375,0.0003070281236432493,0.9991070628166199,0.00023045529087539762
1,1,0.00012995889119338244,0.999535083770752,0.00018182610801886767,0.00015308213187381625
0,0,0.9994814991950989,0.0001477432087995112,0.0002422446705168113,0.00012850789062213153
0,0,0.9994794726371765,0.00011399181676097214,0.00025812347303144634,0.00014851508603896946
2,2,0.00031447570654563606,0.0006129096145741642,0.9986104965209961,0.00046206486877053976
1,1,0.0001418522879248485,0.9992823004722595,0.00023677776334807277,0.0003391997015569359
0,0,0.9994545578956604,0.00012526728096418083,0.0002703348873183131,0.00014986484893597662
0,2,0.0003138300380669534,0.0002539021661505103,0.9991620779037476,0.00027018002583645284
1,1,0.0005860188975930214,0.998999297618866,0.00021151677356101573,0.0002031887706834823
1,1,0.39443671703338623,0.6013688445091248,0.003245085244998336,0.0009493111865594983
2,0,0.9995067119598389,0.00010146115528186783,0.0002441961842123419,0.00014768369146622717
0,0,0.9995009899139404,0.00015563482884317636,0.00021242756338324398,0.00013097995542921126
2,2,0.0003748299495782703,0.0002056004450423643,0.9991225600242615,0.0002970276109408587
0,0,0.9994660019874573,0.00012823817087337375,0.00025313932565040886,0.00015253019228111953
1,1,9.548569505568594e-05,0.9995675683021545,0.00019066465029027313,0.00014631752856075764
2,2,0.0047444989904761314,0.03280755132436752,0.9620295166969299,0.00041836462332867086
0,0,0.9994726777076721,0.000126533632283099,0.0002521851274650544,0.0001486227265559137
1,1,0.00011237384751439095,0.9993242025375366,0.0004100867663510144,0.00015330707537941635
2,2,0.0007515568286180496,0.0002248814416816458,0.998788058757782,0.00023556653468403965
2,2,0.0005779415369033813,0.0009001717553474009,0.9983293414115906,0.00019257546227890998
1,1,0.0001002877761493437,0.9996055960655212,0.00016033307474572212,0.00013378902804106474
1,1,8.422014070674777e-05,0.9996107220649719,0.0001580400567036122,0.00014708143135067075
2,2,0.00035819067852571607,0.030153535306453705,0.9687834978103638,0.0007047568797133863
0,0,0.9994207620620728,0.000110478482383769,0.0003463171888142824,0.00012246816186234355
1,1,0.00011323665239615366,0.9996094107627869,0.00014986348105594516,0.00012753291230183095
2,2,0.0003288614680059254,0.00024481318541802466,0.9991331696510315,0.00029319364693947136
0,0,0.9995006322860718,0.00011733586870832369,0.000241193498368375,0.0001408683165209368
1,0,0.9995269775390625,0.00010117740021087229,0.0002428427542326972,0.00012897847045678645
2,2,0.00034113245783373713,0.0023487997241318226,0.9970815777778625,0.0002285154041601345
0,0,0.9995071887969971,0.00015242364315781742,0.00021506310440599918,0.0001253025548066944
0,0,0.999428927898407,0.00011870152229676023,0.00031370107899419963,0.0001386720105074346
2,2,0.0002567074552644044,0.0005720725166611373,0.9987333416938782,0.0004379089514259249
1,1,0.00010555273183854297,0.999599277973175,0.00016551987209822983,0.00012964314373675734
0,0,0.999127209186554,0.0005151550867594779,0.00025672127958387136,0.00010093919991049916
2,2,0.0005553542287088931,0.0002303821820532903,0.9989891648292542,0.00022507541871163994
1,1,8.99468723218888e-05,0.9995074272155762,0.00021426190505735576,0.0001884359517134726
0,0,0.5325182676315308,0.3969453275203705,0.06951241940259933,0.0010239904513582587
1,1,0.00011365387035766616,0.9994810223579407,0.00023934444470796734,0.0001659781119087711
2,1,0.0001913907181005925,0.9994526505470276,0.00019910882110707462,0.00015674337919335812
0,0,0.9994509816169739,0.00013242971908766776,0.0002804516116157174,0.00013610118185169995
1,1,0.00013488323020283133,0.9995149374008179,0.0001901648793136701,0.00016003365453798324
2,0,0.9976040720939636,0.00019641411199700087,0.0020602375734597445,0.00013929027772974223
2,1,8.264545613201335e-05,0.9996060729026794,0.00018323845870327204,0.00012813106877729297
0,0,0.9994722008705139,0.00013001095794606954,0.00025163943064399064,0.0001461259089410305
1,0,0.9982681274414062,0.0004073232412338257,0.0012328739976510406,9.169214172288775e-05
0,0,0.9994899034500122,0.00011563773296074942,0.00024715467588976026,0.0001473025477025658
1,1,0.00023784363293088973,0.9963899254798889,0.003152867080643773,0.00021935476979706436
2,2,0.0004741137963719666,0.0013441821793094277,0.99796462059021,0.00021712919988203794
1,0,0.9995324611663818,0.00016373478865716606,0.00017464601842220873,0.00012909399811178446
1,2,0.00028904282953590155,0.00031912943813949823,0.9991284012794495,0.0002634100092109293
1,0,0.9995085000991821,0.0001559951779199764,0.00020927259174641222,0.00012623696238733828
1,1,0.00010564726835582405,0.9995836615562439,0.00017548960749991238,0.00013522249355446547
0,0,0.9994926452636719,0.00011326101957820356,0.00025449873646721244,0.0001396033476339653
0,1,0.00023621635045856237,0.9994574189186096,0.0001850627886597067,0.00012130200047977269
1,1,0.00010801231110235676,0.9995682835578918,0.00016617539222352207,0.00015753423213027418
0,0,0.9994912147521973,0.00012262872769497335,0.00024514953838661313,0.00014088861644268036
2,2,0.0004152796173002571,0.0016091247089207172,0.9977096319198608,0.00026588619221001863
1,1,0.00012533203698694706,0.999442994594574,0.0002859185333363712,0.00014567292237188667
0,0,0.9994257688522339,0.00010712765651987866,0.0003290036111138761,0.00013819879677612334
0,0,0.999439537525177,0.0001165083740488626,0.0002986548061016947,0.00014519738033413887
0,0,0.9995342493057251,0.00012212200090289116,0.0002092460636049509,0.00013441097689792514
1,2,0.0029298472218215466,0.0003560689801815897,0.9965296387672424,0.00018445805471856147
2,0,0.9991708993911743,0.00012981519103050232,0.0005789607530459762,0.000120331889775116
1,1,9.015689283842221e-05,0.9996299743652344,0.00014048458251636475,0.00013942668738309294
0,0,0.9914686679840088,0.007982941344380379,0.0002559542772360146,0.00029239815194159746
2,1,0.00018309061124455184,0.9994169473648071,0.00022850887035019696,0.00017146380560006946
0,0,0.9994794726371765,0.00011990960774710402,0.0002554987440817058,0.0001452159194741398
0,2,0.00033826378057710826,0.00027174659771844745,0.9991481304168701,0.00024190118710976094
1,1,0.00013829348608851433,0.9994983673095703,0.0002106677566189319,0.0001525846018921584
2,1,8.847680146573111e-05,0.9995701909065247,0.00018894231470767409,0.0001523809041827917
0,1,0.472246378660202,0.5254838466644287,0.0012638128828257322,0.001005925121717155
1,1,0.00013151910388842225,0.9995527863502502,0.00018707042909227312,0.00012855995737481862
1,2,0.0004977878998033702,0.0027190360706299543,0.9965375661849976,0.0002456409274600446
0,0,0.9994696974754333,0.00012501986930146813,0.0002528820768930018,0.00015243231609929353
3,0,0.9957341551780701,0.0001554214977659285,0.003935887478291988,0.00017462349205743521
0,1,0.08013906329870224,0.9180561900138855,0.0009283150429837406,0.0008763645892031491
1,1,9.447280899621546e-05,0.9996024966239929,0.000155342640937306,0.00014772235590498894
0,0,0.9994598031044006,0.00011249644012423232,0.00028257741359993815,0.00014507949526887387
3,0,0.9994966983795166,0.00011598155833780766,0.00023825325479265302,0.00014896759239491075
1,0,0.9994661211967468,0.0001444063673261553,0.0002518755791243166,0.00013766951451543719
2,2,0.0002867921139113605,0.00040681936661712825,0.9990597367286682,0.0002466758596710861
2,2,0.0008580002468079329,0.013672789558768272,0.9851470589637756,0.00032218534033745527
0,0,0.9994837045669556,0.00017504984862171113,0.00020953761122655123,0.00013168220175430179
1,1,0.0001280262367799878,0.9995724558830261,0.00017304233915638179,0.00012644108210224658
2,2,0.0002726677630562335,0.00030720868380740285,0.9991447925567627,0.00027540087467059493
0,0,0.9994553923606873,0.00019902223721146584,0.00022381238522939384,0.00012177465396234766
1,1,0.0001207289460580796,0.9995275735855103,0.00020144770678598434,0.00015030047507025301
1,1,9.840312850428745e-05,0.9996001124382019,0.00016590990708209574,0.0001355861604679376
0,0,0.9994476437568665,0.00013032395509071648,0.000277735001873225,0.0001443126966478303
2,2,0.000304309738567099,0.00029506749706342816,0.9991163611412048,0.0002842140675056726
1,1,0.00012016640539513901,0.9995797276496887,0.00015641357458662242,0.0001437262981198728
2,2,0.0003785457811318338,0.00022926046221982688,0.9991055130958557,0.00028663434204645455
0,0,0.999496340751648,0.0001117944557336159,0.0002538147091399878,0.000138068528030999
0,0,0.9995189905166626,0.00010748007480287924,0.000229001059778966,0.00014454449410550296
1,1,9.095024870475754e-05,0.9994972944259644,0.0002708638785406947,0.0001408286188961938
2,1,9.606099047232419e-05,0.9994433522224426,0.0003388356417417526,0.00012178876204416156
1,1,0.00010380635649198666,0.9995993971824646,0.00016175764903891832,0.00013497480540536344
0,0,0.9949634075164795,0.004589018877595663,0.00030545599292963743,0.00014214143448043615
0,0,0.9990936517715454,0.00020363437943160534,0.000599462422542274,0.00010333189129596576
1,2,0.00025057862512767315,0.000687732535880059,0.9988207221031189,0.00024104943440761417
1,2,0.0002795731707010418,0.0005970043712295592,0.9988893866539001,0.00023402473016176373
0,1,0.0001209249603562057,0.9995800852775574,0.00015036413969937712,0.00014857351197861135
0,1,0.0017878898652270436,0.997576892375946,0.000516804400831461,0.00011839864600915462
1,1,7.856390584493056e-05,0.9995194673538208,0.0002300869527971372,0.0001719727151794359
2,0,0.9994007349014282,0.00011032771726604551,0.00033656510640867054,0.00015234258898999542
1,1,0.00012393727956805378,0.9995549321174622,0.00019979861099272966,0.00012127878289902583
0,0,0.9994754195213318,0.0001341812458122149,0.0002493835345376283,0.00014100548287387937
2,2,0.0003881909651681781,0.0003051255189348012,0.9990633130073547,0.00024347269209101796
1,1,0.00018034051754511893,0.9994155168533325,0.0002269214892294258,0.00017731751722749323
0,1,0.008044243790209293,0.9910776615142822,0.0005593634559772909,0.00031878164736554027
2,2,0.0033250644337385893,0.43311288952827454,0.5627772808074951,0.0007847243105061352
1,1,8.458232332486659e-05,0.9995704293251038,0.0001937004562932998,0.00015131007239688188
0,2,0.01034520659595728,0.25265833735466003,0.7364417910575867,0.0005546885076910257
0,2,0.00046938128070905805,0.0003069644153583795,0.999030351638794,0.00019334282842464745
2,1,0.0001341918541584164,0.9992780089378357,0.00045168009819462895,0.0001360998285235837
2,2,0.0005314027075655758,0.00026278512086719275,0.9989848732948303,0.0002210063103120774
0,0,0.9994890689849854,0.00011467757576610893,0.00024646834935992956,0.0001496610784670338
2,1,9.723776747705415e-05,0.9994418025016785,0.0003106716030742973,0.0001501815568190068
1,1,0.00011316571180941537,0.9995864033699036,0.00015578593593090773,0.0001446829119231552
0,0,0.9995162487030029,0.00010703094449127093,0.00024133763508871198,0.00013538679922930896
0,0,0.9994481205940247,0.00011367993283784017,0.00029053230537101626,0.0001476606703363359
2,1,9.689071157481521e-05,0.9994387030601501,0.0002985682513099164,0.00016587835852988064
1,1,0.005661934148520231,0.9938259720802307,0.0003260401717852801,0.00018596494919620454
2,2,0.0024839192628860474,0.24942852556705475,0.7474680542945862,0.0006195270689204335
0,0,0.999512791633606,0.00013589872105512768,0.00021407331223599613,0.00013717034016735852
1,1,9.860559657681733e-05,0.9996098875999451,0.00015924284525681287,0.00013225841394159943
1,1,0.00014955861843191087,0.9995642304420471,0.00014434564218390733,0.00014175027899909765
0,0,0.9995090961456299,0.00012222788063809276,0.0002365299587836489,0.0001321951422141865
1,1,0.00018712108430918306,0.9994831085205078,0.00017809351265896112,0.00015169763355515897
0,0,0.999459445476532,0.00011776272731367499,0.0002756423782557249,0.0001471476862207055
1,1,9.734852937981486e-05,0.9995749592781067,0.00016676008817739785,0.00016099330969154835
2,2,0.0003114823193755001,0.0002560129505582154,0.999110758304596,0.0003217967168893665
0,0,0.999487042427063,0.00010451723210280761,0.0002774320018943399,0.00013106997357681394
1,1,0.00018699037900660187,0.9916307330131531,0.007773243822157383,0.00040898018050938845
2,2,0.00021829512843396515,0.0005079734255559742,0.9989420771598816,0.0003316280781291425
1,1,0.00011895855277543887,0.9995786547660828,0.000168450060300529,0.00013395791756920516
2,2,0.0009951419197022915,0.000268706091446802,0.9985390901565552,0.0001971107121789828
0,0,0.9994412064552307,0.00013941152428742498,0.0002700496406760067,0.00014925979485269636
0,0,0.9994912147521973,0.00019497812900226563,0.00019741988216992468,0.00011632343375822529
1,2,0.0009349246975034475,0.0005915167275816202,0.9982707500457764,0.00020286931248847395
1,1,0.0001234989904332906,0.999535322189331,0.00019246894225943834,0.0001486499240854755
2,2,0.0004417893651407212,0.00027567410143092275,0.9990389347076416,0.0002435998321743682
1,0,0.9994569420814514,0.0001945622352650389,0.00024208675313275307,0.00010644033318385482
0,0,0.9994552731513977,0.00012904932373203337,0.00027681849314831197,0.00013888107787352055
0,0,0.9994423985481262,0.00012042935122735798,0.00028440443566069007,0.00015274668112397194
2,2,0.00036390707828104496,0.0008469396852888167,0.9985862970352173,0.00020283590129110962
1,0,0.9991083741188049,0.0005801537772640586,0.0001780843158485368,0.00013343738100957125
0,0,0.9994602799415588,0.00011348601401550695,0.0002781846560537815,0.0001480894861742854
2,2,0.00033726991387084126,0.0002205822238465771,0.9991592168807983,0.00028288442990742624
1,1,0.00011038033699151129,0.9993749260902405,0.0003181906358804554,0.0001965167175512761
2,1,8.886203431757167e-05,0.9996050000190735,0.0001729217474348843,0.00013322517042979598
1,1,9.368958126287907e-05,0.9995810389518738,0.00018677693151403219,0.00013841511099599302
0,0,0.9994519352912903,0.00011566863395273685,0.0003015680704265833,0.0001308208447881043
2,1,0.000122186349472031,0.9995887875556946,0.00014295210712589324,0.0001461435022065416
0,1,8.926997543312609e-05,0.9995589852333069,0.00021271621517371386,0.00013908902474213392
1,1,0.00010844373900908977,0.9996176958084106,0.00014835484034847468,0.000125421880511567
1,1,9.43357590585947e-05,0.9995641112327576,0.00020576411043293774,0.00013572152238339186
0,0,0.9994844198226929,0.00011681902105920017,0.0002604185719974339,0.00013829328236170113
2,2,0.00036650453694164753,0.0002852685283869505,0.9991108775138855,0.0002373588504269719
1,1,0.00011173326493008062,0.9995943903923035,0.00015074879047460854,0.00014310389815364033
1,1,0.00017994266818277538,0.9995129108428955,0.0001655374508118257,0.00014156792894937098
0,0,0.9994755387306213,0.00012271548621356487,0.00025610908051021397,0.00014554629160556942
2,0,0.9993656277656555,0.00012580576003529131,0.00039463842404074967,0.000113934394903481
0,0,0.9994526505470276,0.00012274265463929623,0.0002757614420261234,0.00014881831884849817
1,1,0.0001110973025788553,0.9995750784873962,0.00018755030760075897,0.0001262890873476863
2,1,0.00025501244817860425,0.9988527297973633,0.000766727898735553,0.00012547837104648352
1,1,0.00011958558752667159,0.9992284774780273,0.0004993364564143121,0.0001525740954093635
0,0,0.9994738698005676,0.0001225162559421733,0.0002613448305055499,0.00014236375864129514
1,1,7.768803334329277e-05,0.9996178150177002,0.00016143207903951406,0.0001429775293217972
0,0,0.9994205236434937,0.00010406132787466049,0.0003369857440702617,0.00013847749505657703
2,2,0.0003337975649628788,0.00022184746921993792,0.9991310238838196,0.0003133068385068327
0,2,0.001472200034186244,0.004096273798495531,0.9942693710327148,0.00016216974472627044
1,1,0.0001077696360880509,0.9995391368865967,0.0002320527273695916,0.00012101460015401244
0,0,0.9995108842849731,0.0001479109632782638,0.00023454045003745705,0.00010668206232367083
2,1,0.0023087875451892614,0.9017825722694397,0.09542683511972427,0.00048177785356529057
1,1,0.06245985999703407,0.9364294409751892,0.0007168164011090994,0.00039380279486067593
0,0,0.9994701743125916,0.00012630991113837808,0.0002639158337842673,0.00013961699733044952
2,2,0.0011024943087249994,0.0002025111170951277,0.9984706044197083,0.00022428530792240053
0,0,0.9994829893112183,0.00011271070980001241,0.00025859795277938247,0.00014568334154319018
1,1,0.00010483244113856927,0.9996191263198853,0.00014387651754077524,0.00013220467371866107
0,0,0.9994569420814514,0.00020235207921359688,0.0002133720408892259,0.00012733580661006272
2,2,0.0003156600578222424,0.00031839986331760883,0.9991236329078674,0.00024234483134932816
1,1,9.250165021512657e-05,0.9996168613433838,0.00015953932597767562,0.00013109798601362854
2,0,0.998492956161499,0.00010700512211769819,0.0012694133911281824,0.00013061084609944373
0,0,0.9994188547134399,0.00026186383911408484,0.00021259310597088188,0.00010670805932022631
1,0,0.650388777256012,0.008199712261557579,0.3408878445625305,0.0005235880380496383
1,2,0.00046593628940172493,0.08155271410942078,0.9170055389404297,0.0009758312371559441
3,1,0.00013837723236065358,0.9995772242546082,0.0001580756070325151,0.00012625454110093415
0,0,0.9993485808372498,0.0002882126718759537,0.0002609778312034905,0.00010217349336016923
1,1,8.727385284146294e-05,0.9991436004638672,0.0005769452545791864,0.0001921459916047752
2,2,0.00030243638320825994,0.00026163854636251926,0.9991238713264465,0.00031214626505970955
0,0,0.9994633793830872,0.0001293449749937281,0.0002639759622979909,0.0001432552671758458
1,2,0.0002087215252686292,0.00047005905071273446,0.9990083575248718,0.0003128411481156945
0,0,0.9994233846664429,0.00014716736041009426,0.0003083388146478683,0.00012112053809687495
1,1,7.175123755587265e-05,0.9995856881141663,0.0001949085999513045,0.0001476380421081558
0,0,0.9989104270935059,0.0001461818756069988,0.0008054120116867125,0.00013791839592158794
1,1,0.0001835417642723769,0.999428927898407,0.0002627492940519005,0.0001247953623533249
2,2,0.00036031214403919876,0.0002142247394658625,0.9991195797920227,0.000305872003082186
2,2,0.00044582554255612195,0.00022865297796670347,0.9990719556808472,0.0002535707608330995
1,1,0.00010980122169712558,0.9995799660682678,0.0001713474339339882,0.00013896160817239434
0,0,0.9971087574958801,0.0024081950541585684,0.00035537188523449004,0.0001276645198231563
0,1,0.015148424543440342,0.9841694831848145,0.0003747637092601508,0.00030726080876775086
2,0,0.9994608759880066,0.00013060163473710418,0.0002729897969402373,0.00013551765005104244
1,1,0.0064199548214674,0.7680398225784302,0.2250944823026657,0.0004456684400793165
2,2,0.00034050611429847777,0.0007694081868976355,0.9986281394958496,0.0002620092127472162
0,0,0.9995107650756836,0.00013409234816208482,0.0002120925928466022,0.00014299465692602098
3,1,9.559292084304616e-05,0.9996132254600525,0.00016041475464589894,0.0001308902574237436
2,0,0.983314037322998,0.0009785136207938194,0.015322878956794739,0.00038454175228253007
2,2,0.0033323203679174185,0.01650232821702957,0.9798420667648315,0.00032330051180906594
1,0,0.9994658827781677,0.00012501940364018083,0.0002697518211789429,0.0001393628481309861
2,2,0.0002971200447063893,0.0002795748005155474,0.9991476535797119,0.000275602622423321
0,0,0.999503493309021,0.00013407027290668339,0.00022912246640771627,0.00013325306645128876
1,1,0.00010657485108822584,0.9995983242988586,0.000159927541972138,0.00013522693188861012
1,1,0.0001292239030590281,0.9995787739753723,0.00016576908819843084,0.0001261688012164086
2,0,0.999454915523529,0.00011930656910408288,0.00030654919100925326,0.00011921842087758705
2,1,0.002094344003126025,0.9965391159057617,0.0012053075479343534,0.00016121061344165355
0,0,0.9994725584983826,0.00011071532208006829,0.0002698531898204237,0.0001469368871767074
2,1,9.999325266107917e-05,0.9995588660240173,0.00016589861479587853,0.00017525747534818947
1,0,0.9990074038505554,0.00030924155726097524,0.000584998691920191,9.840510756475851e-05
2,2,0.0004283739544916898,0.0002647941291797906,0.9990602135658264,0.00024662609212100506
0,1,0.00011233212717343122,0.9995620846748352,0.00018055111286230385,0.00014499874669127166
1,1,0.00011820347572211176,0.9995490908622742,0.00020235820556990802,0.00013039735495112836
2,0,0.9980159997940063,0.0007747504860162735,0.0010852909181267023,0.00012397964019328356
0,0,0.9994530081748962,0.00012607294775079936,0.0002732223365455866,0.0001477573241572827
1,1,8.249627717304975e-05,0.9995692372322083,0.00020498466619756073,0.0001432121207471937
0,0,0.9994780421257019,0.00011373777670087293,0.00026165464078076184,0.0001466529502067715
1,1,8.555727981729433e-05,0.99951171875,0.0002542224247008562,0.00014842046948615462
0,0,0.9995062351226807,0.00012774164497386664,0.00022051935957279056,0.00014542242570314556
2,0,0.9983053207397461,9.341816621599719e-05,0.0014394018799066544,0.00016187780420295894
0,0,0.999481737613678,0.00011333648581057787,0.0002532193320803344,0.00015173794236034155
1,1,9.412817598786205e-05,0.9996185302734375,0.00014838694187346846,0.0001388894597766921
1,1,0.00010363241744926199,0.999593198299408,0.00016431321273557842,0.00013882886560168117
2,1,0.0003354557848069817,0.9845895171165466,0.014741318300366402,0.00033374587655998766
0,2,0.0003013972891494632,0.0002419699012534693,0.9991583824157715,0.00029833934968337417
1,1,0.0001297381822951138,0.9995662569999695,0.00017055991338565946,0.00013350897643249482
2,2,0.0003905434568878263,0.00024608420790173113,0.9991217255592346,0.00024161329201888293
0,0,0.9995040893554688,0.00010624637798173353,0.00024799397215247154,0.0001417242019670084
2,2,0.08250053972005844,0.00059746322222054,0.9164607524871826,0.00044134052586741745
1,1,0.00010478437616256997,0.999569833278656,0.00016609516751486808,0.00015931302914395928
2,0,0.9994737505912781,0.00011452334729256108,0.00029155341326259077,0.00012020603753626347
1,1,8.597352280048653e-05,0.9995480179786682,0.0002203473704867065,0.00014555185043718666
0,0,0.9994582533836365,0.00013923134247306734,0.00026396027533337474,0.00013858168676961213
2,0,0.9932344555854797,0.00018960014858748764,0.006392305716872215,0.0001836570882005617
2,1,9.653577581048012e-05,0.9995871186256409,0.000177108304342255,0.00013925113307777792
1,1,0.00011493974307086319,0.9995867609977722,0.00015875061217229813,0.0001395776343997568
0,0,0.9994500279426575,0.00013856019359081984,0.00027156106079928577,0.00013982031669002026
2,2,0.0005144482711330056,0.01281675510108471,0.9862789511680603,0.0003898338763974607
0,0,0.9994708895683289,0.00011020610691048205,0.0002753215958364308,0.0001435202721040696
1,1,0.00013358172145672143,0.9995549321174622,0.00016766761837061495,0.00014382995141204447
2,1,9.452625090489164e-05,0.9995700716972351,0.0002037343947449699,0.0001317213464062661
1,1,0.00010245505109196529,0.9995321035385132,0.00021942747116554528,0.00014612895029131323
0,2,0.001219406956806779,0.00037277533556334674,0.9981977343559265,0.00021008426847402006
2,0,0.9994358420372009,8.777815673965961e-05,0.00033243594225496054,0.00014390831347554922
1,1,0.0001397044979967177,0.9995530247688293,0.00018048302445095032,0.00012674150639213622
0,0,0.9994787573814392,0.0001110908342525363,0.0002722227945923805,0.00013787792704533786
1,0,0.9994993209838867,0.0001119595326599665,0.0002480562252458185,0.0001406308147124946
0,0,0.99947589635849,0.00011302033090032637,0.00026159247499890625,0.00014946410374250263
1,1,0.00013922731159254909,0.9995742440223694,0.0001612753258086741,0.00012522962060756981
1,0,0.9994930028915405,0.00012007040641037747,0.00024946476332843304,0.00013743486488237977
2,2,0.0003279572702012956,0.00020343027426861227,0.9991474151611328,0.0003212691517546773
0,0,0.9995124340057373,0.0001268726628040895,0.00022592340246774256,0.0001348418736597523
1,1,0.00011033312330255285,0.9995793700218201,0.0001734817196847871,0.00013676277012564242
2,2,0.00025819396250881255,0.0008092547068372369,0.9986841082572937,0.00024844385916367173
0,0,0.9994470477104187,0.0001110443045035936,0.00028903497150167823,0.0001528840948594734
2,2,0.05400834232568741,0.004044545814394951,0.9417098164558411,0.00023731838155072182
1,1,0.0006667741108685732,0.7556394934654236,0.24214772880077362,0.001546005718410015
0,0,0.9994726777076721,0.00011123264266643673,0.00027755051269195974,0.00013859862519893795
1,1,9.658577619120479e-05,0.9995661377906799,0.00019118095224257559,0.00014614019892178476
2,2,0.0004332559765316546,0.0003387811011634767,0.9989975094795227,0.00023049594892654568
0,0,0.9995003938674927,0.0001249340857611969,0.00023553523351438344,0.0001390767574775964
0,0,0.9994582533836365,0.00015181355411186814,0.0002532679936848581,0.0001366141514154151
2,1,0.00013984445831738412,0.9995701909065247,0.00015324936248362064,0.00013666543236467987
1,1,9.359129762742668e-05,0.9996110796928406,0.00016196344222407788,0.00013332741218619049
0,0,0.9994505047798157,0.00011446326243458316,0.0003108660748694092,0.00012418057303875685
2,2,0.0002804674149956554,0.0002680836769286543,0.9991710186004639,0.0002804591495078057
1,1,9.869956556940451e-05,0.9995114803314209,0.00026151296333409846,0.00012837063695769757
0,0,0.9995216131210327,0.00011673482367768884,0.00022170045122038573,0.0001399676111759618
1,1,8.711354166734964e-05,0.9996022582054138,0.0001604667049832642,0.00015015681856311858
2,2,0.24261803925037384,0.001423725625500083,0.7554211616516113,0.0005371293518692255
0,0,0.9994741082191467,0.00012176381278550252,0.0002638698206283152,0.00014029424346517771
1,2,0.00030351392342709005,0.00023662138846702874,0.9991186261177063,0.00034124389640055597
2,2,0.00030778400832787156,0.01381339319050312,0.9854045510292053,0.0004742893797811121
1,1,8.585226896684617e-05,0.999612033367157,0.0001597570371814072,0.00014236211427487433
0,0,0.9994716048240662,0.00012518737639766186,0.0002546754549257457,0.00014843842654954642
2,1,9.848910849541426e-05,0.9996076226234436,0.00016246907762251794,0.00013140081136953086
2,0,0.8157727122306824,0.0004319797735661268,0.183090478181839,0.0007048007100820541
1,0,0.9805914759635925,0.011945057660341263,0.007122513372451067,0.00034086714731529355
0,0,0.9994223117828369,0.00010736979311332107,0.00032878731144592166,0.00014150988135952502
1,1,0.0008935874793678522,0.9699611067771912,0.028818286955356598,0.0003269955632276833
3,1,0.0028918441385030746,0.9965547323226929,0.0002486695011612028,0.00030472330399788916
0,0,0.9995154142379761,0.00013223278801888227,0.00021865926100872457,0.00013369624502956867
0,0,0.999460756778717,0.00018226273823529482,0.0002459837414789945,0.00011097532842541113
2,1,0.00013583381951320916,0.9995796084403992,0.00016055384185165167,0.00012399353727232665
1,0,0.9462093710899353,0.0013563825050368905,0.052039310336112976,0.00039494631346315145
2,2,0.00025431724498048425,0.0002989581844303757,0.999118983745575,0.00032780159381218255
1,1,0.00014820897195022553,0.9995267391204834,0.00015945633640512824,0.00016566735575906932
0,0,0.9994520545005798,0.00011895766510860994,0.0002750232524704188,0.00015396217349916697
2,2,0.0003175620804540813,0.000252940459176898,0.9991419315338135,0.00028755326638929546
0,0,0.9900439977645874,0.009440233930945396,0.00026445972616784275,0.0002513103245291859
1,1,7.819337770342827e-05,0.9995269775390625,0.0002571496879681945,0.0001377771986881271
2,1,9.633650188334286e-05,0.9996168613433838,0.0001424459187546745,0.0001443009387003258
0,0,0.9994680285453796,0.0001295149268116802,0.0002613629912957549,0.00014108205505181104
1,1,0.00015813412028364837,0.998324453830719,0.0013182030525058508,0.00019922103092540056
2,2,0.00030510762007907033,0.00021731403830926865,0.9991666078567505,0.0003109702083747834
0,0,0.9994619488716125,0.0001009956540656276,0.0003057971189264208,0.0001312746899202466
1,2,0.00029371801065281034,0.011533556506037712,0.9877553582191467,0.0004174138593953103
2,2,0.00029107561567798257,0.00027195009170100093,0.9991099238395691,0.0003270330198574811
0,1,0.013217379339039326,0.9840835928916931,0.002386674052104354,0.000312349118757993
1,1,0.002802726812660694,0.9963131546974182,0.0007428299286402762,0.00014130325871519744
0,0,0.9994789958000183,0.00012013297964585945,0.00025697139790281653,0.00014385770191438496
1,1,0.0001092115489882417,0.999612033367157,0.00014812751032877713,0.0001306145277339965
2,1,0.00013718307309318334,0.9979254007339478,0.0017123447032645345,0.00022509963309857994
0,0,0.6285580992698669,0.3689936399459839,0.0019385735504329205,0.0005096992244943976
2,2,0.000332333060214296,0.00025509719853289425,0.9991551637649536,0.00025748342159204185
1,1,8.515060471836478e-05,0.9994766116142273,0.0002916523953899741,0.00014659484440926462
0,1,0.01972808688879013,0.9776410460472107,0.0019459211034700274,0.0006849433993920684
2,1,0.00017432254389859736,0.9886434674263,0.010728525929152966,0.0004537392233032733
1,1,0.00010847620433196425,0.9995995163917542,0.00015804417489562184,0.00013389339437708259
0,0,0.9993264675140381,0.000127252540551126,0.0004299590364098549,0.00011640934098977596
0,0,0.9994962215423584,0.00012562819756567478,0.00025647072470746934,0.00012163094652350992
1,1,9.328893793281168e-05,0.9995737671852112,0.00019684490689542145,0.00013612180191557854
0,0,0.9994310736656189,0.00017469044541940093,0.0002928356116171926,0.00010138635843759403
2,2,0.0003553143469616771,0.00026320296456106007,0.9991163611412048,0.00026514031924307346
1,2,0.00033133759279735386,0.00035376177402213216,0.9990822076797485,0.00023270596284419298
1,1,0.00011943445133510977,0.9990197420120239,0.0006946084322407842,0.00016619749658275396
0,0,0.9994921684265137,0.00012170796253485605,0.00024775322526693344,0.0001383901253575459
2,2,0.0003090207464993,0.0005155950784683228,0.9989578723907471,0.0002174394321627915
1,1,0.0001667949982220307,0.9993181228637695,0.0003856978437397629,0.00012937809515278786
0,0,0.9994590878486633,0.00010941656364593655,0.0002861992106772959,0.0001453479053452611
2,2,0.0007500278297811747,0.00027248167316429317,0.998762845993042,0.00021471979562193155
2,2,0.0002917646779678762,0.00033855304354801774,0.9991074204444885,0.000262150977505371
0,0,0.9994913339614868,0.00011798873310908675,0.00024169897369574755,0.00014888386067468673
1,1,0.00010183197446167469,0.9996033310890198,0.00016246357699856162,0.00013239862164482474
2,2,0.00031952623976394534,0.00024030092754401267,0.9991445541381836,0.00029562003328464925
2,2,0.00045508850598707795,0.0002542894217185676,0.9990687966346741,0.00022185480338521302
0,0,0.9995019435882568,0.00010981013474520296,0.00024961523013189435,0.00013863005733583122
2,2,0.014996573328971863,0.0026694154366850853,0.9821510314941406,0.00018291165179107338
0,0,0.999512791633606,0.0001320698793279007,0.00021651721908710897,0.00013868286623619497
1,1,8.477261144435033e-05,0.9995173215866089,0.0002619625593069941,0.00013597543875221163
0,0,0.999451220035553,0.00016048821271397173,0.00026324574719183147,0.0001250832574442029
1,1,0.00011932769848499447,0.9995766282081604,0.00017605496395844966,0.00012792230700142682
2,2,0.0004070150898769498,0.00022991059813648462,0.9991124272346497,0.00025069795083254576
0,0,0.999496579170227,0.00013284978922456503,0.00023217611305881292,0.00013829760428052396
1,1,0.00010447857494000345,0.9996092915534973,0.00014405330875888467,0.00014213680697139353
2,2,0.03573661297559738,0.0016909457044675946,0.9622510075569153,0.0003214104799553752
2,2,0.0004439892072696239,0.0019173171604052186,0.997431218624115,0.000207498247618787
1,1,0.00014588958583772182,0.9995311498641968,0.00017945581930689514,0.00014361996727529913
0,1,0.48741137981414795,0.5103256702423096,0.0010410245740786195,0.0012219487689435482
2,2,0.00032921286765486,0.000368480512406677,0.9990719556808472,0.000230345904128626
0,0,0.9995090961456299,0.0001460378261981532,0.00021174018911551684,0.00013318826677277684
1,0,0.9990881681442261,0.00047243881272152066,0.0003362853021826595,0.00010306570766260847
2,1,0.0004109302826691419,0.9992619156837463,0.00019316056568641216,0.00013405564823187888
0,0,0.9995205402374268,0.00011281323531875387,0.00022249745961744338,0.00014419802755583078
1,1,0.00011056236689910293,0.9995720982551575,0.00018638664914760739,0.00013098190538585186
0,1,9.035238326760009e-05,0.9996140599250793,0.00015122578770387918,0.0001443847722839564
2,1,0.07109905779361725,0.9259889721870422,0.0017081863479688764,0.001203766674734652
1,1,9.948712249752134e-05,0.999576985836029,0.00018221720529254526,0.00014132448995951563
3,0,0.9994914531707764,0.00012185816740384325,0.0002488050376996398,0.0001378832384943962
1,1,0.00010385418136138469,0.9994706511497498,0.0002941947022918612,0.00013128774298820645
0,0,0.9995129108428955,0.00015690001600887626,0.00019792620150838047,0.00013229377509560436
0,0,0.9994433522224426,0.0001202036437462084,0.0003149151161778718,0.00012148911628173664
2,2,0.00032395104062743485,0.0002795798354782164,0.9991378784179688,0.0002585912880022079
1,2,0.00029559031827375293,0.0008544490556232631,0.998635470867157,0.00021451684006024152
2,2,0.0004048333503305912,0.00020925905846524984,0.999107301235199,0.00027857773238793015
1,1,0.0001422003988409415,0.9995760321617126,0.00015596866433043033,0.00012580609472934157
0,0,0.9994966983795166,0.00011848629947053269,0.00024348750594072044,0.00014126180030871183
2,2,0.00024074982502497733,0.0023630268406122923,0.9970790147781372,0.0003172441211063415
0,0,0.9937266111373901,0.0001726022019283846,0.005950291641056538,0.00015045043255668133
1,2,0.002245919546112418,0.03253209590911865,0.964870274066925,0.00035172823118045926
0,0,0.9994865655899048,0.0001229280314873904,0.00026372820138931274,0.00012680586951319128
1,1,0.00010134773765457794,0.9995860457420349,0.00018559406453277916,0.00012708157009910792
0,1,0.0018904955359175801,0.9977239966392517,0.0002104510786011815,0.00017503519484307617
1,1,0.00011012268805643544,0.9996147155761719,0.00015069093205966055,0.00012436584802344441
0,0,0.999488115310669,0.00012785133731085807,0.0002433637564536184,0.00014059356180951
2,0,0.9985467791557312,0.000134647503728047,0.0011961170239374042,0.0001224909065058455
2,2,0.00026694245752878487,0.0002606888592708856,0.9991544485092163,0.0003179275372531265
1,1,0.00013826965005137026,0.9995310306549072,0.0001819485187297687,0.00014883041149005294
0,0,0.9994564652442932,0.00014735269360244274,0.0002623536274768412,0.00013387807121034712
0,0,0.9994609951972961,0.0001226348540512845,0.00026881572557613254,0.00014755783195141703
2,0,0.9994660019874573,0.00012345581490080804,0.00026353521388955414,0.0001470134302508086
2,1,0.0001452851138310507,0.9992502331733704,0.0002598478167783469,0.0003446252376306802
1,1,0.00011794562306022272,0.9995453953742981,0.0001877030881587416,0.00014897073560860008
2,2,0.0006407899782061577,0.00023082236293703318,0.998883068561554,0.0002453693887218833
0,1,0.0001780843158485368,0.9995143413543701,0.00017036327335517853,0.00013720915012527257
1,0,0.9993871450424194,0.00012385113222990185,0.00037529843393713236,0.0001137569488491863
0,0,0.9994494318962097,0.00010666349407983944,0.00029088975861668587,0.0001529505243524909
0,0,0.999103844165802,0.00015302863903343678,0.00060228758957237,0.00014078043750487268
1,2,0.0021300825756043196,0.007662157062441111,0.9899444580078125,0.00026334822177886963
0,0,0.9994852542877197,0.0001857892784755677,0.00021483250020537525,0.00011415023618610576
2,2,0.00038992788176983595,0.000293232238618657,0.9990578293800354,0.00025902740890160203
1,1,0.00010832087718881667,0.99959796667099,0.00016354481340385973,0.0001302838936680928
2,1,9.685734403319657e-05,0.999560534954071,0.00018660788191482425,0.00015600150800310075
0,0,0.9994601607322693,0.00013009422400500625,0.00026506895665079355,0.00014462092076428235
1,0,0.9994359612464905,0.00012929925287608057,0.00030007262830622494,0.00013458759349305183
2,0,0.9993665814399719,9.559239697409794e-05,0.00040813907980918884,0.00012969817908015102
0,0,0.9994713664054871,0.00010907794785453007,0.0002792451123241335,0.00014026631833985448
2,2,0.000373345596017316,0.00022713396174367517,0.9991403818130493,0.0002590169315226376
1,1,0.00010274440137436613,0.9996199607849121,0.0001429969270247966,0.0001343556068604812
0,0,0.9994449019432068,0.00012992585834581405,0.0002755671157501638,0.00014958824613131583
3,0,0.9994538426399231,0.00012031869118800387,0.00028248142916709185,0.0001433159486623481
0,0,0.9994681477546692,0.0001228764303959906,0.00025890825781971216,0.0001500439248047769
1,1,0.00010047889372799546,0.9996222257614136,0.00014267685764934868,0.00013455490989144892
1,1,0.00012608623364940286,0.9995716214179993,0.00016848710947670043,0.0001338376896455884
2,2,0.0005539886187762022,0.00021166482474654913,0.9989895224571228,0.0002448192972224206
0,0,0.9994710087776184,0.0001383299386361614,0.0002485585573595017,0.0001420880143996328
2,2,0.0004525096737779677,0.000876956561114639,0.9985008239746094,0.00016970981960184872
0,0,0.9994915723800659,0.00011748574615921825,0.00024588670930825174,0.00014496088260784745
1,1,0.00021203474898356944,0.9994888305664062,0.00017632867093198001,0.00012280000373721123
2,2,0.00034485384821891785,0.0004600393876899034,0.998969554901123,0.00022556629846803844
1,1,8.010906458366662e-05,0.9993895292282104,0.00036803632974624634,0.0001622097915969789
0,0,0.9994938373565674,0.00013402040349319577,0.00025393947726115584,0.00011826481204479933
1,1,0.00024010358902160078,0.9994786381721497,0.00014240598829928786,0.00013891253911424428
0,0,0.9994593262672424,0.00013532744196709245,0.00026456842897459865,0.0001406842056894675
1,1,8.601207082392648e-05,0.9994680285453796,0.00028226032736711204,0.00016371830133721232
2,0,0.999489426612854,0.00011468297452665865,0.0002510459744371474,0.0001448379916837439
1,1,0.00012651548604480922,0.9994742274284363,0.0002860722888726741,0.00011318808537907898
2,2,0.0016459296457469463,0.4017407298088074,0.5956130623817444,0.001000304240733385
2,2,0.0011370927095413208,0.0002888933231588453,0.9983744621276855,0.00019954913295805454
0,0,0.9994593262672424,0.00011477788211777806,0.0002887335140258074,0.00013726689212489873
1,2,0.00025068726972676814,0.001767343608662486,0.9976750016212463,0.000306936155539006
0,0,0.9995005130767822,0.0001183945860248059,0.00024054684035945684,0.00014050993195269257
2,0,0.8955116868019104,0.004580810200423002,0.09948485344648361,0.00042259221663698554
1,1,0.4267454445362091,0.5706737637519836,0.0012100114254280925,0.0013707041507586837
2,2,0.0003011136723216623,0.00033082885784097016,0.9991297125816345,0.00023842870723456144
0,0,0.9994370341300964,0.00011608075874391943,0.00030330882873386145,0.0001435466401744634
1,1,8.562094444641843e-05,0.9987493753433228,0.0009468524949625134,0.00021810716134496033
1,1,9.924046025844291e-05,0.99959796667099,0.00015642255311831832,0.0001463599328417331
2,1,0.00029001827351748943,0.999440610408783,0.00014863300020806491,0.00012072155368514359
2,0,0.9995046854019165,0.00012712154421024024,0.0002480939729139209,0.00012011957733193412
0,0,0.9994320273399353,0.0001173605996882543,0.0003097571025136858,0.00014081889821682125
1,1,0.00013433629646897316,0.9995620846748352,0.0001676445099292323,0.00013600448437500745
2,0,0.8073645234107971,0.1902102380990982,0.0018712953897193074,0.0005539636476896703
2,2,0.00027142243925482035,0.000257000676356256,0.9991648197174072,0.0003068016958422959
0,0,0.9994949102401733,0.00013306867913343012,0.00023496319772675633,0.0001370754325762391
1,1,0.0001228091277880594,0.9994906187057495,0.00022319977870211005,0.00016329801292158663
0,0,0.9995154142379761,0.00015446802717633545,0.00020410052093211561,0.00012602108472492546
1,1,0.00013937297626398504,0.9995375871658325,0.0001704603637335822,0.00015259828069247305
2,2,0.0005069603794254363,0.00032195745734497905,0.9989380240440369,0.00023310679534915835
0,0,0.999502420425415,0.00011539032857399434,0.0002470069448463619,0.0001352238905383274
1,1,9.981516632251441e-05,0.9995282888412476,0.00023285004135686904,0.0001390083780279383
2,2,0.0002968298504129052,0.0002974195231217891,0.9991546869277954,0.0002510533086024225
2,0,0.9603525996208191,0.025850502774119377,0.013380005955696106,0.0004169007879681885
0,0,0.9991957545280457,0.00013284565648064017,0.0005217146826907992,0.0001496641052654013
2,1,0.0001639069087104872,0.9995360374450684,0.0001727435301290825,0.000127324863569811
2,2,0.0004982310929335654,0.010540754534304142,0.9886233806610107,0.00033759442158043385
0,0,0.9994899034500122,0.0001188429887406528,0.0002506200107745826,0.0001406101800967008
1,1,7.791729876771569e-05,0.9995157718658447,0.00027509406208992004,0.00013117026537656784
0,0,0.9994907379150391,0.0001291735825361684,0.0002451564359944314,0.0001349015801679343
2,1,0.00013246983871795237,0.9994390606880188,0.00027961478917859495,0.00014875557099003345
1,2,0.0007453911821357906,0.0002875379868783057,0.9987668991088867,0.00020018787472508848
2,2,0.00033950130455195904,0.00023279350716620684,0.9990425705909729,0.00038510531885549426
1,0,0.9994383454322815,0.00012402815627865493,0.0002956167154479772,0.0001420337794115767
0,0,0.9994596838951111,0.00011864688713103533,0.000275960162980482,0.0001457145408494398
2,0,0.9995003938674927,0.00014197717246133834,0.0002243244380224496,0.0001332496030954644
1,1,9.998075984185562e-05,0.9995951056480408,0.00016339405556209385,0.00014156823453959078
2,0,0.8822619915008545,0.11526825278997421,0.0019701700657606125,0.0004995199851691723
1,1,0.00014042215480003506,0.9995298385620117,0.00017196923727169633,0.0001578000228619203
2,2,0.00034126342507079244,0.00033977284329012036,0.9990094900131226,0.0003094372514169663
0,2,0.0003324595745652914,0.0002479816903360188,0.9991514682769775,0.0002680874022189528
0,0,0.9992510676383972,0.00013947635306976736,0.0005058534443378448,0.00010353491961723194
1,0,0.9975595474243164,0.0018377889646217227,0.0004869607510045171,0.00011565668683033437
2,2,0.0003344927972648293,0.0002398680808255449,0.9991669654846191,0.00025867525255307555
2,2,0.0003507999936118722,0.00022947539400774986,0.9991613626480103,0.0002583414607215673
0,0,0.9994694590568542,0.0001150489624706097,0.0002781659713946283,0.00013727915938943624
1,2,0.0003603402292355895,0.0011149548226967454,0.998335063457489,0.00018967593496199697
2,2,0.0003739864914678037,0.00027382539701648057,0.9990574717521667,0.0002947390603367239
0,0,0.9552457332611084,0.042994096875190735,0.0011832739692181349,0.0005768944974988699
0,0,0.9994606375694275,0.000213582519791089,0.00019472483836580068,0.0001310797524638474
0,0,0.9984419941902161,0.0007653235225006938,0.0006781411939300597,0.00011444823758210987
1,1,0.00013160235539544374,0.9995057582855225,0.00023581765708513558,0.00012677082850132138
2,2,0.000451544183306396,0.0001898831396829337,0.9990369081497192,0.00032171126804314554
1,2,0.0022262900602072477,0.33088719844818115,0.6660276055335999,0.0008589737699367106
1,1,9.226823749486357e-05,0.9995937943458557,0.00016356237756554037,0.00015033752424642444
0,0,0.9995099306106567,0.00010269224003423005,0.0002471324987709522,0.00014027173165231943
0,0,0.9995352029800415,0.00011262977204751223,0.0002241662732558325,0.00012801327102351934
1,1,0.00010870051482925192,0.999543309211731,0.00016851173131726682,0.00017961568664759398
2,2,0.00035908809513784945,0.00023366363893728703,0.9991264939308167,0.0002807281562127173
0,0,0.9975958466529846,0.00023303217312786728,0.0020572904031723738,0.00011388761777197942
1,1,9.328876330982894e-05,0.9995775818824768,0.0001882833894342184,0.00014084557187743485
2,1,0.00018644063675310463,0.9993601441383362,0.0003421819128561765,0.00011124896991532296
2,2,0.039068516343832016,0.00027040718123316765,0.9600743055343628,0.0005868320586159825
0,0,0.8508468270301819,0.14351943135261536,0.004865607712417841,0.0007680710987187922
1,1,0.00012234899622853845,0.9992513060569763,0.0005067120655439794,0.00011964364966843277
0,0,0.9994956254959106,0.00012671900913119316,0.00024226357345469296,0.00013545439287554473
1,2,0.002440427429974079,0.0008950798655860126,0.9964885711669922,0.0001759704464348033
2,2,0.0004377633158583194,0.00026177786639891565,0.9989907145500183,0.000309692055452615
0,0,0.9995100498199463,0.00013840990141034126,0.00021178036695346236,0.00013978643983136863
2,1,0.0001002940844045952,0.9995941519737244,0.00015968365187291056,0.000145821861224249
1,2,0.0003391763602849096,0.0006359750987030566,0.9988081455230713,0.00021669910347554833
2,2,0.0003420454158913344,0.00044382025953382254,0.9989790916442871,0.0002351386210648343
1,1,0.00011408978025428951,0.999594509601593,0.00015712859749328345,0.00013423986092675477
0,0,0.9994857311248779,0.00012978664017282426,0.00025046797236427665,0.00013402660260908306
0,0,0.9994812607765198,0.00012049032375216484,0.00024989849771372974,0.00014847327838651836
2,2,0.00028573471354320645,0.0002700018812902272,0.9991567134857178,0.00028755643870681524
1,1,0.00012065115151926875,0.9995972514152527,0.00014101715350989252,0.00014107096649240702
2,2,0.0004938754718750715,0.0002881868276745081,0.9990007281303406,0.00021718659263569862
1,1,0.00010577961074886844,0.9995719790458679,0.0001778121804818511,0.00014445623673964292
0,0,0.9993981122970581,0.0001292381202802062,0.0003465175104793161,0.00012610293924808502
1,1,0.00011817170889116824,0.9995607733726501,0.0001866138045443222,0.0001344086485914886
2,2,0.00035259395372122526,0.00029691358213312924,0.9990953207015991,0.00025527100660838187
0,0,0.999478280544281,0.0001231032219948247,0.00025829553487710655,0.00014037606888450682
1,1,0.0001350917445961386,0.9995070695877075,0.0001781198661774397,0.0001796813157852739
0,0,0.999503493309021,0.00011396619083825499,0.0002446620783302933,0.00013789870718028396
2,2,0.00040139397606253624,0.0002934130316134542,0.9990658164024353,0.0002394518378423527
0,0,0.999439537525177,0.00012671721924562007,0.0002850971941370517,0.0001486718247178942
2,1,9.176214371109381e-05,0.9996069073677063,0.00015704965335316956,0.00014431821182370186
2,2,0.0003791439812630415,0.00026652892120182514,0.9991015195846558,0.00025289456243626773
2,0,0.9994827508926392,0.00011744908260880038,0.0002648599329404533,0.00013484855298884213
2,2,0.00046351185301318765,0.007380449213087559,0.9919185042381287,0.00023754683206789196
0,0,0.9994667172431946,0.00010681590356398374,0.0002835468912962824,0.00014286962687037885
2,2,0.0004133159527555108,0.00027941406005993485,0.9990693926811218,0.00023797067115083337
1,1,0.00012581025657709688,0.9996015429496765,0.00014169164933264256,0.0001309781364398077
0,0,0.9994539618492126,0.0001171322728623636,0.00027885596500709653,0.00015008100308477879
2,2,0.00023817985493224114,0.00032522311084903777,0.9991220831871033,0.00031451586983166635
1,1,8.788717241259292e-05,0.9996155500411987,0.00016049365513026714,0.00013610621681436896
0,0,0.9995169639587402,0.00011974931840086356,0.00022468635870609432,0.0001385250798193738
1,1,0.00011236021964577958,0.999545156955719,0.00018769034068100154,0.00015482748858630657
0,0,0.9994655251502991,0.00017495837528258562,0.00023724909988231957,0.00012235224130563438
2,2,0.00028025542269460857,0.00028638483490794897,0.999138593673706,0.00029473265749402344
2,2,0.000587884453125298,0.00024469304480589926,0.9989495873451233,0.00021787892910651863
0,0,0.9994035959243774,0.0001333776890533045,0.0003179182531312108,0.0001452162687201053
1,1,0.00012027446064166725,0.9995438456535339,0.00020143525034654886,0.00013440201291814446
1,1,0.00012124425120418891,0.9995953440666199,0.00014118077524472028,0.00014230652595870197
2,1,0.00019530717690940946,0.9995123147964478,0.0001631460472708568,0.00012925165356136858
0,0,0.9994828701019287,0.00011639970034593716,0.00025710626505315304,0.0001435313024558127
2,2,0.0006748836603946984,0.05043027177453041,0.9481823444366455,0.0007124862167984247
0,0,0.9994768500328064,0.00012889258505310863,0.0002508247853256762,0.0001435200247215107
1,1,0.00011096353409811854,0.9995947480201721,0.0001600139366928488,0.0001342579344054684
1,1,0.0001979669468710199,0.9994145631790161,0.00025587130221538246,0.00013165915152058005
0,0,0.9995224475860596,0.00011251336400164291,0.00021723847021348774,0.00014780704805161804
2,2,0.005201937630772591,0.000427249469794333,0.9940032362937927,0.000367623200872913
2,2,0.0004778170259669423,0.0002250114339403808,0.9990405440330505,0.000256579602137208
2,2,0.00032354172435589135,0.00022625485144089907,0.99916672706604,0.0002835112391039729
1,1,7.731904770480469e-05,0.9981526732444763,0.0014668038347736,0.0003031687519978732
0,2,0.0002774402964860201,0.0005336232134141028,0.9989585876464844,0.0002303182118339464
1,1,0.0006322694243863225,0.8882848620414734,0.11012735217809677,0.0009554369607940316
2,2,0.0002940572740044445,0.00022534524032380432,0.999161958694458,0.0003186444519087672
2,0,0.997589111328125,0.0018856991082429886,0.0004155717324465513,0.0001097247441066429
1,1,0.014005902223289013,0.9849116802215576,0.0005972739891149104,0.00048518661060370505
0,0,0.9993811845779419,0.00027033104561269283,0.00024732985184527934,0.00010118309000972658
0,0,0.9995193481445312,0.00011847350106108934,0.00021852462668903172,0.00014371324505191296
2,2,0.0002869140880648047,0.00033427480957470834,0.9991130232810974,0.0002658034791238606
1,0,0.9995057582855225,0.00013226595183368772,0.0002157460548914969,0.00014617011765949428
2,2,0.0011192504316568375,0.31149160861968994,0.6864379644393921,0.0009511582902632654
0,0,0.9994314312934875,0.00011726062803063542,0.0003212277952115983,0.00013011346163693815
1,1,0.00010987469431711361,0.9995880722999573,0.00016382214380428195,0.000138227449497208
0,0,0.9994787573814392,0.00011822930537164211,0.0002608622598927468,0.00014225412451196462
2,0,0.9993230104446411,0.00011242344771744683,0.0004388884990476072,0.00012574017455335706
1,1,0.00011531210475368425,0.9995967745780945,0.0001433384750271216,0.00014455270138569176
2,1,8.542683644918725e-05,0.9996053576469421,0.0001668652257649228,0.00014235546404961497
1,1,0.00012325590068940073,0.9995666146278381,0.00016912020510062575,0.00014090852346271276
0,0,0.9994496703147888,0.00012345038703642786,0.00028806403861381114,0.0001387315132888034
0,0,0.9994680285453796,0.00012125667126383632,0.00026116217486560345,0.00014957287930883467
1,1,0.00010215061774943024,0.9996222257614136,0.0001458930055378005,0.0001296323025599122
0,0,0.9994020462036133,0.00011528535833349451,0.0003541481273714453,0.00012844978482462466
2,2,0.48827725648880005,0.006318443454802036,0.5049946308135986,0.00040967532549984753
1,1,0.0001066477780113928,0.9993345141410828,0.0004233361396472901,0.00013544184912461787
0,0,0.9995064735412598,0.0001302465097978711,0.0002435560745652765,0.00011975296365562826
2,2,0.0006841474678367376,0.0002925315930042416,0.9987964630126953,0.0002267947857035324
2,2,0.0010295156389474869,0.13203701376914978,0.8662164211273193,0.00071701779961586
1,1,0.00010523132368689403,0.9996127486228943,0.00014153779193293303,0.00014054766506887972
1,1,0.00010020404442911968,0.9995647072792053,0.0001679664565017447,0.00016702976427040994
0,0,0.9994086027145386,0.00011441000242484733,0.00034112014691345394,0.00013594015035778284
2,2,0.0003187080437783152,0.000589377770666033,0.99883633852005,0.0002555869868956506
1,1,0.00010409636161057279,0.9996102452278137,0.0001551991590531543,0.00013049115659669042
2,2,0.00025015859864652157,0.0004179259994998574,0.9990768432617188,0.0002551628276705742
0,0,0.9994291663169861,0.00022657278168480843,0.00021813534840475768,0.0001260271528735757
0,0,0.9994655251502991,0.00011892613838426769,0.0002685757935978472,0.00014696276048198342
1,1,0.00014459629892371595,0.9995798468589783,0.00014671238022856414,0.00012882609735243022
2,2,0.0005381421651691198,0.0002513461222406477,0.9989462494850159,0.0002642347535584122
0,0,0.9994807839393616,0.00011727558012353256,0.00025701915728859603,0.0001450068666599691
1,2,0.00026169128250330687,0.000546103750821203,0.9989652633666992,0.00022699001419823617
2,2,0.000272410165052861,0.000273189099971205,0.9991627931594849,0.00029168042237870395
1,1,7.233560609165579e-05,0.999243974685669,0.0005005328566767275,0.00018325996643397957
0,1,0.00010199966345680878,0.9970481991767883,0.0025930709671229124,0.00025677852681837976
2,2,0.0004409006214700639,0.015041644684970379,0.9841558933258057,0.00036156465648673475
0,0,0.9886361956596375,0.00030085991602391005,0.010814877226948738,0.0002479706017766148
1,1,0.00012289198639336973,0.9995766282081604,0.0001691648067208007,0.0001313243410550058
0,1,0.000714710564352572,0.9989446997642517,0.00020272127585485578,0.0001379060122417286
1,1,0.00017553180805407465,0.9995131492614746,0.0001610780891496688,0.00015029730275273323
0,0,0.9995189905166626,0.00011741346679627895,0.00022531165450345725,0.0001383088674629107
0,0,0.9994632601737976,0.00015820177213754505,0.00025422030012123287,0.00012427338515408337
2,2,0.0012990691466256976,0.0033341178204864264,0.9951716065406799,0.00019525247626006603
0,2,0.06956016272306442,0.010079923085868359,0.9200392961502075,0.0003206499677617103
1,1,0.00010663344437489286,0.9995280504226685,0.00023659061116632074,0.00012873616651631892
0,0,0.9951554536819458,0.0004247135657351464,0.004252088721841574,0.0001677558320807293
2,2,0.0003019436844624579,0.0002560239809099585,0.9991605281829834,0.0002814770850818604
1,0,0.769447386264801,0.22778071463108063,0.0018297627102583647,0.0009420865098945796
2,2,0.0003576863673515618,0.0004515766049735248,0.9989666938781738,0.0002239949826616794
1,0,0.8933807015419006,0.030909689143300056,0.07539013028144836,0.0003194989403709769
0,1,0.0009439686546102166,0.9987150430679321,0.00019376404816284776,0.00014723087952006608
0,0,0.999439537525177,0.00012081966269761324,0.00029041041852906346,0.0001491582370363176
1,1,0.00010174739145440981,0.9995896220207214,0.00017357751494273543,0.00013502343790605664
2,2,0.00037921048351563513,0.0009161368943750858,0.9984893798828125,0.00021527090575546026
0,0,0.999438464641571,0.0001550591696286574,0.00028749133343808353,0.00011893698683707044
1,2,0.00024980478337965906,0.0028086015954613686,0.9965304732322693,0.00041109760059043765
0,0,0.9162154793739319,0.06149374321103096,0.02129232883453369,0.0009984454372897744
2,2,0.0008879713714122772,0.0003007836639881134,0.9985116124153137,0.00029957047081552446
1,0,0.9995049238204956,0.00014941487461328506,0.00021144891798030585,0.00013410740939434618
0,2,0.0003612092405091971,0.0002185698685934767,0.9991438388824463,0.00027637381572276354
2,2,0.0009434460080228746,0.15499815344810486,0.8432091474533081,0.0008492160122841597
0,2,0.0005948442267253995,0.0005446063005365431,0.9986912608146667,0.00016938625776674598
1,1,7.345776248257607e-05,0.9993981122970581,0.0003846546169370413,0.00014378229388967156
0,0,0.9994749426841736,0.00011381174408597872,0.00026866901316680014,0.00014264154015108943
1,2,0.00019941586651839316,0.0006244781543500721,0.998885452747345,0.0002906521549448371
2,2,0.00037375182728283107,0.0004344274348113686,0.9989702701568604,0.00022156590421218425
1,1,9.770887845661491e-05,0.9996076226234436,0.0001510774891357869,0.00014358920452650636
2,1,0.00019886279187630862,0.9993892908096313,0.0002887895971070975,0.00012307641736697406
0,0,0.9994454979896545,0.00016716089157853276,0.0002734423615038395,0.00011392252054065466
0,0,0.9994634985923767,0.00012041052104905248,0.0002704760408960283,0.00014567424659617245
2,2,0.0004001228662673384,0.00040460570016875863,0.9989840388298035,0.00021115882555022836
2,2,0.0004605368012562394,0.0002295764716109261,0.999058187007904,0.00025171542074531317
2,2,0.00032100913813337684,0.00024796370416879654,0.9991637468338013,0.0002673109993338585
0,0,0.9994565844535828,0.000126519167679362,0.0002968419576063752,0.0001200805781991221
1,1,0.0001080688089132309,0.999599039554596,0.00015753411571495235,0.00013532093726098537
2,2,0.00027436710661277175,0.00028846311033703387,0.9991111159324646,0.000326024426613003
1,0,0.9994237422943115,0.0002754588203970343,0.00018144954810850322,0.00011938148963963613
0,0,0.9960708618164062,0.003518824465572834,0.00022854319831822067,0.0001817299926187843
0,1,0.00012367242015898228,0.9994908571243286,0.00021754279441665858,0.00016786743071861565
0,0,0.9994788765907288,0.0001376334548695013,0.00023949304886627942,0.00014405428373720497
1,1,0.00011434561019996181,0.9991728663444519,0.0005325352540239692,0.000180196511792019
2,2,0.0007376227295026183,0.0003016799164470285,0.9987181425094604,0.0002425636484986171
1,1,0.00012864475138485432,0.9995529055595398,0.00017960972036235034,0.00013881453196518123
0,0,0.999509334564209,0.0001057055196724832,0.0002497747482266277,0.00013524468522518873
2,1,0.00015110582171473652,0.9995375871658325,0.0001714406826067716,0.00013987657439429313
0,0,0.9995013475418091,0.00011093696957686916,0.0002453740162309259,0.00014238450967241079
1,1,0.00023683106701355428,0.9994662404060364,0.0001637773384572938,0.00013317112461663783
2,2,0.0003588756953831762,0.0002767773112282157,0.9991055130958557,0.0002588491188362241
1,1,0.00010676244710339233,0.9990322589874268,0.0006774597568437457,0.00018357130466029048
0,0,0.9994897842407227,0.0001406597875757143,0.00023423686798196286,0.0001353012485196814
1,1,0.00015231576981022954,0.9995450377464294,0.00015634088777005672,0.00014635888510383666
0,0,0.9994626641273499,0.0001164839559351094,0.00027660123305395246,0.00014426271081902087
2,0,0.9984496831893921,0.0011715604923665524,0.00023908268485683948,0.0001395771832903847
1,1,7.013805588940158e-05,0.9995703101158142,0.00019886941299773753,0.0001605906436452642
2,2,0.0003364032891113311,0.00041748187504708767,0.9989983439445496,0.00024775011115707457
0,2,0.0008085989393293858,0.0002795976179186255,0.9987069368362427,0.00020484844571910799
1,1,9.505499474471435e-05,0.9995689988136292,0.00016416137805208564,0.00017179764108732343
2,2,0.0002615023695398122,0.00035935392952524126,0.9991239905357361,0.000255121587542817
0,0,0.9993960857391357,0.00011091883789049461,0.0003763124695979059,0.00011667531362036243
0,0,0.9923639297485352,0.00320561439730227,0.004287835210561752,0.000142544464324601
1,1,0.0004919060738757253,0.9991968274116516,0.00017996608221437782,0.00013129583385307342
2,2,0.0003308852610643953,0.00023496778158005327,0.9991379976272583,0.000296102836728096
1,1,8.75503828865476e-05,0.9996317625045776,0.0001451304560760036,0.00013546095578931272
2,2,0.0019081613281741738,0.00033717058249749243,0.9975621700286865,0.00019250475452281535
0,0,0.9855308532714844,0.013842384330928326,0.0004155186761636287,0.0002111688954755664
2,2,0.0002812358143273741,0.00024722260423004627,0.9991650581359863,0.0003065040800720453
1,1,8.398482896154746e-05,0.9995793700218201,0.00018376013031229377,0.00015289515431504697
0,0,0.9994102716445923,0.00011500376422191039,0.00035751465475186706,0.00011716134031303227
2,1,0.00012807358871214092,0.9990261793136597,0.0007080427603796124,0.00013772680540569127
2,1,0.0002774123859126121,0.9994316697120667,0.00016459968173876405,0.00012623531802091748
1,1,0.00010627323354128748,0.9995222091674805,0.00019801354210358113,0.0001735379919409752
1,2,0.00029749024542979896,0.0003095409774687141,0.9991310238838196,0.00026192874065600336
2,2,0.002259624656289816,0.0002557776460889727,0.9972457885742188,0.0002388269640505314
0,2,0.017692944034934044,0.0005848320433869958,0.9814121723175049,0.0003100220637861639
0,0,0.9994701743125916,0.00010577821376500651,0.000277080136584118,0.0001469861454097554
1,1,9.775818762136623e-05,0.9996019005775452,0.00017225641931872815,0.00012804099242202938
2,2,0.00032716416171751916,0.00022393364633899182,0.9991494417190552,0.00029941837419755757
2,2,0.000433952605817467,0.001007530139759183,0.9983580708503723,0.00020044954726472497
1,1,0.00011192859528819099,0.9995757937431335,0.00016351747035514563,0.0001487248664489016
0,0,0.9994707703590393,0.00013148697325959802,0.0002513093058951199,0.0001464444794692099
1,2,0.0004061844083480537,0.004178425297141075,0.9951501488685608,0.0002653158735483885
0,0,0.999496340751648,0.00015311854076571763,0.0002378075587330386,0.0001127542564063333
2,0,0.9893910884857178,0.009436496533453465,0.0010007539531216025,0.00017157846014015377
0,0,0.9994145631790161,0.0001077790220733732,0.0003590072155930102,0.00011870932212332264
1,1,0.00010775898408610374,0.9996042847633362,0.00015153845015447587,0.00013643632701132447
2,2,0.00023360259365290403,0.00032712481333874166,0.9991455078125,0.0002937298850156367
2,2,0.00027556679560802877,0.0031315768137574196,0.9963271021842957,0.00026578703545965254
1,1,0.000123162564705126,0.9995986819267273,0.00015904316387604922,0.00011916872608708218
0,2,0.3927164077758789,0.0007847833912819624,0.605549156665802,0.0009496758575551212
1,1,9.836004755925387e-05,0.9995914101600647,0.00017118097457569093,0.0001390855759382248
2,2,0.0003179888881277293,0.00030112697277218103,0.999121367931366,0.00025946294772438705
0,0,0.9994959831237793,8.981871360447258e-05,0.00028178730281069875,0.00013239780673757195
0,0,0.9994720816612244,0.00013034974108450115,0.0002591871889308095,0.00013843698252458125
2,2,0.00033670495031401515,0.0002538671833463013,0.9991587400436401,0.00025063951034098864
1,2,0.0006874836981296539,0.00030241109197959304,0.9988002777099609,0.00020977130043320358
3,0,0.9444829821586609,0.054457563906908035,0.0006761106196790934,0.0003833339724224061
1,1,0.0016124455723911524,0.7641915678977966,0.23350316286087036,0.0006928130169399083
1,1,8.764432277530432e-05,0.9993234872817993,0.0004182509146630764,0.00017062453844118863
2,0,0.9994811415672302,0.00014438870130106807,0.00025897580781020224,0.0001154750571004115
0,0,0.9993801116943359,0.00013714532542508096,0.0003738262166734785,0.00010889161785598844
1,1,0.00010072250006487593,0.9995850920677185,0.00017031654715538025,0.0001438478793716058
2,1,0.000203703049919568,0.9995239973068237,0.00015172266284935176,0.00012058744323439896
1,2,0.0007053906447254121,0.0007306138868443668,0.9983941912651062,0.00016978818166535348
2,2,0.00028417399153113365,0.00023910893651191145,0.9991508722305298,0.0003258658398408443
0,0,0.9995275735855103,0.00016842296463437378,0.0001796719734556973,0.00012430650531314313
1,1,0.00012324195995461196,0.9995478987693787,0.00019750170758925378,0.00013131267041899264
3,0,0.9102888107299805,0.08543150871992111,0.003798337420448661,0.00048132878146134317
2,2,0.000488155783386901,0.007220793515443802,0.9920467138290405,0.00024432301870547235
1,1,9.4799448561389e-05,0.9996035695075989,0.00016342395974788815,0.00013828693772666156
0,0,0.8852671980857849,0.11328021436929703,0.0009078839211724699,0.0005447316216304898
2,2,0.00033644348150119185,0.0002950069901999086,0.9990943670272827,0.00027412999770604074
0,1,0.00015221789362840354,0.9993972778320312,0.00031851715175434947,0.00013197629596106708
1,1,0.00014584850578103215,0.9993754029273987,0.0002706041850615293,0.0002081474958686158
3,2,0.00032367213862016797,0.0007576725911349058,0.9986206293106079,0.00029802159406244755
1,0,0.9994733929634094,0.00011714404536178336,0.00028072495479136705,0.000128759813378565
1,2,0.0007986703421920538,0.05660054460167885,0.941965639591217,0.0006350592593662441
0,0,0.9994252920150757,0.00011660653399303555,0.0003074259730055928,0.00015070805966388434
2,2,0.0003800053964368999,0.000623517669737339,0.9987859129905701,0.00021050135546829551
1,1,0.00013368359941523522,0.9994895458221436,0.00024913152446970344,0.0001275869581149891
2,1,0.00016311104991473258,0.9995629191398621,0.00014508298772852868,0.00012888904893770814
1,1,0.00015228710253722966,0.9995513558387756,0.00017240877787116915,0.00012388566392473876
2,2,0.0002725188678596169,0.0002558030537329614,0.9991365075111389,0.0003352373605594039
1,1,0.00011470930621726438,0.9995892643928528,0.000161748772370629,0.00013429229147732258
0,0,0.999473512172699,0.00012552354019135237,0.00025827164063230157,0.00014265549543779343
2,2,0.0004818840534426272,0.0002594936522655189,0.9990366697311401,0.00022197530779521912
1,1,8.771104330662638e-05,0.999607503414154,0.00015262294618878514,0.0001521718077128753
0,0,0.999488353729248,0.00012725216220133007,0.00024484022287651896,0.00013957959890831262
2,0,0.9217755198478699,0.0020255923736840487,0.07459655404090881,0.0016023357165977359
2,1,0.00019786081975325942,0.9994438290596008,0.0002480992116034031,0.00011016394273610786
0,2,0.00030467461328953505,0.00027725781546905637,0.9991711378097534,0.000246979936491698
1,1,0.0001395799481542781,0.999555766582489,0.00015542101755272597,0.0001491605071350932
0,0,0.9994983673095703,0.00011496071238070726,0.00023663278261665255,0.00015007694310043007
2,2,0.0002694058930501342,0.00036393929622136056,0.9990756511688232,0.00029093105695210397
1,1,0.0001029332634061575,0.9996131062507629,0.00015054989489726722,0.00013347450294531882
0,0,0.9993818998336792,9.621525532566011e-05,0.0003979206958319992,0.00012399372644722462
2,1,6.509098602691665e-05,0.9993786811828613,0.0003687685530167073,0.00018737885693553835
0,2,0.00027577049331739545,0.0004788110964000225,0.9990013241767883,0.00024411971389781684
1,1,0.00010664483124855906,0.9995670914649963,0.000174320099176839,0.0001519136712886393
0,0,0.9994742274284363,0.00014409168215934187,0.00024568484514020383,0.0001360332389594987
2,2,0.0006733271293342113,0.0010505521204322577,0.9979451298713684,0.00033099582651630044
1,1,9.997087909141555e-05,0.9996211528778076,0.00014390808064490557,0.0001349259982816875
2,2,0.00040256386273540556,0.00027718255296349525,0.9990598559379578,0.00026044202968478203
0,0,0.9994813799858093,0.00011633692338364199,0.0002639880112838,0.00013825975474901497
1,1,0.0003224145038984716,0.9992443323135376,0.0002543365117162466,0.0001789586676750332
0,0,0.9995152950286865,0.00010712377115851268,0.0002420311648165807,0.00013554931501857936
2,1,0.00015473359962925315,0.9995670914649963,0.00014627740893047303,0.0001319156726822257
1,1,0.00011700564209604636,0.9995691180229187,0.00017929670866578817,0.0001345196651527658
0,0,0.9994556307792664,0.00013830247917212546,0.00027052705991081893,0.00013552120071835816
2,0,0.9994702935218811,0.00013046666572336107,0.00025544865638948977,0.0001437961182091385
0,0,0.9991047978401184,0.0005864906124770641,0.00018903326417785138,0.00011967471073148772
1,1,0.00010269608173985034,0.9995835423469543,0.00017465592827647924,0.000139053983730264
2,0,0.9994027614593506,0.00012063273607054725,0.0003623919328674674,0.00011418086796766147
1,1,9.763557318365201e-05,0.9995875954627991,0.0001769020891515538,0.00013791977835353464
2,1,0.00011990468919975683,0.9994021654129028,0.0002701573248486966,0.00020780636987183243
0,0,0.9994575381278992,0.00011270655522821471,0.0002864002890419215,0.00014335940068122
2,2,0.0014993638033047318,0.040743984282016754,0.9573908448219299,0.0003658005443867296
2,2,0.10314933955669403,0.06569825857877731,0.830304741859436,0.0008476113434880972
1,2,0.0004868225078098476,0.0008134072413668036,0.9985334873199463,0.0001662524155108258
3,1,9.769575262907892e-05,0.9995810389518738,0.0001788717054296285,0.00014234303671400994
0,0,0.9968169331550598,0.0001315517001785338,0.0028680439572781324,0.00018342207476962358
2,2,0.0003478614380583167,0.00046471183304674923,0.998867392539978,0.0003201375366188586
2,2,0.002243718830868602,0.0002587826456874609,0.997187077999115,0.00031038664747029543
1,1,0.00010257245594402775,0.9996131062507629,0.00014634749095421284,0.00013800828310195357
2,1,8.714797149877995e-05,0.99958735704422,0.00016638725355733186,0.0001591229811310768
2,2,0.00034021830651909113,0.00029121569241397083,0.9991266131401062,0.00024207160458900034
0,0,0.9994957447052002,0.00012366441660560668,0.00023665021581109613,0.00014397624181583524
1,1,9.715338819660246e-05,0.9995816349983215,0.00018238372285850346,0.00013879417383577675
0,0,0.999471127986908,0.00013200922694522887,0.0002540044370107353,0.00014286767691373825
0,2,0.14623144268989563,0.0016541068907827139,0.8514771461486816,0.0006373438518494368
1,1,0.00011023866682080552,0.9995620846748352,0.0001861616619862616,0.00014153035590425134
0,0,0.9994656443595886,0.0001539318182040006,0.00023311784025281668,0.00014726750669069588
2,1,0.00012100912135792896,0.9995205402374268,0.00023206922924146056,0.0001263984595425427
1,1,9.838266123551875e-05,0.9995465874671936,0.00019608020375017077,0.00015889994392637163
2,0,0.9979497790336609,0.0010020743357017636,0.0008950832416303456,0.00015301990788429976
1,1,0.00012773994239978492,0.9995757937431335,0.00015242784866131842,0.00014411746815312654
0,0,0.9995187520980835,0.00010995681077474728,0.00023353077995125204,0.0001377949956804514
2,1,0.00021739667863585055,0.99930739402771,0.000369720597518608,0.0001054219392244704
1,1,0.00010839107562787831,0.9995725750923157,0.00017675981507636607,0.0001422244677087292
0,0,0.9990088939666748,0.0005299296462908387,0.00036299246130511165,9.819685510592535e-05
0,0,0.9993360638618469,0.00010679043043637648,0.00042330753058195114,0.00013390203821472824
2,2,0.00039537783595733345,0.00029915370396338403,0.9990785121917725,0.00022692677157465369
1,1,0.000114685099106282,0.9995861649513245,0.00016842175682540983,0.0001307155762333423
0,0,0.9986246824264526,0.00012375757796689868,0.0011404145043343306,0.0001110791417886503
2,1,8.927979069994763e-05,0.9996098875999451,0.00015264935791492462,0.00014819359057582915
1,1,0.0001098403226933442,0.9995927214622498,0.00016665764269419014,0.0001308083301410079
0,0,0.9994483590126038,0.00012225554382894188,0.0002774929453153163,0.000151917920447886
1,1,0.002120792167261243,0.8809642195701599,0.11625128984451294,0.0006637299666181207
2,2,0.00031566343386657536,0.00031874567503109574,0.9991191029548645,0.00024648004909977317
1,2,0.0008099701371975243,0.1868763267993927,0.8112716674804688,0.0010420564794912934
0,0,0.9995155334472656,0.00013074561138637364,0.00020933756604790688,0.0001444001536583528
2,2,0.00031878388836048543,0.00023328179668169469,0.9991416931152344,0.00030628129024989903
2,1,0.00017461767129134387,0.999546468257904,0.0001512017333880067,0.00012777310621459037
0,0,0.9994897842407227,0.0001124691407312639,0.0002663171326275915,0.00013147319259587675
1,1,9.704408148536459e-05,0.9996040463447571,0.00016075863095466048,0.00013825508358422667
2,0,0.9995037317276001,0.00014114698569756,0.00023572274949401617,0.00011949003965128213
1,1,0.013137970119714737,0.9862301349639893,0.0003584300575312227,0.00027349567972123623
2,2,0.00043019483564421535,0.00019402221369091421,0.9990972280502319,0.00027862327988259494
2,2,0.29899024963378906,0.000465298886410892,0.6997939348220825,0.0007505798130296171
2,2,0.0003123382048215717,0.00020627109915949404,0.9991576671600342,0.00032378415926359594
1,2,0.0002652686962392181,0.001633284380659461,0.9978761672973633,0.00022523841471411288
0,0,0.9995244741439819,0.00010805424972204491,0.00022120287758298218,0.00014634092804044485
1,1,0.0002382660168223083,0.9993300437927246,0.0002786013064906001,0.0001530698500573635
0,0,0.9994749426841736,0.00011362359509803355,0.00026381848147138953,0.0001476375909987837
1,1,0.00010362809553043917,0.9996010661125183,0.00016486826643813401,0.00013045947707723826
2,2,0.0004155494680162519,0.00026744260685518384,0.9990837574005127,0.00023319863248616457
0,0,0.9994626641273499,0.00011879373778356239,0.0002746123354882002,0.0001439805346308276
2,2,0.0003026969206985086,0.0002650376409292221,0.9991581439971924,0.00027418381068855524
0,0,0.9994800686836243,0.00012465627514757216,0.0002532452635932714,0.00014206368359737098
1,1,0.00011218401050427929,0.99958735704422,0.00016696647799108177,0.00013344292528927326
0,0,0.9994562268257141,0.0001263211597688496,0.00029651395743712783,0.00012088737275917083
0,0,0.9994603991508484,0.0001319534203503281,0.00026861284277401865,0.00013898804900236428
1,2,0.0003429239441175014,0.0002183906181016937,0.9991464614868164,0.0002922341809608042
1,1,8.914762292988598e-05,0.999413013458252,0.00035872706212103367,0.0001391384721500799
0,0,0.9994696974754333,0.00013004436914343387,0.00025881212786771357,0.00014152712537907064
2,0,0.9994828701019287,0.00012368240277282894,0.0002597224956844002,0.00013366626808419824
2,1,8.52518278406933e-05,0.9994924068450928,0.000285181071376428,0.00013719513663090765
0,2,0.2316400408744812,0.0010400667088106275,0.7658209800720215,0.0014988392358645797
1,1,9.473567479290068e-05,0.9996267557144165,0.00014487987209577113,0.00013363489415496588
0,0,0.9994524121284485,0.00013546609261538833,0.0002641516039147973,0.00014799910422880203
1,1,0.00012391177006065845,0.9995875954627991,0.00014773014117963612,0.00014071889745537192
2,2,0.00041590273031033576,0.00027842336567118764,0.9990633130073547,0.00024233365547843277
0,0,0.999496340751648,0.00012815964873880148,0.0002332235308131203,0.00014234062109608203
1,2,0.00041921099182218313,0.004710271488875151,0.9946410655975342,0.00022939563496038318
2,2,0.0003036702983081341,0.0003499242593534291,0.9991119503974915,0.00023442157544195652
1,1,0.00011853041360154748,0.999552309513092,0.00018820413970388472,0.00014090917829889804
2,2,0.0004356031713541597,0.00041851497371681035,0.9989364743232727,0.00020940351532772183
0,0,0.9985862970352173,0.0008377920603379607,0.0003409313503652811,0.00023497604706790298
1,1,0.00014564192679245025,0.999462902545929,0.0002557885309215635,0.00013567658606916666
0,0,0.9994879961013794,0.00011764946248149499,0.0002530688652768731,0.00014131284842733294
0,0,0.9994103908538818,0.00016996746126096696,0.0002916631055995822,0.00012794994108844548
2,2,0.00047136496868915856,0.14216987788677216,0.8553166389465332,0.002042055130004883
1,1,8.281048212666065e-05,0.999562680721283,0.000209210513276048,0.00014523798017762601
0,1,0.00868066493421793,0.9879498481750488,0.002974290633574128,0.00039520705468021333
0,1,0.0002930374175775796,0.9983351826667786,0.0012072231620550156,0.00016455791774205863
1,1,0.00010255292727379128,0.9995551705360413,0.00021324165572877973,0.00012907563359476626
2,1,0.00272722658701241,0.9099854230880737,0.08677905797958374,0.0005082295974716544
2,0,0.9992861151695251,0.00010448415559949353,0.0004910467541776597,0.00011838092177640647
1,1,7.247226312756538e-05,0.9996080994606018,0.00017594333621673286,0.0001434608711861074
0,2,0.00039934064261615276,0.0002266328374389559,0.9991384744644165,0.00023554045765195042
2,2,0.0006025877664797008,0.05302775278687477,0.945382297039032,0.0009872852824628353
0,0,0.9994617104530334,0.00011851956514874473,0.0002697902964428067,0.00015000074927229434
1,1,0.0001182811101898551,0.9995610117912292,0.0001720016880426556,0.0001486876280978322
0,0,0.9994897842407227,0.00014537235256284475,0.0002508825855329633,0.00011391170846763998
2,2,0.0002882982953451574,0.0003013938548974693,0.9991374015808105,0.00027276642504148185
1,1,7.333010580623522e-05,0.9995718598365784,0.00020252808462828398,0.0001522527600172907
2,0,0.9994538426399231,0.00010835278226295486,0.0003079544403590262,0.0001297624403377995
2,2,0.00027147337095811963,0.0021997648291289806,0.9972748160362244,0.00025386863853782415
1,1,9.463509195484221e-05,0.999618411064148,0.00014772357826586813,0.00013913602742832154
0,0,0.9994640946388245,0.00012973396223969758,0.0002669464738573879,0.0001391293917549774
1,2,0.00026905525010079145,0.0003524435160215944,0.9990777969360352,0.0003006446931976825
2,2,0.00039578479481860995,0.00036781877861358225,0.998910665512085,0.00032564709545113146
1,1,0.00010098797065438703,0.999600350856781,0.00015859508130233735,0.00014012957399245352
0,0,0.9994781613349915,0.0001124293266911991,0.0002685761428438127,0.00014092292985878885
2,2,0.004791440907865763,0.0002639223530422896,0.9946462512016296,0.00029837663169018924
2,2,0.0003301938995718956,0.00022548685956280679,0.999139666557312,0.0003046135825570673
0,0,0.9994781613349915,0.00012078988220309839,0.00025564245879650116,0.00014536772505380213
1,1,0.000810471479780972,0.9987587928771973,0.0003146904055029154,0.00011609782086452469
0,0,0.9994064569473267,0.00028536381432786584,0.00018917674606200308,0.0001189985268865712
2,2,0.0002223451156169176,0.0016785722691565752,0.9978278279304504,0.0002712586720008403
1,1,9.674853936303407e-05,0.9996028542518616,0.00015583753702230752,0.0001445534435333684
2,2,0.19958730041980743,0.0007639868999831378,0.7980683445930481,0.001580420765094459
0,0,0.9994390606880188,0.00012231201981194317,0.0002811718441080302,0.00015743712719995528
1,2,0.00046930243843235075,0.001243295962922275,0.998103141784668,0.0001842833444243297
0,0,0.9983774423599243,0.0008336021564900875,0.0006581804482266307,0.00013072957517579198
1,1,9.54398637986742e-05,0.9996224641799927,0.00014084384019952267,0.00014116066449787468
2,2,0.0007095747860148549,0.010977492667734623,0.9880369901657104,0.00027595830033533275
1,0,0.9994828701019287,0.0001303904427913949,0.00024083572498057038,0.0001459286140743643
0,0,0.9994279742240906,0.00011455983621999621,0.00033130121300928295,0.00012606366362888366
2,0,0.9994372725486755,9.652185690356418e-05,0.00033915298990905285,0.00012695256737060845
2,2,0.0002587197523098439,0.00031502157798968256,0.999144434928894,0.00028184487018734217
1,1,8.383583917748183e-05,0.9995853304862976,0.00017850898439064622,0.00015234456805046648
0,0,0.9995070695877075,0.00015254999743774533,0.00020866189152002335,0.00013170686725061387
1,2,0.3129471242427826,0.0603436604142189,0.6258695721626282,0.000839616812299937
2,2,0.0002836398780345917,0.00037760339910164475,0.999089241027832,0.00024950719671323895
0,2,0.0008524031145498157,0.0009073410765267909,0.9979130625724792,0.00032719620503485203
0,0,0.9994912147521973,0.00015623484796378762,0.00021856579405721277,0.0001339984592050314
2,2,0.0002835214545484632,0.0002701941120903939,0.9991760849952698,0.0002702374185901135
1,1,0.0001278254931094125,0.9995195865631104,0.00020060640235897154,0.00015201745554804802
1,1,0.00032554383506067097,0.999350368976593,0.00020038623188156635,0.00012361494009383023
2,1,0.0133771151304245,0.9653791189193726,0.02098812721669674,0.0002555489481892437
0,0,0.9994739890098572,0.00011955497757298872,0.00026254644035361707,0.00014387440751306713
1,2,0.0006002068985253572,0.0006623705849051476,0.9985254406929016,0.00021203915821388364
1,1,0.00012648379197344184,0.9995136260986328,0.00021152336557861418,0.00014832014858257025
0,0,0.9994983673095703,0.0001039822309394367,0.0002507787721697241,0.00014678396109957248
0,1,0.016212066635489464,0.982889711856842,0.0005600889562629163,0.00033814666676335037
2,0,0.9993127584457397,0.00016438981401734054,0.0004108214925508946,0.00011202747555216774
2,1,9.206683898810297e-05,0.9996088147163391,0.0001563604164402932,0.00014277538866735995
2,2,0.0003021291340701282,0.0004178427334409207,0.9988611936569214,0.00041891244472935796
0,2,0.0004391652182675898,0.00019982414960395545,0.9990785121917725,0.0002825781994033605
1,1,0.0001302235759794712,0.9981523156166077,0.001381458598189056,0.000336069380864501
1,1,0.00013099030184093863,0.9995580315589905,0.00017550235497765243,0.0001354907435597852
0,1,0.00036782646202482283,0.9993460774421692,0.00015214319864753634,0.00013393019617069513
2,2,0.0003566703526303172,0.0002780987706501037,0.9990984201431274,0.00026674498803913593
2,2,0.00023689352383371443,0.00033450318733230233,0.9990589022636414,0.0003696678322739899
0,0,0.9994809031486511,0.00011815370089607313,0.0002529066114220768,0.00014801276847720146
1,1,7.850899419281632e-05,0.9986275434494019,0.0010212757624685764,0.0002727575192693621
2,2,0.0002988773339893669,0.0002394391194684431,0.9991594552993774,0.00030222252826206386
0,0,0.9994717240333557,0.00011821629595942795,0.0002690640394575894,0.00014099648979026824
1,1,0.0002451518375892192,0.9994786381721497,0.0001615264918655157,0.0001147079819929786
2,2,0.023883886635303497,0.00041802681516855955,0.9753776788711548,0.0003204563690815121
1,1,0.00013081652286928147,0.9995742440223694,0.00015633681323379278,0.00013852931442670524
0,0,0.9994515776634216,0.00011009904119418934,0.00029262970201671124,0.00014573810040019453
1,1,0.00025032501434907317,0.9994136095046997,0.00023475928173866123,0.00010129566362593323
2,2,0.001250345609150827,0.009332907386124134,0.989233136177063,0.000183633848791942
0,0,0.9994596838951111,0.00013849957031197846,0.0002630787785165012,0.00013874481373932213
0,0,0.9994478821754456,0.0001418429019395262,0.00027537328423932195,0.00013495846360456198
1,1,0.00012134698772570118,0.9995506405830383,0.0001639849942876026,0.00016391946701332927
2,1,0.00016893059364520013,0.9994252920150757,0.00024781672982499003,0.00015793948841746897
0,0,0.9994378685951233,0.000268065050477162,0.00017551773635204881,0.00011850373266497627
2,2,0.013618174009025097,0.0002550003118813038,0.9857200980186462,0.00040676057687960565
1,1,0.00011887802975252271,0.9995471835136414,0.00017905935237649828,0.00015484300092794
2,2,0.00041462344233877957,0.00026124046416953206,0.9990634322166443,0.0002607200585771352
0,0,0.9994764924049377,0.00012431877257768065,0.00025829605874605477,0.00014090481272432953
1,1,8.904634887585416e-05,0.9996180534362793,0.00016028266691137105,0.0001326774072367698
0,0,0.9994688630104065,0.00010733660747064278,0.0002813510945998132,0.0001425473892595619
2,0,0.999458372592926,0.00012558103480841964,0.0002692981797736138,0.0001467782276449725
1,1,0.00012157687888247892,0.9995645880699158,0.00018277621711604297,0.00013109264546073973
0,0,0.999427855014801,0.0001308463979512453,0.00029083553818054497,0.00015045340114738792
1,1,8.565764437662438e-05,0.9992700219154358,0.00047931482549756765,0.00016502726066391915
2,2,0.0007877343450672925,0.00032383311190642416,0.9986693859100342,0.00021905584435444325
1,1,9.991789556806907e-05,0.9995641112327576,0.00019664372666738927,0.0001392750273225829
0,0,0.9994006156921387,0.0001227684406330809,0.00035247538471594453,0.00012413163494784385
2,1,0.00025456547155044973,0.9984626770019531,0.0011600813595578074,0.00012270129809621722
0,2,0.0004746145859826356,0.00022940794588066638,0.999043881893158,0.0002521231072023511
0,0,0.9993975162506104,0.0001106337585952133,0.00037097217864356935,0.00012082818284397945
1,2,0.000553281104657799,0.00036683151847682893,0.9988833069801331,0.00019668060122057796
1,1,9.85514561762102e-05,0.9996033310890198,0.00016610181774012744,0.0001320730079896748
0,0,0.9991641044616699,0.000202665469259955,0.0004900325438939035,0.00014322958304546773
2,2,0.0002779391361400485,0.0002935348020400852,0.9991534948348999,0.0002751273277681321
1,1,9.273853356717154e-05,0.9996310472488403,0.0001427792594768107,0.0001334618718829006
0,0,0.9995334148406982,0.00012689927825704217,0.00020742931519635022,0.0001323021569987759
2,2,0.00023259851150214672,0.0003170908603351563,0.9991286396980286,0.00032161929993890226
1,1,0.00021132933034095913,0.9995056390762329,0.00012324356066528708,0.00015975844871718436
0,0,0.9995087385177612,0.000107567771920003,0.00024312149616889656,0.00014062717673368752
2,2,0.0003760526014957577,0.00018091393576469272,0.999133288860321,0.0003098171728197485
0,0,0.999461829662323,0.00013276006211526692,0.00026154614170081913,0.00014393689343705773
2,2,0.0005155545077286661,0.00035136175574734807,0.9989344477653503,0.0001987042633118108
1,1,9.908814536174759e-05,0.9995697140693665,0.0001919000642374158,0.00013931008288636804
1,1,0.39277568459510803,0.6027345061302185,0.003958815708756447,0.0005310853593982756
0,0,0.9994944334030151,0.0001226766180479899,0.00024286079860758036,0.0001400130713591352
1,0,0.999451220035553,0.0002362678205827251,0.0001935305626830086,0.0001189975009765476
1,1,0.00017543663852848113,0.999447762966156,0.00024559118901379406,0.00013121715164743364
2,1,0.00037833343958482146,0.9993244409561157,0.00016093789599835873,0.00013625784777104855
0,0,0.9995144605636597,0.00011617812560871243,0.00022385614283848554,0.00014547952741850168
2,1,0.0005526990862563252,0.9990218877792358,0.0002712694986257702,0.00015411534695886075
1,1,8.24856833787635e-05,0.9994465708732605,0.0003120279870927334,0.00015888267080299556
0,0,0.999470055103302,0.00014627017662860453,0.00025047935196198523,0.00013322383165359497
1,1,0.00011535058001754805,0.9990142583847046,0.0006721570389345288,0.0001981954846996814
2,2,0.0006395383388735354,0.00032615847885608673,0.9988252520561218,0.00020903066615574062
0,0,0.9994230270385742,0.0002571798686403781,0.0001897689508041367,0.00012998560850974172
0,0,0.9994837045669556,0.00011740361514966935,0.0002657282166182995,0.0001332210813416168
0,0,0.999509334564209,0.00011812720913439989,0.00023596045502927154,0.00013665032747667283
1,1,0.00015080296725500375,0.9995549321174622,0.00016042131755966693,0.00013378149014897645
0,0,0.9995130300521851,0.00011427190474933013,0.00024597550509497523,0.00012682605301961303
2,2,0.0003799286496359855,0.0002410231390967965,0.9991061091423035,0.00027295900508761406
1,1,0.00011339072807459161,0.9996139407157898,0.00013086128456052393,0.0001417826279066503
0,2,0.001507983892224729,0.00017508090240880847,0.9980834722518921,0.00023352100106421858
2,2,0.00019922155479434878,0.003107786877080798,0.996334433555603,0.00035859004128724337
1,1,0.00029075302882120013,0.9626351594924927,0.03646126389503479,0.0006127788801677525
0,0,0.9994953870773315,0.00011672230175463483,0.0002464287681505084,0.0001415330625604838
1,1,0.0001543033285997808,0.9995633959770203,0.00013943322119303048,0.00014285239740274847
0,1,0.00013834891433361918,0.9995890259742737,0.00014797034964431077,0.00012466736370697618
1,1,8.825481199892238e-05,0.9996156692504883,0.00016000217874534428,0.000136052374728024
0,1,0.11609983444213867,0.8820351958274841,0.0010529083665460348,0.0008120645652525127
2,1,0.00010680470586521551,0.999510645866394,0.0002009398740483448,0.00018159880710300058
0,1,0.00021462702716235071,0.9994572997093201,0.00020129951008129865,0.0001267308252863586
1,1,7.59465983719565e-05,0.9996073842048645,0.00016330463404301554,0.00015336909564211965
0,1,0.00035289512015879154,0.9990241527557373,0.0005052133928984404,0.0001178275779238902
0,0,0.9922791719436646,0.00014161432045511901,0.007396886590868235,0.00018240050121676177
0,2,0.00034860774758271873,0.00026447713025845587,0.9991658926010132,0.0002210549864685163
1,1,0.00010897288302658126,0.9996005892753601,0.00015886231267359108,0.0001315687841270119
1,1,0.00020473299082368612,0.999523401260376,0.00015497449203394353,0.00011687082587741315
0,0,0.999488115310669,0.00011713471030816436,0.000254622136708349,0.00014015554916113615
2,2,0.00035633897641673684,0.0009023002348840237,0.9985472559928894,0.00019398090080358088
0,0,0.999460756778717,0.0001319605071330443,0.0002602207532618195,0.0001470705756219104
2,2,0.013091862201690674,0.0009244496468454599,0.9856265187263489,0.000357247976353392
1,1,0.00010835287685040385,0.9995986819267273,0.0001489887508796528,0.00014391157310456038
1,1,9.820907871471718e-05,0.999589741230011,0.00017510064935777336,0.00013686975580640137
2,2,0.0005558889242820442,0.00023249433434102684,0.999004065990448,0.00020749945542775095
0,0,0.9995119571685791,0.00015026990149635822,0.00021708189160563052,0.00012066905037499964
2,1,0.0005017640069127083,0.9954664707183838,0.003869017120450735,0.0001626729645067826
1,1,0.00013987526472192258,0.9995253086090088,0.00020904293342027813,0.00012577282905112952
0,0,0.999478280544281,0.0001178387610707432,0.0002489187754690647,0.00015499128494411707
2,2,0.0002823561953846365,0.00024075752298813313,0.999138355255127,0.00033851381158456206
1,1,9.366442100144923e-05,0.9995585083961487,0.00020082171249669045,0.0001470905845053494
0,0,0.999503493309021,0.00010896012099692598,0.0002502095594536513,0.00013727322220802307
1,2,0.0002665031934157014,0.0013003480853512883,0.998196542263031,0.00023657262499909848
2,0,0.9990898370742798,0.0002094624360324815,0.0005964452284388244,0.000104285660199821
0,0,0.9994843006134033,0.00013200391549617052,0.00023040581436362118,0.00015325078857131302
2,2,0.05642920359969139,0.015169302001595497,0.9280903935432434,0.0003111283003818244
0,0,0.9995089769363403,9.793814388103783e-05,0.0002560595457907766,0.00013703983859159052
1,1,9.323210542788729e-05,0.9996252059936523,0.00015704399265814573,0.0001245288149220869
2,2,0.006802217569202185,0.0004843807255383581,0.9924980998039246,0.00021532949176616967
0,0,0.9995100498199463,9.721233072923496e-05,0.0002595475525595248,0.00013328215572983027
1,1,0.0002209261729149148,0.9985016584396362,0.0011250360403209925,0.0001523754617664963
1,1,0.00011331135465297848,0.9995536208152771,0.00019178354705218226,0.00014128843031357974
2,2,0.01943976804614067,0.00022288781474344432,0.9799095988273621,0.00042775244219228625
0,0,0.9994962215423584,0.00011110835475847125,0.0002607213391456753,0.00013190177560318261
0,0,0.9994878768920898,0.0001178221355075948,0.0002546910254750401,0.00013951087021268904
2,2,0.001215690397657454,0.002480821218341589,0.9961487054824829,0.00015482936578337103
0,0,0.9994792342185974,0.00011129491758765653,0.00025763126905076206,0.00015190349949989468
1,1,0.00010101880616275594,0.9996176958084106,0.00014804024249315262,0.00013319536810740829
0,0,0.999440610408783,0.00010516023758100346,0.0003163226065225899,0.00013793949619866908
2,1,0.0028341372963041067,0.9966474175453186,0.0003671571030281484,0.00015124316269066185
2,2,0.00031966992537491024,0.00024426777963526547,0.9991744160652161,0.0002616155834402889
1,1,0.00010937047773040831,0.9996156692504883,0.00014039377856533974,0.00013450207188725471
0,0,0.999428927898407,0.00010843535710591823,0.0003280522068962455,0.0001346002536593005
1,1,0.00011628028732957318,0.9995588660240173,0.00017430770094506443,0.0001504384126747027
0,0,0.9994989633560181,0.00011942806304432452,0.0002387819840805605,0.00014284603821579367
2,2,0.0011201133020222187,0.0004962846869602799,0.9982224106788635,0.00016121764201670885
2,0,0.9994822144508362,0.00011502509005367756,0.00026648762286640704,0.00013626129657495767
0,0,0.9994780421257019,0.00012282843817956746,0.000253260659519583,0.00014579213166143745
1,1,0.00010449637193232775,0.9996222257614136,0.00013561257219407707,0.00013764035247731954
2,1,0.00017576543905306607,0.9988507032394409,0.0008523638243786991,0.00012116467405576259
1,1,0.000557888182811439,0.9991612434387207,0.00013815115380566567,0.0001426688686478883
0,0,0.9994932413101196,0.00011148620978929102,0.0002494810032658279,0.0001457391626900062
2,1,9.870892245089635e-05,0.9995309114456177,0.0002339712082175538,0.0001363815536024049
0,0,0.9993939399719238,0.00030695958412252367,0.0001812378322938457,0.0001178333186544478
2,2,0.0031205539125949144,0.0009257365600205958,0.9957851767539978,0.000168500017025508
1,1,0.00012700806837528944,0.9995176792144775,0.00021501594164874405,0.00014037505025044084
1,1,0.00010348275100113824,0.9995965361595154,0.000165514211403206,0.00013454811414703727
0,0,0.9994226694107056,0.00023938024241942912,0.00021075810946058482,0.00012725107080768794
2,1,0.0010911320568993688,0.9977960586547852,0.0009623758378438652,0.00015043525490909815
1,1,9.005267202155665e-05,0.9995433688163757,0.00022396640270017087,0.00014264615310821682
2,1,0.0001327154750470072,0.9994826316833496,0.0002531336504034698,0.00013150484301149845
2,2,0.0003212067240383476,0.001211508410051465,0.9982532858848572,0.00021401980484370142
1,1,0.00012215497554279864,0.9996047616004944,0.00014731961709912866,0.00012586970115080476
0,0,0.7232972383499146,0.0006394032971002162,0.275490403175354,0.0005729554686695337
0,0,0.9994868040084839,0.00013133470201864839,0.00024165870854631066,0.00014024172560311854
3,0,0.9994553923606873,0.00011609528155531734,0.0002969294146168977,0.00013161756214685738
2,2,0.0004283965390641242,0.0019676664378494024,0.9973969459533691,0.00020703747577499598
0,0,0.9994701743125916,0.00013256975216791034,0.0002615934645291418,0.0001356622960884124
1,1,0.00032413966255262494,0.999319314956665,0.00021810492035001516,0.00013842136831954122
2,2,0.00038565127761103213,0.00022549161803908646,0.9990912675857544,0.0002976279065478593
0,0,0.9994681477546692,0.00010762044985312968,0.0002836400526575744,0.00014056716463528574
1,1,0.00011966790043516085,0.9995864033699036,0.00016135344048961997,0.00013260741252452135
2,0,0.9994852542877197,0.00013904733350500464,0.00024209314142353833,0.00013357953866943717
2,2,0.0003408831835258752,0.00033205258660018444,0.9990929365158081,0.00023409810091834515
0,0,0.999457061290741,0.0001249864581041038,0.00028003903571516275,0.00013800807937514037
1,1,0.00010205952276010066,0.9995971322059631,0.00015138412709347904,0.00014941298286430538
2,2,0.00046132534043863416,0.000249421747867018,0.9990853071212769,0.00020400919311214238
0,0,0.9994943141937256,0.00012255346518941224,0.00023199585848487914,0.0001511422306066379
1,1,0.00011976956739090383,0.9992475509643555,0.0004981785314157605,0.00013453887368086725
0,2,0.00050293531967327,0.0007378826267085969,0.998593270778656,0.00016592498286627233
1,1,9.446956391911954e-05,0.9995891451835632,0.00016587374557275325,0.00015052677190396935
2,2,0.00036499497946351767,0.00025405074120499194,0.9990940093994141,0.0002869034360628575
0,1,0.028982141986489296,0.9367243051528931,0.033990077674388885,0.000303456123219803
1,1,0.00011259917664574459,0.9995600581169128,0.00018533103866502643,0.00014207791537046432
0,1,9.624522499507293e-05,0.9995054006576538,0.0002542567381169647,0.00014405921683646739
0,0,0.999438464641571,0.00013496143219526857,0.00028287500026635826,0.00014377206389326602
2,2,0.0002672117843758315,0.00026444296236149967,0.999160647392273,0.00030781005625613034
1,1,0.0001400115725118667,0.9995266199111938,0.00018912984523922205,0.00014431349700316787
0,0,0.9992135763168335,8.909439202398062e-05,0.0005694294231943786,0.0001278871641261503
2,2,0.00026758023886941373,0.00035729800583794713,0.9990756511688232,0.00029945283313281834
1,1,0.00010208779713138938,0.999600350856781,0.00015290360897779465,0.00014461898535955697
2,0,0.9994646906852722,0.00010735151590779424,0.0002930487971752882,0.00013484712690114975
1,1,9.398166002938524e-05,0.99960857629776,0.00016255896480288357,0.00013494578888639808
2,2,0.0003115499275736511,0.0002374334289925173,0.9991656541824341,0.0002853753394447267
0,0,0.9994571805000305,0.00011594667012104765,0.00029915719642303884,0.0001276483089895919
1,2,0.0004466277314350009,0.000663413607981056,0.9986985921859741,0.000191387181985192
2,2,0.0004758770519401878,0.0003625662939157337,0.9989848732948303,0.00017660974117461592
0,0,0.99951171875,0.00014128439943306148,0.00022401762544177473,0.00012295469059608877
2,2,0.00026845085085369647,0.0006391252391040325,0.9988691210746765,0.00022328468912746757
1,1,8.142790466081351e-05,0.9995937943458557,0.0001855027803685516,0.00013931382272858173
1,0,0.9977433681488037,0.0005141411093063653,0.0016472956631332636,9.523655171506107e-05
3,1,0.09394318610429764,0.6159685850143433,0.2892419993877411,0.0008462201221846044
3,0,0.9995176792144775,0.0001005654048640281,0.0002427765866741538,0.00013892738206777722
0,0,0.9994907379150391,0.00011387337872292846,0.0002649939269758761,0.00013032433344051242
1,1,0.00011810758587671444,0.9995111227035522,0.00023901498934719712,0.00013179033703636378
2,0,0.9994376301765442,0.0001295196416322142,0.000314106437144801,0.0001187879461213015
1,1,8.895524661056697e-05,0.9993823766708374,0.0003746367001440376,0.0001540962839499116
2,2,0.0002828692668117583,0.0003011604130733758,0.9991371035575867,0.00027885212330147624
1,2,0.0002809531579259783,0.0002953278599306941,0.9991323351860046,0.00029137817909941077
0,0,0.9994750618934631,0.00013331892841961235,0.0002598153077997267,0.00013178808148950338
1,1,7.37896843929775e-05,0.9995835423469543,0.00019422962213866413,0.00014843381359241903
1,0,0.9994421601295471,0.00020814035087823868,0.0002276914892718196,0.00012205231905682012
2,2,0.0003442371089477092,0.0002505515585653484,0.9991329312324524,0.0002723420038819313
3,0,0.9994638562202454,0.00016403595509473234,0.000253677717410028,0.00011844591790577397
0,2,0.005516440607607365,0.005672038998454809,0.988646388053894,0.00016514572780579329
2,2,0.0004184204444754869,0.0002569009375292808,0.9990857839584351,0.00023892286117188632
1,2,0.0007457202882505953,0.050274722278118134,0.9484103322029114,0.0005691709811799228
0,0,0.99946528673172,0.00011052566696889699,0.00027986086206510663,0.00014429556904360652
0,0,0.9990108013153076,0.00015220938075799495,0.0007306410116143525,0.00010639475658535957
0,0,0.9993802309036255,0.00011649079533526674,0.00039306929102167487,0.00011022187391063198
1,0,0.997890293598175,0.0001934303727466613,0.0017776088789105415,0.00013873743591830134
1,1,7.928479317342862e-05,0.999554455280304,0.00022612171596847475,0.00014018382353242487
2,2,0.00036404430284164846,0.0005826137494295835,0.9988428354263306,0.00021053222008049488
0,0,0.99950110912323,0.00017795055464375764,0.00020400516223162413,0.0001169354363810271
0,0,0.9995018243789673,0.00011723242641892284,0.00024160956672858447,0.00013926303654443473
1,1,9.143307397607714e-05,0.9994333386421204,0.0003011296794284135,0.00017400977958459407
2,0,0.9994617104530334,0.00011851289309561253,0.00028100021881982684,0.0001388769451295957
0,0,0.9994989633560181,0.00012303711264394224,0.00024149853561539203,0.0001365038042422384
1,2,0.0002776032197289169,0.0058864266611635685,0.9934630393981934,0.0003729670133907348
2,1,8.750105916988105e-05,0.9995928406715393,0.00017278463928960264,0.00014687204384244978
1,1,0.00024635723093524575,0.9994491934776306,0.00018604763317853212,0.0001184202337753959
2,2,0.0008910290198400617,0.01712062582373619,0.9817242622375488,0.00026409156271256506
0,0,0.9994687438011169,0.00011246965732425451,0.00026585321757011116,0.0001529426808701828
2,1,0.0006019326974637806,0.7381293177604675,0.25987112522125244,0.0013975721085444093
0,0,0.9994609951972961,0.00011717701272573322,0.00027099691214971244,0.00015079051081556827
1,1,0.00011889399320352823,0.9995966553688049,0.0001537995267426595,0.00013076707546133548
2,2,0.00032692006789147854,0.00022259105753619224,0.9991793036460876,0.0002711151901166886
1,1,0.0001099647706723772,0.9995606541633606,0.00019234666251577437,0.00013703634613193572
0,0,0.9994775652885437,0.00011676943540805951,0.00026485600392334163,0.00014082314737606794
0,0,0.9994843006134033,0.00013097538612782955,0.0002479477261658758,0.00013669538020621985
1,0,0.999337375164032,0.00035153195494785905,0.0001990913733607158,0.00011202254972886294
2,2,0.00031802765442989767,0.00032615996315144,0.9991299510002136,0.00022590845765080303
2,2,0.0004978377255611122,0.00030883340514265,0.9989616870880127,0.00023161276476457715
1,1,0.00014886813005432487,0.999563992023468,0.00015723472461104393,0.0001298561110161245
2,0,0.9989387392997742,0.00016572329332120717,0.0007941604708321393,0.00010141181701328605
0,0,0.9994356036186218,0.00013321911683306098,0.00028182161622680724,0.00014934154751244932
1,1,0.00012409460032358766,0.9995866417884827,0.00015933028771542013,0.00012984295608475804
2,2,0.0003325898724142462,0.00034950333065353334,0.9990731477737427,0.00024473475059494376
0,0,0.9994231462478638,0.00012699073704425246,0.00030168337980285287,0.00014828183338977396
3,1,9.565457730786875e-05,0.9994093179702759,0.0003539916651789099,0.0001410634140484035
1,1,0.00014525452570524067,0.9995706677436829,0.00016129782306961715,0.00012269007856957614
2,2,0.0016926932148635387,0.014680417254567146,0.9833226799964905,0.00030425345175899565
2,2,0.00041852524736896157,0.00022556426119990647,0.9990891218185425,0.0002668277593329549
0,0,0.9982708692550659,0.00010055305028799921,0.0014958298997953534,0.00013275232049636543
2,1,0.00011123769945697859,0.9996058344841003,0.00015403404540847987,0.00012894351675640792
1,1,0.00010225900769000873,0.999610960483551,0.00014880015805829316,0.00013800509623251855
0,1,0.00010291134094586596,0.9996165037155151,0.00014472869224846363,0.00013579674123320729
2,2,0.00028206288698129356,0.000262870395090431,0.9990442395210266,0.00041086412966251373
1,1,0.0001257499388884753,0.9995759129524231,0.00015894007810857147,0.00013939666678197682
0,0,0.999504804611206,0.00014324385847430676,0.00021017386461608112,0.00014175972319208086
1,1,9.12649993551895e-05,0.9996103644371033,0.00016281325952149928,0.00013563100947067142
0,0,0.9995003938674927,0.00013481902715284377,0.00022617634385824203,0.0001386820658808574
2,1,9.710275480756536e-05,0.9996200799942017,0.00015163453645072877,0.00013123301323503256
2,0,0.968805193901062,0.029804948717355728,0.0011591346701607108,0.00023067595611792058
0,0,0.9994827508926392,0.0001235812233062461,0.00024392499472014606,0.00014971008931752294
1,1,0.00019010469259228557,0.9995388984680176,0.00013811205280944705,0.00013280018174555153
1,1,9.819593833526596e-05,0.9995999932289124,0.0001651192142162472,0.00013666089216712862
2,2,0.0004492741427384317,0.0002838778600562364,0.9990237951278687,0.00024313776521012187
0,0,0.9994513392448425,0.00013191811740398407,0.0002626481873448938,0.00015411528875119984
2,1,8.178561984095722e-05,0.999440610408783,0.0002939323312602937,0.0001835460279835388
0,0,0.9994494318962097,0.00015213106235023588,0.000277817394817248,0.00012056475679855794
0,1,0.0005854083574377,0.9990917444229126,0.0001922382798511535,0.00013063197548035532
2,1,0.0001820551697164774,0.9949967861175537,0.004556919448077679,0.00026421734946779907
0,1,0.00018848988111130893,0.9994997978210449,0.00017391450819559395,0.00013768320786766708
1,1,0.00011937635281356052,0.9995664954185486,0.00018713650933932513,0.00012704747496172786
2,2,0.0003182901709806174,0.00032494074548594654,0.9991194605827332,0.0002373022580286488
0,0,0.9994999170303345,0.00015096702554728836,0.00022500072373077273,0.00012410691124387085
1,1,0.00012680439976975322,0.9995827078819275,0.00015821117267478257,0.00013231801858637482
1,0,0.9993816614151001,0.00014308981189969927,0.00035151620977558196,0.00012361315020825714
0,0,0.9994661211967468,0.00011777834151871502,0.0002693038550205529,0.00014678497973363847
2,2,0.0002994704700540751,0.000831318786367774,0.9986315369606018,0.00023762424825690687
0,0,0.9994505047798157,0.00013387510261964053,0.00026329272077418864,0.00015225082461256534
3,0,0.9992697834968567,0.0001272585359402001,0.0004907973925583065,0.00011217693099752069
1,0,0.9994887113571167,0.00018564167839940637,0.00019739754498004913,0.00012825062731280923
2,2,0.0012318090302869678,0.0003913344698958099,0.9981637597084045,0.00021311627642717212
0,0,0.9994552731513977,0.0001314841938437894,0.0002620957384351641,0.00015108415391296148
1,1,0.00011469067976577207,0.999606192111969,0.00014653026300948113,0.00013268519251141697
1,1,9.780056279851124e-05,0.9995736479759216,0.00018525631458032876,0.00014338671462610364
2,1,0.00011010812886524945,0.9988850951194763,0.0008358645718544722,0.00016897106252145022
2,2,0.0003791237832047045,0.001479138620197773,0.9978200197219849,0.0003217575722374022
2,2,0.0002796743356157094,0.0002924141299445182,0.999137282371521,0.00029057462234050035
1,1,0.00010453742288518697,0.9996010661125183,0.00015938411524984986,0.00013500708155333996
0,0,0.9994587302207947,0.00011851727322209626,0.0002733841829467565,0.00014935426588635892
1,1,0.0015283167595043778,0.9979877471923828,0.00032436908804811537,0.00015949773660395294
0,0,0.9977916479110718,0.00011309349065413699,0.0019414556445553899,0.0001538515934953466
0,0,0.9994701743125916,0.00011341951903887093,0.0002818493521772325,0.0001345517666777596
2,2,0.001683055073954165,0.0002342492516618222,0.9978692531585693,0.00021341233514249325
2,0,0.9993709921836853,0.0001068118799594231,0.0003832717484328896,0.00013898979523219168
1,2,0.0002748643164522946,0.0007068985723890364,0.9987781643867493,0.0002400628145551309
1,1,0.00010114357428392395,0.9995788931846619,0.00018145541253034025,0.00013841984036844224
2,0,0.9988806843757629,0.0005169347277842462,0.00046317806118167937,0.00013916002353653312
0,0,0.9994798302650452,0.00013125638361088932,0.0002484910364728421,0.0001403504575137049
0,0,0.9994596838951111,0.00012230637366883457,0.0002929478359874338,0.00012506918574217707
1,2,0.00029185827588662505,0.0003039486182387918,0.9991249442100525,0.00027932299417443573
2,1,0.000136727569042705,0.999390721321106,0.0003342296404298395,0.00013829350064042956
1,0,0.9994134902954102,0.00017505809955764562,0.0002763424417935312,0.00013516981562133878
2,2,0.0003720081876963377,0.00031413842225447297,0.9990713596343994,0.0002423823025310412
0,0,0.999451220035553,0.0001314065739279613,0.0002638489240780473,0.0001534087787149474
1,2,0.4674821197986603,0.019872820004820824,0.5116040706634521,0.0010409897658973932
0,0,0.999478280544281,0.0001549772423459217,0.0002441717660985887,0.00012258085189387202
2,1,0.00013087537081446499,0.9983354210853577,0.001273764530196786,0.0002598900755401701
0,0,0.9994863271713257,0.00012697115016635507,0.00023874526959843934,0.0001479157799622044
1,1,0.00018884103337768465,0.9994860887527466,0.00018645808449946344,0.00013856282748747617
2,2,0.0003312023472972214,0.0002183936449000612,0.9991507530212402,0.00029956185608170927
2,2,0.00044957417412661016,0.0002647039364092052,0.9990599751472473,0.00022572379384655505
0,1,9.765216964296997e-05,0.9995782971382141,0.00018195297161582857,0.0001421618217136711
1,1,0.00010617244697641581,0.9994879961013794,0.00023306682123802602,0.000172739994013682
0,0,0.9993875026702881,0.00012061491725035012,0.00037886714562773705,0.00011300958431093022
1,1,7.712371734669432e-05,0.9995735287666321,0.00020822887017857283,0.00014113166253082454
2,2,0.0004713463131338358,0.0002660753671079874,0.9990071654319763,0.000255366088822484
2,2,0.0004112514143344015,0.0002679264871403575,0.999066174030304,0.0002546240866649896
0,0,0.9995293617248535,0.00012473615061026067,0.00021761030075140297,0.00012829412298742682
1,1,0.0001295908441534266,0.9995895028114319,0.0001549756998429075,0.0001259220443898812
0,0,0.9994575381278992,0.0001067680714186281,0.0003023002645932138,0.0001333688705926761
1,1,0.00016012573905754834,0.9995312690734863,0.00017363873485010117,0.00013494680752046406
2,2,0.00035473250318318605,0.00022702652495354414,0.9991660118103027,0.00025225660647265613
2,2,0.00047985801938921213,0.00020348193356767297,0.9990513920783997,0.0002652363618835807
1,1,0.0001056940745911561,0.999605119228363,0.00015248364070430398,0.00013672768545802683
0,0,0.9995018243789673,0.00013365884660743177,0.00022107429686002433,0.00014349761477205902
1,1,7.927368278615177e-05,0.9995306730270386,0.00023857604537624866,0.00015146518126130104
2,2,0.0015109480591490865,0.0004688966437242925,0.9978665709495544,0.00015361681289505213
1,2,0.0008465967839583755,0.020645590499043465,0.9782198667526245,0.00028794503305107355
0,0,0.99952232837677,0.00010655231744749472,0.00023627403425052762,0.00013486287207342684
2,2,0.00039486796595156193,0.00023415690520778298,0.9990999698638916,0.0002711054985411465
1,1,0.0003111860132776201,0.993006706237793,0.00649138493463397,0.0001907457335619256
2,1,9.316750947618857e-05,0.9996121525764465,0.00015489308862015605,0.00013975059846416116
1,1,0.000240077541093342,0.9972633123397827,0.002314109355211258,0.00018253776943311095
0,1,0.00014800998906139284,0.9992609620094299,0.00047234504017978907,0.00011862623796332628
3,1,0.00023889841395430267,0.9994295239448547,0.0001672122598392889,0.00016427220543846488
2,2,0.00034051205147989094,0.0005035156500525773,0.9989445805549622,0.0002114232920575887
0,0,0.9994706511497498,0.00010556592314969748,0.00027790488093160093,0.00014590885257348418
0,0,0.9994493126869202,0.00014159890997689217,0.0002558875421527773,0.00015316420467570424
1,1,0.00011915746290469542,0.9995871186256409,0.00014695836580358446,0.00014684459893032908
2,2,0.0003889499930664897,0.00024316064082086086,0.9991177916526794,0.0002500326372683048
2,2,0.0004240367852617055,0.000356040894985199,0.9990015625953674,0.00021834227663930506
0,0,0.9994626641273499,0.00013411440886557102,0.0002671444963198155,0.00013614873751066625
1,1,9.9105280241929e-05,0.9996063113212585,0.00016578550275880843,0.0001287906925426796
2,2,0.0054243337363004684,0.0017935630166903138,0.9925549626350403,0.00022718549007549882
1,1,0.0004014235455542803,0.971786618232727,0.02705204486846924,0.0007600059034302831
0,2,0.0009029140346683562,0.00022652166080661118,0.9986578226089478,0.00021278929489199072
0,0,0.999526858329773,9.517543367110193e-05,0.00024596339790150523,0.0001320223673246801
2,2,0.0003597875765990466,0.0002627420471981168,0.9991127848625183,0.00026466924464330077
1,1,9.578411845723167e-05,0.9996020197868347,0.0001724977628327906,0.00012976881407666951
1,1,0.0001097191488952376,0.9995895028114319,0.00017888344882521778,0.00012185303057776764
0,0,0.9994757771492004,0.00012844517186749727,0.0002506771998014301,0.0001451504504075274
2,2,0.0014303388306871057,0.4826386272907257,0.5145570635795593,0.0013739820569753647
2,1,0.014963525347411633,0.982957124710083,0.0017625230830162764,0.00031690107425674796
1,1,0.00010948637645924464,0.9995905756950378,0.00015960056043695658,0.0001404089853167534
0,0,0.9994803071022034,0.00014103318972047418,0.00023182164295576513,0.0001468583068344742
0,0,0.9994491934776306,0.00012011267244815826,0.0002822229580488056,0.0001484560634708032
1,1,6.60675359540619e-05,0.999137282371521,0.000542555411811918,0.00025401139282621443
2,0,0.9994688630104065,0.00012275832705199718,0.0002705025253817439,0.00013799048610962927
1,1,8.004333358258009e-05,0.9995871186256409,0.0001865395315689966,0.00014629875659011304
0,2,0.0004152243782300502,0.00018515154079068452,0.999085545539856,0.0003141605411656201
2,1,0.0002679810277186334,0.9991523027420044,0.0004632847849279642,0.00011632912355707958
1,1,0.002454250119626522,0.9910659193992615,0.006287210155278444,0.00019251799676567316
0,0,0.9990015625953674,9.386164310853928e-05,0.0007753680692985654,0.00012924204929731786
2,1,0.00011992952931905165,0.9996026158332825,0.00015441315190400928,0.00012313226761762053
0,0,0.9994534850120544,0.0001544812839711085,0.0002515672822482884,0.00014046432625036687
2,2,0.00030001113191246986,0.0002978056145366281,0.9991520643234253,0.00025013735285028815
1,1,9.24438500078395e-05,0.99962317943573,0.00014901329996064305,0.0001354272390017286
2,1,0.0001951328304130584,0.9974997639656067,0.0021218934562057257,0.00018322661344427615
1,1,0.00010299890709575266,0.9995734095573425,0.0001847937674028799,0.00013876508455723524
0,0,0.5308414697647095,0.0038714157417416573,0.4647023379802704,0.0005847717984579504
1,1,9.40155514399521e-05,0.9996191263198853,0.00014786026440560818,0.00013897698954679072
0,0,0.999408483505249,0.00010016459418693557,0.0003419893328100443,0.00014930430916137993
2,2,0.0003202303487341851,0.00036592051037587225,0.9990798234939575,0.00023394793970510364
0,0,0.9994720816612244,0.0001131021708715707,0.0002736765891313553,0.00014113294309936464
2,2,0.0003198126214556396,0.000355804426362738,0.9990972280502319,0.00022724656446371228
2,0,0.9514091610908508,0.00025577525957487524,0.04791859909892082,0.0004164201091043651
1,0,0.9995019435882568,0.00012336293002590537,0.0002566978510003537,0.00011806101974798366
1,1,0.00012509964290075004,0.9995695948600769,0.00016507766849827021,0.00014022592222318053
0,0,0.9995120763778687,0.00012395525118336082,0.00021900871070101857,0.00014500602264888585
0,0,0.9994716048240662,0.00013809064694214612,0.0002494651125743985,0.00014077934611123055
1,1,0.00010433498391648754,0.9995653033256531,0.0001817535812733695,0.00014862815442029387
2,1,8.514683577232063e-05,0.9995933175086975,0.00017569225747138262,0.00014582995208911598
0,0,0.9995033740997314,0.00014619527792092413,0.0002078662655549124,0.00014247701619751751
2,2,0.0002890937903430313,0.0004994731280021369,0.998995840549469,0.00021556443243753165
1,1,8.679918391862884e-05,0.9995948672294617,0.0001785265194484964,0.000139772571856156
2,1,0.00014563879813067615,0.9995711445808411,0.00015638419426977634,0.0001267878251383081
1,1,0.0007042618235573173,0.9989758729934692,0.0001866006787167862,0.00013324191968422383
0,0,0.9965735673904419,0.0014783699298277497,0.0018042998854070902,0.00014371830911841244
0,0,0.5247701406478882,0.001176652847789228,0.4732874631881714,0.0007657728856429458
0,0,0.999438464641571,0.00011824878311017528,0.0002885029243770987,0.0001548063737573102
1,0,0.9994864463806152,0.0001281746372114867,0.0002515362575650215,0.00013384493649937212
1,1,0.0008746135863475502,0.9987640380859375,0.00022051284031476825,0.00014088563330005854
0,0,0.9994860887527466,0.00010987260611727834,0.0002717177558224648,0.00013218744425103068
2,2,0.0003185092064086348,0.0008575657848268747,0.9986082911491394,0.00021555437706410885
2,1,0.011087695136666298,0.9869635701179504,0.0017460951348766685,0.00020256233983673155
1,1,0.00015469026402570307,0.9995644688606262,0.00016151431191246957,0.00011926583829335868
1,1,0.0005423080292530358,0.9982355833053589,0.0010942580411210656,0.00012777248048223555
0,0,0.9994257688522339,0.00014802055375184864,0.0002942230203188956,0.00013190506433602422
3,0,0.9994194507598877,0.00012438898556865752,0.0003291609464213252,0.00012696991325356066
2,2,0.00035252937232144177,0.0002619519946165383,0.9991129040718079,0.0002725405211094767
0,0,0.9994511008262634,0.00011500593245727941,0.00028172682505100965,0.00015212842845357955
2,0,0.9994099140167236,0.0001228802721016109,0.00033988861832767725,0.00012736125790979713
1,1,0.00014176469994708896,0.9995589852333069,0.00017485480930190533,0.00012436709948815405
0,0,0.9994701743125916,0.00012944196350872517,0.0002475567162036896,0.00015285568952094764
1,1,9.568229870637879e-05,0.9996036887168884,0.00015619372425135225,0.0001444508961867541
2,1,9.545722423354164e-05,0.9996041655540466,0.00014358351472765207,0.00015677657211199403
2,2,0.0007693709922023118,0.002209027297794819,0.9968120455741882,0.00020948334713466465
0,2,0.0006467360071837902,0.00017335923621430993,0.9988964796066284,0.000283457018667832
1,1,0.00011780112254200503,0.9995365142822266,0.0001866920356405899,0.00015902522136457264
2,2,0.00035948309232480824,0.0003512004332151264,0.9990691542625427,0.00022026911028660834
1,1,0.00013322755694389343,0.9995418787002563,0.00019510483252815902,0.0001297996350331232
0,0,0.9994787573814392,0.00017401434888597578,0.0002052424824796617,0.00014194106915965676
1,1,0.000366226740879938,0.9993076324462891,0.0001865880622062832,0.0001395025901729241
2,1,0.00010584420670056716,0.9996121525764465,0.000152989145135507,0.00012904126197099686
0,0,0.999474823474884,0.00013029828551225364,0.00023888805299066007,0.00015601742779836059
1,1,8.727471140446141e-05,0.9996004700660706,0.00016402990149799734,0.00014818656200077385
0,0,0.9995181560516357,9.504770423518494e-05,0.0002543237351346761,0.0001325740886386484
2,2,0.0004239266854710877,0.0002490772749297321,0.9990783929824829,0.000248677097260952
1,1,0.0005957011017017066,0.9877151846885681,0.01142586674541235,0.0002632570976857096
0,0,0.9994988441467285,0.0001514569012215361,0.00022109007113613188,0.00012858540867455304
2,2,0.00038387085078284144,0.00022086669923737645,0.9991043210029602,0.0002909341419581324
2,2,0.0003546081716194749,0.00018235272727906704,0.9991316199302673,0.0003315018839202821
1,1,0.00013130111619830132,0.9995915293693542,0.00014920823741704226,0.00012803636491298676
0,0,0.9995142221450806,0.00011323494982207194,0.00024056780966930091,0.00013202511763665825
2,0,0.9990689158439636,0.00014364805247168988,0.0006738253287039697,0.0001135963830165565
2,2,0.0004265872994437814,0.00022171068121679127,0.9990711212158203,0.0002805362455546856
1,1,0.00011488464951980859,0.9995850920677185,0.00016768323257565498,0.00013239016698207706
0,0,0.9994764924049377,0.00012106703798053786,0.00025693964562378824,0.00014558587281499058
1,1,9.93506982922554e-05,0.9996123909950256,0.000146833888720721,0.00014141981955617666
2,2,0.0008254820131696761,0.013990559615194798,0.9848706126213074,0.00031329819466918707
1,1,0.00010587480937829241,0.9996036887168884,0.0001541098317829892,0.00013637471420224756
1,1,0.00010348499199608341,0.9995753169059753,0.00017059381934814155,0.0001505653199274093
0,0,0.9994572997093201,0.0001176934310933575,0.0002731427375692874,0.0001518252829555422
0,0,0.9994882345199585,0.00011038769298465922,0.0002573102538008243,0.00014404134708456695
2,0,0.9994577765464783,0.00013699845294468105,0.00028200045926496387,0.00012326939031481743
1,1,0.0004400289908517152,0.9992399215698242,0.00017352141730953008,0.0001465036766603589
2,2,0.000513076432980597,0.0002158017741749063,0.9990280866622925,0.0002430402673780918
1,1,0.0001083636234398,0.9996234178543091,0.00013702352589461952,0.00013117013440933079
0,0,0.9994630217552185,0.00011146007454954088,0.000279584142845124,0.0001458938349969685
1,1,9.579645848134533e-05,0.9996058344841003,0.00015674288442824036,0.00014167781046126038
2,0,0.9994238615036011,0.00010190014290856197,0.0003352118073962629,0.00013894916628487408
2,0,0.9992534518241882,0.0001428654504707083,0.0004652950738091022,0.00013842240150552243
1,1,0.07313932478427887,0.9198775291442871,0.005545994732528925,0.0014371516881510615
0,0,0.9914946556091309,0.007908315397799015,0.0003123926871921867,0.0002846435527317226
2,2,0.10838555544614792,0.004978927318006754,0.8861258029937744,0.0005096933455206454
2,2,0.0007060962961986661,0.00036644915235228837,0.9987403750419617,0.00018707763229031116
0,2,0.0010446481173858047,0.0002832939790096134,0.9984857439994812,0.0001863553188741207
1,2,0.0003407649928703904,0.000624542823061347,0.9988441467285156,0.000190510691027157
2,2,0.0022600172087550163,0.0002558584092184901,0.9972791075706482,0.000205022151931189
0,0,0.9994741082191467,0.00010871704580495134,0.00028204728732816875,0.00013520779612008482
1,1,0.00016008059901650995,0.9995669722557068,0.00014930775796528906,0.00012363230052869767
2,1,0.0004530262085609138,0.9837085604667664,0.015567660331726074,0.0002707633830141276
1,0,0.9994939565658569,0.00010990302689606324,0.0002685803920030594,0.00012753985356539488
0,1,0.0003355284861754626,0.9993358254432678,0.00016134054749272764,0.000167283826158382
2,2,0.0002714732545427978,0.00037971814163029194,0.999091625213623,0.0002572341472841799
1,1,9.966379730030894e-05,0.9995898604393005,0.00017316154844593257,0.00013726859469898045
0,0,0.9994783997535706,0.0001141359462053515,0.0002588506613392383,0.00014860813098493963
1,1,0.00010200188989983872,0.9995824694633484,0.00017512627528049052,0.00014034532068762928
0,0,0.9994456171989441,0.00011970926425419748,0.0002978820411954075,0.0001368205266771838
2,2,0.0005243340274319053,0.00019484790391288698,0.9990217685699463,0.0002590716758277267
2,2,0.0009308658773079515,0.0005980770220048726,0.9983057975769043,0.0001652226346777752
0,0,0.9994646906852722,0.00011931547487620264,0.0002656124415807426,0.00015039554273243994
1,1,0.00012275342305656523,0.999560534954071,0.0001677208492765203,0.00014895552885718644
1,1,8.654202974867076e-05,0.9996156692504883,0.0001526716660009697,0.0001451789285056293
2,2,0.0009109065867960453,0.0002999095304403454,0.9985841512680054,0.0002051172632491216
0,0,0.9993709921836853,0.00010034449223894626,0.0004040095955133438,0.00012467108899727464
0,0,0.9995181560516357,0.00011463280679890886,0.00023594048980157822,0.0001312501699430868
2,2,0.00039952094084583223,0.0002646521315909922,0.9990968704223633,0.00023897334176581353
1,2,0.0004197801754344255,0.01770021766424179,0.9814557433128357,0.00042423696140758693
2,2,0.0005338648916222155,0.00021289830328896642,0.9990056157112122,0.0002476115769241005
1,1,9.138855239143595e-05,0.9995098114013672,0.0002538328990340233,0.00014496600488200784
0,0,0.9994754195213318,0.0001117847568821162,0.0002746925747487694,0.00013817139551974833
2,2,0.00034761076676659286,0.0002683576021809131,0.9991156458854675,0.00026838298072107136
1,1,0.00015354705101344734,0.9994396567344666,0.0002750961866695434,0.00013167689030524343
0,0,0.9994524121284485,0.0001675287785474211,0.00024513137759640813,0.00013503515219781548
1,1,0.0006448508356697857,0.9988288283348083,0.0002706559025682509,0.0002556642866693437
2,2,0.000620345410425216,0.00037527590757235885,0.9987884163856506,0.0002160553412977606
0,0,0.9994580149650574,0.0001241681311512366,0.00026915327180176973,0.00014870561426505446
1,2,0.00027643112116493285,0.00036165854544378817,0.9991224408149719,0.0002394160837866366
2,0,0.9989418387413025,9.881637379294261e-05,0.0008394154720008373,0.00011998165427939966
0,0,0.9994663596153259,0.00012586476805154234,0.00026377569884061813,0.00014394934987649322
1,0,0.994694173336029,0.004151766654103994,0.001025633537210524,0.0001283546007471159
0,0,0.9994701743125916,0.00013084431702736765,0.0002513820363674313,0.00014765490777790546
2,2,0.0035702139139175415,0.0011050892062485218,0.9951159954071045,0.00020868025603704154
2,2,0.000794300576671958,0.4944941997528076,0.5035278797149658,0.0011836262419819832
0,0,0.9995216131210327,0.00011668640945572406,0.00022828405781183392,0.0001334559201495722
1,1,8.622470340924338e-05,0.9996215105056763,0.00015312327013816684,0.00013904135266784579
1,1,8.926944428822026e-05,0.9995092153549194,0.00022254906070884317,0.00017890507297124714
0,0,0.9994598031044006,0.0001430285774404183,0.0002690808614715934,0.00012814163346774876
3,1,0.00015369975881185383,0.9992855191230774,0.00043230081791989505,0.00012851173232775182
1,1,9.049912478076294e-05,0.9996079802513123,0.00015781070396769792,0.00014374544844031334
0,0,0.9992362260818481,9.25170534173958e-05,0.0005368987913243473,0.00013440934708341956
2,2,0.0010902505600824952,0.0002808488789014518,0.9984033703804016,0.0002255281142424792
1,1,0.00022083950170781463,0.9994882345199585,0.00015415583038702607,0.00013675499940291047
2,2,0.0010924317175522447,0.00032608292531222105,0.9984006285667419,0.0001808121451176703
0,0,0.9995002746582031,0.00011180405999766663,0.00024499939172528684,0.00014296451990958303
1,1,0.00012778936070390046,0.9995278120040894,0.00018755967903416604,0.00015682962839491665
2,2,0.0002817782515194267,0.00030313420575112104,0.9991331696510315,0.0002818758075591177
0,0,0.9994230270385742,0.0001957299537025392,0.00025329383788630366,0.00012800318654626608
2,2,0.00048062382848002017,0.0007391317631118,0.9986034035682678,0.00017684679187368602
0,0,0.9994850158691406,0.0001720468426356092,0.0002163116296287626,0.00012669894204009324
1,1,0.0011668814113363624,0.5607160925865173,0.43594321608543396,0.0021737704519182444
2,2,0.0002494828077033162,0.0010015415027737617,0.9985002279281616,0.0002487660385668278
0,0,0.9994421601295471,0.00012899606372229755,0.0002830371377058327,0.0001457820471841842
1,1,0.00010978923091897741,0.9995957016944885,0.00015661772340536118,0.0001378800079692155
0,0,0.9994847774505615,0.00013015192234888673,0.0002370462752878666,0.00014792586443945765
2,2,0.07229438424110413,0.0011427992722019553,0.9262534379959106,0.00030929871718399227
1,1,8.800790237728506e-05,0.9996054768562317,0.0001695088139967993,0.00013707764446735382
1,1,0.00010835563443833962,0.9995755553245544,0.00018259999342262745,0.00013348807988222688
0,0,0.9994934797286987,0.00012544910714495927,0.00023774181318003684,0.00014339000335894525
2,2,0.0004917131154797971,0.0010282974690198898,0.9982877373695374,0.00019220398098696023
1,1,0.00011474703205749393,0.999610960483551,0.0001420337794115767,0.00013222034613136202
0,0,0.9994609951972961,0.0001377845328534022,0.00025591786834411323,0.0001452514698030427
2,2,0.0038970711175352335,0.0008948398171924055,0.9950258135795593,0.00018232563161291182
1,1,0.00010567984281806275,0.9995438456535339,0.00019148248247802258,0.0001589971361681819
0,0,0.9974730610847473,0.002118042903020978,0.0002903070708271116,0.00011858915240736678
2,2,0.00030194874852895737,0.0003332903725095093,0.9991114735603333,0.0002532583603169769
2,2,0.0024839267134666443,0.0027648883406072855,0.9946012496948242,0.0001499410136602819
1,1,0.00012646820687223226,0.9995858073234558,0.00014579686103388667,0.0001418900938006118
0,0,0.9994912147521973,0.00012732013419736177,0.00023651942319702357,0.0001449404953746125
1,1,0.00029541176627390087,0.9994352459907532,0.00013106992992106825,0.000138230316224508
0,0,0.9994471669197083,0.00012615002924576402,0.00027882750146090984,0.00014784454833716154
2,2,0.0003636142937466502,0.00037903356133028865,0.9990358352661133,0.00022159353829920292
1,2,0.0002531434874981642,0.0025244338903576136,0.996877908706665,0.0003444851317908615
2,2,0.00038179103285074234,0.0005773958982899785,0.9988142251968384,0.00022669804457109421
0,0,0.9994875192642212,0.00012711765884887427,0.00023448822321370244,0.0001508133573224768
0,0,0.9993876218795776,0.00028863572515547276,0.00020456290803849697,0.00011921607801923528
2,2,0.0003703386173583567,0.0003539595636539161,0.9990707635879517,0.0002048390597337857
1,0,0.9994925260543823,0.0001859221374616027,0.00020899424271192402,0.0001126034912886098
2,2,0.00040063777123577893,0.00033092647208832204,0.9990346431732178,0.00023376116587314755
0,0,0.9994046688079834,0.00017982970166485757,0.00027774929185397923,0.00013779343862552196
1,1,0.00022947267279960215,0.9994925260543823,0.00015303707914426923,0.00012498338764999062
0,0,0.9994615912437439,0.0001321312738582492,0.000262087385635823,0.00014418621140066534
1,0,0.9975093603134155,0.002092201728373766,0.000272155535640195,0.00012628399417735636
2,1,7.688864570809528e-05,0.9994449019432068,0.000319550366839394,0.00015874186647124588
0,0,0.999453604221344,0.00011973156506428495,0.0002846444840542972,0.00014200682926457375
2,2,0.00035429841955192387,0.0004043379449285567,0.9989978671073914,0.0002435013302601874
1,2,0.0019214118365198374,0.05655001476407051,0.9410995841026306,0.0004289338830858469
1,1,8.285583317046985e-05,0.9995877146720886,0.00019203679403290153,0.0001374151324853301
1,0,0.9956511855125427,0.0038365584332495928,0.00030962086748331785,0.0002026051515713334
0,0,0.9994587302207947,0.00012405232700984925,0.00026360293850302696,0.00015365664148703218
0,0,0.7384821176528931,0.013569194823503494,0.24754145741462708,0.0004072659357916564
1,2,0.0005249576643109322,0.01081722043454647,0.9883734583854675,0.0002844768750946969
2,1,0.08688578009605408,0.905981719493866,0.006601341068744659,0.0005311071872711182
1,0,0.9994786381721497,0.00013831674004904926,0.00025080941850319505,0.000132253160700202
0,0,0.9994844198226929,0.00011238929437240586,0.0002545539173297584,0.00014864745025988668
2,1,0.00021241886133793741,0.9596930742263794,0.03862660378217697,0.001467898953706026
2,2,0.00028464538627304137,0.0002601755550131202,0.9991422891616821,0.0003128094249404967
3,2,0.0006235574837774038,0.023396648466587067,0.9755039215087891,0.00047590481699444354
1,2,0.00100256921723485,0.1449187844991684,0.853331446647644,0.0007471973076462746
1,1,0.00011210984666831791,0.9995984435081482,0.00016247565508820117,0.0001269674685318023
2,0,0.9825730323791504,0.00023659519501961768,0.016864556819200516,0.0003258220385760069
0,0,0.9994038343429565,0.0001244406885234639,0.00034124511876143515,0.00013047926768194884
0,0,0.9994992017745972,0.00012365033035166562,0.00023187577608041465,0.00014524011930916458
2,2,0.0009210737771354616,0.0014667970826849341,0.9974339604377747,0.00017820241919253021
1,1,0.00010162721446249634,0.9995818734169006,0.0001827933156164363,0.0001336483983322978
1,1,9.420346759725362e-05,0.9996065497398376,0.00015985002391971648,0.0001394684804836288
0,0,0.9994285702705383,0.00010973371536238119,0.00032988048042170703,0.0001317937858402729
2,2,0.0003650853468570858,0.00036970802466385067,0.9990593791007996,0.00020590728672686964
1,1,8.026094292290509e-05,0.9995012283325195,0.0002672060509212315,0.0001513504103058949
2,0,0.9991986155509949,0.0001083751194528304,0.0005759616615250707,0.0001171553012682125
0,0,0.9994803071022034,0.0001388494565617293,0.0002518887631595135,0.0001290444197366014
2,1,0.0004713561211246997,0.9991260170936584,0.00025710390764288604,0.00014557338727172464
0,0,0.9994827508926392,0.00013821342145092785,0.00024295548791997135,0.00013608878361992538
1,1,0.0001004244913929142,0.999618411064148,0.00014708831440657377,0.00013410973770078272
1,1,0.00012242814409546554,0.9994972944259644,0.00017485968419350684,0.0002054135111393407
0,0,0.9994667172431946,0.00012127710215281695,0.0002750254643615335,0.00013702111027669162
0,0,0.99933260679245,9.221871005138382e-05,0.00041690291254781187,0.00015820538101252168
2,2,0.00032020555227063596,0.0002757618494797498,0.9991482496261597,0.000255807040957734
1,1,0.00012108012742828578,0.9995825886726379,0.0001661330898059532,0.00013027715613134205
0,0,0.9991443157196045,0.00019560316286515445,0.000560260727070272,9.978948219213635e-05
0,0,0.9994733929634094,0.00012135750876041129,0.00025499064940959215,0.00015024775348138064
2,2,0.00025678297970443964,0.0003693558101076633,0.9991042017936707,0.0002695883740670979
1,1,9.52478003455326e-05,0.9996079802513123,0.0001510821603005752,0.00014576283865608275
2,0,0.9994315505027771,0.00021516173728741705,0.000245979375904426,0.00010724574531195685
0,0,0.9994688630104065,0.00012762118421960622,0.0002703699574340135,0.00013314645912032574
1,1,0.00013256781676318496,0.9993307590484619,0.0003841715515591204,0.00015250590513460338
1,1,0.00013332853268366307,0.9995546936988831,0.0001662492286413908,0.00014567335892934352
2,2,0.0002893056662287563,0.00028396848938427866,0.9991379976272583,0.00028865199419669807
0,0,0.9994751811027527,0.00015394914953503758,0.00023991780471988022,0.00013088829291518778
1,1,9.781843255041167e-05,0.999616265296936,0.00015288651047740132,0.0001330239319941029
2,0,0.9994634985923767,0.0001511701411800459,0.0002451860054861754,0.00014019125956110656
2,2,0.0002687904634512961,0.0012853664811700583,0.9982364177703857,0.00020936416694894433
1,1,9.60703328019008e-05,0.9996129870414734,0.0001578247465658933,0.00013315804244484752
2,2,0.0018059506546705961,0.0006299917004071176,0.9973617196083069,0.00020239310106262565
0,0,0.9995204210281372,0.00014557169924955815,0.00020685198251158,0.00012714329932350665
2,2,0.0003437842533458024,0.00020964253053534776,0.9991500377655029,0.0002966199244838208
1,1,0.00011891905887750909,0.9995928406715393,0.000152012929902412,0.00013622090045828372
0,0,0.9995214939117432,0.00011925683793378994,0.00022230636386666447,0.0001369087112834677
1,1,0.00010683119035093114,0.9995077848434448,0.00022995132894720882,0.00015541932953055948
0,0,0.9995207786560059,0.00011229213123442605,0.00022923109645489603,0.0001376337168039754
2,1,8.576698019169271e-05,0.9994077682495117,0.0003728282463271171,0.00013368859072215855
0,0,0.9994640946388245,0.00012469411012716591,0.0002685334184207022,0.0001426171511411667
2,2,0.0003140849294140935,0.002682322636246681,0.99676114320755,0.00024256626784335822
1,1,9.954191045835614e-05,0.9995744824409485,0.0001833263668231666,0.00014259401359595358
0,0,0.999492883682251,0.0001106999407056719,0.00025586210540495813,0.00014063192065805197
1,1,0.00011677539441734552,0.9995467066764832,0.00018509646179154515,0.00015138818707782775
2,1,0.00011990348866675049,0.9995942711830139,0.00014367247058544308,0.00014216448471415788
1,1,0.00010432429553475231,0.9996029734611511,0.00016363970644306391,0.00012903971946798265
0,0,0.9995114803314209,0.00012602971401065588,0.00023308585514314473,0.0001294317771680653
2,2,0.00037323831929825246,0.0007472583674825728,0.9986656904220581,0.00021380091493483633
0,0,0.9994988441467285,0.00011766375973820686,0.000258668907918036,0.00012476886331569403
2,2,0.00031728719477541745,0.0004243426083121449,0.9990382194519043,0.00022024926147423685
1,1,7.567092688987032e-05,0.9996129870414734,0.000153587301610969,0.00015778682427480817
1,1,8.735014125704765e-05,0.9996060729026794,0.00016717880498617887,0.000139407638926059
0,0,0.9990966320037842,0.000189088168554008,0.0005818518111482263,0.00013246346497908235
2,2,0.00029007610282860696,0.000271495315246284,0.9991719722747803,0.00026653677923604846
0,0,0.7541535496711731,0.0012198442127555609,0.24421556293964386,0.00041103403782472014
2,2,0.0002591341035440564,0.00031050422694534063,0.9991167187690735,0.0003136144659947604
1,1,9.943373152054846e-05,0.9989739656448364,0.0005329404957592487,0.0003937037254218012
0,0,0.9994934797286987,0.00011617514246609062,0.0002454509667586535,0.0001449118135496974
1,1,0.0046951137483119965,0.9936315417289734,0.0014937201049178839,0.00017964291328098625
2,1,0.0006222581723704934,0.9986580610275269,0.0004654779622796923,0.0002541950671002269
0,0,0.9994468092918396,0.00011189856741111726,0.00030032836366444826,0.00014091042976360768
2,2,0.0003537674492690712,0.0005881451652385294,0.9988466501235962,0.00021146086510270834
1,1,0.0015696862246841192,0.9974180459976196,0.0008386795525439084,0.00017356948228552938
2,2,0.00036132687819190323,0.0004652629140764475,0.9988909363746643,0.00028259953251108527
0,0,0.9994645714759827,0.00012657666229642928,0.0002715181326493621,0.0001372748229186982
1,1,9.185240924125537e-05,0.9996040463447571,0.00016170257003977895,0.0001424226356903091
2,2,0.00025611641467548907,0.0015712929889559746,0.9978773593902588,0.00029529465246014297
1,1,0.00011608521890593693,0.9995574355125427,0.00016430733376182616,0.00016219836834352463
0,0,0.9994838237762451,0.00011380528303561732,0.00025384299806319177,0.0001485263492213562
2,2,0.0003458657010924071,0.000254528276855126,0.9991377592086792,0.0002617412246763706
1,1,8.397978672292084e-05,0.9992421865463257,0.0004986040876246989,0.00017522499547339976
0,1,0.00016874924767762423,0.997956395149231,0.0016712815267965198,0.00020357317407615483
1,1,0.00019274467194918543,0.9995286464691162,0.00014839056530036032,0.00013023088104091585
0,0,0.9994513392448425,0.00012711888120975345,0.00027777126524597406,0.00014384386304300278
2,1,0.0001650949561735615,0.9994978904724121,0.00023777346359565854,9.928835788741708e-05
1,1,9.669215069152415e-05,0.999566376209259,0.00018556918075773865,0.00015133933629840612
2,0,0.9994621872901917,0.00013083005615044385,0.0002618194848764688,0.00014522213314194232
0,0,0.999450147151947,0.00012355102808214724,0.0002754114684648812,0.0001508200803073123
0,0,0.9994839429855347,0.0001207696259371005,0.0002511056372895837,0.00014413912140298635
1,1,0.00010824063065228984,0.9995922446250916,0.0001721788867143914,0.00012742605758830905
2,2,0.00029640833963640034,0.00026790978154167533,0.9991487264633179,0.0002868972369469702
0,0,0.9995038509368896,0.00012795849761459976,0.00023096470977179706,0.0001372519473079592
1,1,0.00012471956142690033,0.9995985627174377,0.0001466069952584803,0.00013012453564442694
2,2,0.00032527666189707816,0.00019127169798593968,0.9991207718849182,0.000362674065399915
1,1,0.0001090627774829045,0.9995821118354797,0.00017056700016837567,0.0001382238551741466
2,0,0.999397873878479,0.00010213313362328336,0.00036200674367137253,0.00013788137584924698
0,0,0.9995125532150269,0.00015503118629567325,0.00019823382899630815,0.00013410704559646547
0,0,0.999457061290741,0.00011673229892039672,0.0002782891097012907,0.00014783233928028494
1,1,8.93541582627222e-05,0.9995860457420349,0.00019314693054184318,0.0001314216642640531
2,2,0.0004007710958831012,0.00019918166799470782,0.9991406202316284,0.00025942217325791717
2,2,0.0003434375685174018,0.000920929538551718,0.9985319375991821,0.00020367543038446456
1,0,0.9989084005355835,0.0006528152734972537,0.00026455929037183523,0.0001741419400786981
0,0,0.9973167777061462,0.00012055972183588892,0.002432815032079816,0.0001298005081480369
0,0,0.9992436170578003,0.0001140702806878835,0.000521770678460598,0.00012060075823683292
1,1,9.821167623158544e-05,0.9995847344398499,0.00018058120622299612,0.0001364189520245418
1,1,0.0017397931078448892,0.6316021680831909,0.36574897170066833,0.000909052265342325
0,0,0.9994321465492249,0.00011871265451190993,0.00032143303542397916,0.0001277276751352474
2,2,0.0005740683409385383,0.0002763306547421962,0.9989498257637024,0.00019972221343778074
1,1,0.00010306136391591281,0.9996179342269897,0.00014491574256680906,0.00013406887592282146
2,2,0.000339141464792192,0.0003222447703592479,0.9990897178649902,0.00024880777345970273
0,0,0.999483585357666,0.00011199450091226026,0.00026356271700933576,0.0001408906391588971
1,1,0.00012335785140749067,0.9990814924240112,0.0006562789785675704,0.00013883430801797658
1,1,0.00010410753748146817,0.9996050000190735,0.00016314360254909843,0.00012774452625308186
2,2,0.0002467212616465986,0.00038442964432761073,0.9991102814674377,0.00025863421615213156
0,0,0.9995006322860718,0.0001569555461173877,0.00022281728161033243,0.00011956683010794222
0,0,0.9994940757751465,0.00013122586824465543,0.00022407714277505875,0.00015050801448523998
1,2,0.0006802562274970114,0.03176375851035118,0.9670645594596863,0.0004913643933832645
0,2,0.0029773153364658356,0.00042768754065036774,0.9964283108711243,0.00016667993622832
0,0,0.9994939565658569,0.00011562088911887258,0.0002487779129296541,0.00014156810357235372
2,1,0.00011244414054090157,0.9995346069335938,0.0001866227830760181,0.00016633451741654426
1,1,0.00010624279093462974,0.9996114373207092,0.0001543113321531564,0.00012794652138836682
2,2,0.0009229444549418986,0.00031413944088853896,0.9984631538391113,0.0002998019626829773
0,0,0.9033902287483215,0.0023272577673196793,0.0938296988606453,0.000452827283879742
1,2,0.0006469882791861892,0.00032045794068835676,0.9987825751304626,0.00025003147311508656
0,0,0.9991697072982788,0.0005108756013214588,0.0001982403191505,0.00012121389590902254
2,2,0.0002618612488731742,0.0005191448726691306,0.9989849925041199,0.00023400405189022422
1,1,0.00012075891572749242,0.9995744824409485,0.00017066934378817677,0.00013399925956036896
2,2,0.00036024366272613406,0.010419564321637154,0.9888112545013428,0.0004090019501745701
1,1,0.00011835824989248067,0.9994291663169861,0.0003282669640611857,0.00012417224934324622
0,2,0.00029529962921515107,0.0004508249694481492,0.99903404712677,0.00021984585328027606
0,0,0.9992844462394714,0.00017211271915584803,0.00041074835462495685,0.00013277714606374502
2,2,0.0003051510138902813,0.00022051468840800226,0.9991724491119385,0.00030194298597052693
1,1,0.00011833272583317012,0.9995834231376648,0.00016890336701180786,0.00012932016397826374
0,1,0.00010008436947828159,0.9995512366294861,0.00019890604016836733,0.00014976633246988058
1,0,0.9994657635688782,0.0001547306019347161,0.0002462232077959925,0.00013319493154995143
2,2,0.0003652007435448468,0.00037170678842812777,0.9990481734275818,0.0002149348147213459
2,2,0.0003283355908934027,0.000362576509360224,0.9990434050559998,0.0002656078722793609
0,0,0.9994847774505615,0.00014779670163989067,0.00024626898812130094,0.00012106966460123658
1,1,0.0001181266488856636,0.9995771050453186,0.0001592148473719135,0.00014563412696588784
1,1,0.00010929371637757868,0.9995878338813782,0.00016767393390182406,0.00013524395762942731
0,0,0.9994325041770935,0.00015716187772341073,0.00029488460859283805,0.00011546415771590546
0,0,0.9960333704948425,0.003603035816922784,0.00020326112280599773,0.0001603298878762871
0,0,0.9994470477104187,0.0001222053833771497,0.0002818272914737463,0.00014899471716489643
2,2,0.0004496616020333022,0.0004082925443071872,0.9989184141159058,0.00022362983145285398
1,1,0.0001028554979711771,0.9995887875556946,0.0001752227544784546,0.00013311316433828324
1,1,0.00011225968773942441,0.9995788931846619,0.0001781116152415052,0.00013075899914838374
2,0,0.9990872144699097,0.0001040045972331427,0.0006703080725856125,0.00013845402281731367
0,0,0.9994691014289856,0.00019231731130275875,0.00020752340788021684,0.0001310191146330908
0,0,0.999524712562561,0.00013750727521255612,0.00020982776186428964,0.00012790686741936952
1,0,0.9979634284973145,0.0016338899731636047,0.0002198831207351759,0.00018278945935890079
2,2,0.0002510214108042419,0.0003095313732046634,0.9991495609283447,0.0002898082893807441
2,2,0.0003377110988367349,0.00022057459864299744,0.9990608096122742,0.0003809194022323936
1,1,0.000146266829688102,0.9995614886283875,0.00015968421939760447,0.00013246433809399605
0,0,0.9995081424713135,0.0001165591602330096,0.0002376038464717567,0.0001376570580760017
1,2,0.0004995609633624554,0.010485016740858555,0.988753080368042,0.00026239067665301263
0,0,0.9994509816169739,0.0001259355922229588,0.00027484807651489973,0.0001482270163251087
2,2,0.0003663332317955792,0.00021495853434316814,0.9991279244422913,0.0002907623420469463
0,0,0.9995030164718628,0.00013116984337102622,0.00022509630070999265,0.00014074578939471394
2,2,0.002550543984398246,0.024012207984924316,0.9732046723365784,0.00023248915385920554
1,1,6.707301508868113e-05,0.9995890259742737,0.00018282201199326664,0.0001610783365322277
0,0,0.9994996786117554,0.00010726951586548239,0.00024904022575356066,0.00014404725516214967
2,1,0.00011375686153769493,0.999365508556366,0.00038581309490837157,0.00013502303045243025
1,1,0.0020836153998970985,0.9974537491798401,0.0003035968111362308,0.00015900594007689506
0,0,0.999432384967804,0.00012140069156885147,0.00029585047741420567,0.0001503961393609643
1,1,9.663035598350689e-05,0.9996089339256287,0.0001429579860996455,0.00015141983749344945
2,2,0.008254168555140495,0.2806394100189209,0.7085354924201965,0.00257095112465322
2,1,0.0001235387462656945,0.9995958209037781,0.0001411654957337305,0.00013948281412012875
0,0,0.9625095725059509,0.0010407730005681515,0.03589152917265892,0.0005580949364230037
1,1,0.00041503028478473425,0.9988780617713928,0.00048274261644110084,0.00022412811813410372
0,0,0.9994621872901917,0.00013707969628740102,0.00027351369499228895,0.00012712558964267373
2,2,0.0003876143309753388,0.0002867342554964125,0.9990782737731934,0.0002472761261742562
1,0,0.9993864297866821,0.00021329248556867242,0.00028725957963615656,0.00011307803652016446
2,1,9.376442903885618e-05,0.999610960483551,0.00014945965085644275,0.00014587535406462848
2,2,0.0002767851110547781,0.012073906138539314,0.9871290922164917,0.0005202729371376336
3,0,0.9994507431983948,0.0001239076955243945,0.00027680667699314654,0.0001485712855355814
2,2,0.0014919654931873083,0.026561828330159187,0.9716264605522156,0.00031976503669284284
2,1,0.00010169068991672248,0.9995481371879578,0.00020694373233709484,0.00014327028475236148
3,1,0.0001610470499144867,0.9980794191360474,0.001587442820891738,0.0001720948057482019
2,0,0.9978761672973633,0.0015971629181876779,0.00040239072404801846,0.00012429170601535589
0,0,0.9994556307792664,0.00011134590749861673,0.00028666204889304936,0.00014634174294769764
1,1,8.436183270532638e-05,0.9995961785316467,0.00018224467930849642,0.00013732850493397564
0,0,0.9993645548820496,0.00029227789491415024,0.0002181484887842089,0.00012506419443525374
1,1,0.0001377429871354252,0.9995237588882446,0.00021270748402457684,0.00012577899906318635
2,1,0.00011063255806220695,0.998978853225708,0.0007555389893241227,0.00015503191389143467
2,2,0.0003489901137072593,0.0003848278720397502,0.9990575909614563,0.00020860187942162156
0,0,0.9994091987609863,0.00013321965525392443,0.00030620963661931455,0.00015140691539272666
1,1,9.222340304404497e-05,0.9996188879013062,0.000148197214002721,0.00014061974070500582
1,0,0.9994041919708252,9.88886968116276e-05,0.00035356139414943755,0.00014329023542813957
0,0,0.9566553831100464,0.0029479919467121363,0.040090374648571014,0.0003062032628804445
2,2,0.02161330357193947,0.0009035877301357687,0.9772149920463562,0.00026805466040968895
1,1,0.00011085050937253982,0.9996057152748108,0.00015066454943735152,0.00013272828073240817
2,2,0.0003395169333089143,0.0005219589802436531,0.9989370703697205,0.00020146124006714672
0,0,0.9994854927062988,0.00014340196503326297,0.0002469344763085246,0.0001240909332409501
0,0,0.9994745850563049,0.00012417066318448633,0.0002492387720849365,0.00015197842731140554
1,0,0.9994534850120544,0.00011312661081319675,0.0003166840469930321,0.000116746909043286
2,2,0.0005801485385745764,0.00023831258295103908,0.9989631175994873,0.00021842218120582402
0,0,0.9994984865188599,0.0001251916983164847,0.00023934818455018103,0.0001369003439322114
2,2,0.0004624781431630254,0.00021527257922571152,0.9990600943565369,0.0002622193132992834
1,1,0.00011228892981307581,0.9995532631874084,0.00018965057097375393,0.0001447861868655309
0,2,0.0003747356531675905,0.00022688756871502846,0.9991421699523926,0.00025623300462029874
0,2,0.0003855121321976185,0.0002280348853673786,0.9991393089294434,0.0002470392209943384
1,2,0.0034541748464107513,0.0003591353597585112,0.9959965944290161,0.00019015934958588332
2,2,0.0004210792249068618,0.00032625949825160205,0.9990079998970032,0.00024466862669214606
1,1,9.818022226681933e-05,0.999441921710968,0.00030184676870703697,0.00015792917110957205
0,0,0.9994214773178101,0.00012072280514985323,0.00031339761335402727,0.00014452541654463857
2,0,0.9971557855606079,0.00047136881039477885,0.002253278624266386,0.00011954359797528014
1,2,0.0002620154700707644,0.0011312878923490644,0.9983776807785034,0.0002289772528456524
0,0,0.9994733929634094,0.00012877110566478223,0.00026467384304851294,0.00013324295287020504
1,1,0.00010524225217523053,0.9995830655097961,0.00016050877457018942,0.00015125716163311154
2,1,0.0001270917127840221,0.9995895028114319,0.00014832433953415602,0.00013515198952518404
0,0,0.999505877494812,0.00010972723976010457,0.00024295831099152565,0.00014149905473459512
2,2,0.00040702542173676193,0.0007009250693954527,0.9986781477928162,0.00021391005429904908
1,1,0.00010934396414086223,0.999599277973175,0.0001537573989480734,0.00013768195640295744
0,0,0.9995012283325195,0.0001206173692480661,0.0002392582391621545,0.00013894682342652231
2,1,0.0007356223650276661,0.9988466501235962,0.000272075820248574,0.0001455933670513332
1,1,0.00011619609722401947,0.9995823502540588,0.00017613523232284933,0.00012536397844087332
0,0,0.9993889331817627,0.0002914986398536712,0.00020827760454267263,0.00011124603042844683
0,0,0.9994798302650452,0.000101455909316428,0.00028440041933208704,0.00013431433762889355
1,2,0.00847771018743515,0.0008572085644118488,0.9904672503471375,0.00019780128786806017
2,2,0.05083572492003441,0.17052677273750305,0.778145432472229,0.0004920422798022628
1,1,0.00011406182602513582,0.999594509601593,0.00014864523836877197,0.00014273809210862964
2,2,0.00039229178219102323,0.0002086219610646367,0.9991289973258972,0.0002700229815673083
0,0,0.9994854927062988,0.00010201524128206074,0.0002756716276053339,0.0001367212535114959
1,1,9.50536850723438e-05,0.9995934367179871,0.0001726131304167211,0.0001389707758789882
2,2,0.00024528251378796995,0.000322859879815951,0.999157190322876,0.00027468870393931866
0,0,0.9994080066680908,0.00010418325109640136,0.0003445099282544106,0.0001433028228348121
0,1,0.0012222494697198272,0.9637752175331116,0.03469402343034744,0.0003084898053202778
2,2,0.0002717857132665813,0.00031118097831495106,0.9991366267204285,0.00028045938233844936
1,2,0.00034846601192839444,0.0004732346860691905,0.9989619255065918,0.00021640222985297441
0,0,0.7267073392868042,0.0003762864216696471,0.27139076590538025,0.0015256251208484173
1,1,0.00010436349839437753,0.9995676875114441,0.00020275004499126226,0.00012528816296253353
2,2,0.00028890115208923817,0.00020696276624221355,0.9991663694381714,0.0003377245448064059
1,2,0.0003416034742258489,0.0003533068229444325,0.9990690350532532,0.00023609751951880753
0,2,0.000661391532048583,0.0002100620185956359,0.9989186525344849,0.00020994327496737242
0,0,0.9994621872901917,0.00012451893417164683,0.0002663189370650798,0.0001470224087825045
2,1,9.366183803649619e-05,0.9994565844535828,0.00031570863211527467,0.0001340859744232148
1,0,0.9994720816612244,0.00013679335825145245,0.0002828305587172508,0.00010832396219484508
1,0,0.9994640946388245,0.00012461944425012916,0.0002760624629445374,0.00013522694644052535
2,2,0.09025689214468002,0.0008815135806798935,0.9082828760147095,0.0005787357222288847
0,0,0.9993347525596619,9.621723438613117e-05,0.00045129042700864375,0.00011768707918236032
1,1,8.29457349027507e-05,0.9986692667007446,0.001044140662997961,0.0002037026424659416
1,1,0.0003112645063083619,0.9993876218795776,0.00016007173690013587,0.0001410639815730974
0,0,0.9994884729385376,0.00011174603423569351,0.00026417276239953935,0.00013558045611716807
2,2,0.00032257227576337755,0.00048285743105225265,0.998927891254425,0.00026661556330509484
0,0,0.9994913339614868,0.00011997234832961112,0.00024473099620081484,0.00014398466737475246
2,2,0.00040662483661435544,0.001111634075641632,0.9982853531837463,0.00019638317462522537
1,1,0.00012973010598216206,0.9995525479316711,0.00018195870507042855,0.00013575321645475924
1,1,0.00013102572120260447,0.9994993209838867,0.00021217572793830186,0.00015751375758554786
0,0,0.9993865489959717,0.00029272507526911795,0.00019349681679159403,0.0001272428489755839
2,2,0.00029392330907285213,0.0003134429862257093,0.9990915060043335,0.00030116335256025195
1,1,0.00010495897731743753,0.9996077418327332,0.00015274237375706434,0.00013454552390612662
0,0,0.9994798302650452,0.00013422469783108681,0.00023651850642636418,0.0001494829630246386
2,2,0.0003055375418625772,0.0003212782321497798,0.9991194605827332,0.0002537538530305028
0,0,0.9993712306022644,0.00013134254550095648,0.0003845509490929544,0.00011284038919257
2,2,0.00030715754837729037,0.00033934455132111907,0.9991099238395691,0.00024358625523746014
1,1,0.0010149225126951933,0.9369944930076599,0.06146378070116043,0.0005267822416499257
0,0,0.9994989633560181,0.0001354655687464401,0.00023459985095541924,0.00013092260633129627
1,1,0.00025506436941213906,0.9994716048240662,0.00016007434169296175,0.00011329589324304834
2,2,0.00043356430251151323,0.00021638146426994354,0.9991080164909363,0.0002420745004201308
0,0,0.9994770884513855,0.0001302991877309978,0.0002454277127981186,0.00014714944700244814
1,1,0.00030227875686250627,0.9685368537902832,0.030471501871943474,0.0006894351681694388
2,2,0.00028548247064463794,0.0002667236840352416,0.9991490840911865,0.000298708095215261
1,1,9.182721260003746e-05,0.9996033310890198,0.00016807037172839046,0.00013680047413799912
0,0,0.9994860887527466,0.00010501579527044669,0.00028009474044665694,0.00012870975479017943
2,1,0.0027233557775616646,0.9937487840652466,0.003213362069800496,0.0003144902584608644
2,2,0.025206146761775017,0.016043646261096,0.9584993720054626,0.00025076844030991197
1,1,8.291882841149345e-05,0.9992520213127136,0.0005186155322007835,0.00014639848086517304
0,0,0.9995253086090088,0.00010038870823336765,0.0002390496083535254,0.00013526127440854907
2,1,9.745897841639817e-05,0.9995244741439819,0.0002056757075479254,0.00017238307918887585
0,0,0.9994679093360901,0.00014198529243003577,0.0002543250157032162,0.00013568761642090976
1,1,0.00010300804569851607,0.999589741230011,0.0001616293448023498,0.00014558791008312255
2,2,0.0005090499180369079,0.00046973899588920176,0.9988366961479187,0.00018458926933817565
1,1,9.928131476044655e-05,0.999610960483551,0.00015564913337584585,0.00013416130968835205
0,0,0.9994944334030151,0.00010949914576485753,0.00025196297792717814,0.00014402576198335737
2,2,0.0004803648334927857,0.000240286739426665,0.9990236759185791,0.0002556597755756229
1,2,0.0029794753063470125,0.3753219246864319,0.6210322976112366,0.0006663481472060084
0,0,0.9994432330131531,0.000133314446429722,0.00027482735458761454,0.00014861779345665127
0,0,0.9993676543235779,0.0003429913194850087,0.0001498026686022058,0.00013959163334220648
2,0,0.9986459612846375,0.0010619782842695713,0.0001591751934029162,0.00013288350601214916
1,1,8.73020471772179e-05,0.9992406368255615,0.0005100295529700816,0.00016199609672185034
0,0,0.9994731545448303,0.0001524041872471571,0.00024127728829625994,0.0001331333041889593
2,1,9.328441228717566e-05,0.9995929598808289,0.00017832333105616271,0.00013553256576415151
1,1,9.13678013603203e-05,0.999563992023468,0.00020191841758787632,0.00014270664541982114
2,1,0.0009847236797213554,0.9985230565071106,0.0003446228220127523,0.00014764643856324255
0,0,0.9995099306106567,0.00011702449410222471,0.00024381674302276224,0.0001292216475121677
1,0,0.9994791150093079,0.00011686519428621978,0.0002760368515737355,0.0001279863208765164
2,1,9.53584531089291e-05,0.9995492100715637,0.00020810251589864492,0.0001472375588491559
1,1,0.00010322176240151748,0.9995966553688049,0.00016344200412277132,0.00013669146574102342
0,0,0.9994663596153259,0.00012685761612374336,0.00025516815367154777,0.00015155685832723975
1,1,0.00010532078886171803,0.9995947480201721,0.00016213436902035028,0.000137922732392326
0,0,0.9994853734970093,0.0001313583052251488,0.00023471213353332132,0.00014855079643893987
0,0,0.999535322189331,0.0001120060624089092,0.00021277202176861465,0.00013992682215757668
0,0,0.9974894523620605,0.002097755903378129,0.0002561159781180322,0.0001567157742101699
2,2,0.00024700406356714666,0.001269168802537024,0.9981372356414795,0.00034660715027712286
1,1,8.553927182219923e-05,0.9995988011360168,0.00016986193077173084,0.0001458275510231033
0,0,0.9994780421257019,0.00012165774387540296,0.0002507124445401132,0.00014961333363316953
1,1,0.00012945113121531904,0.9995999932289124,0.00014112786448094994,0.00012935475388076156
2,0,0.6222793459892273,0.3750118017196655,0.001376198255456984,0.0013326866319403052
0,0,0.999517560005188,0.00015055705443955958,0.00019173546752426773,0.000140168092912063
1,1,0.00010234823275823146,0.9996047616004944,0.00015720934607088566,0.00013569403381552547
2,1,0.003293795743957162,0.86119544506073,0.1350596696138382,0.00045104994205757976
0,0,0.9995023012161255,0.00011808436829596758,0.0002372958551859483,0.00014229246880859137
0,0,0.9991568326950073,0.0004390805261209607,0.00029750814428552985,0.00010656243830453604
1,0,0.9943230152130127,0.005169927142560482,0.0003167098911944777,0.0001903686352306977
2,2,0.0005376526969484985,0.00035607730387710035,0.9988763928413391,0.00022992401500232518
2,1,9.152721759164706e-05,0.9995154142379761,0.0002636877470649779,0.0001294465910177678
1,2,0.01564677432179451,0.0006898694555275142,0.983288586139679,0.0003748305607587099
0,0,0.9994505047798157,0.00012466411862988025,0.00028458310407586396,0.0001401382323820144
1,1,9.655245958128944e-05,0.9996178150177002,0.00015472093946300447,0.00013089099957142025
0,0,0.9984365105628967,0.0010198712116107345,0.0004130715096835047,0.00013045160449109972
2,1,0.0002006362919928506,0.9994893074035645,0.00016293954104185104,0.00014717833255417645
0,0,0.9994951486587524,0.00015417748363688588,0.0002102654689224437,0.00014030282909516245
1,1,0.00010028394899563864,0.9995998740196228,0.0001782920880941674,0.00012156852608313784
2,2,0.00026041531236842275,0.000322835985571146,0.9991307854652405,0.00028598407516255975
2,2,0.00039139779983088374,0.00031424424378201365,0.9990677237510681,0.00022672487830277532
0,0,0.9994211196899414,0.00010251843923470005,0.0003292729670647532,0.00014706824731547385
1,1,0.0005026880535297096,0.933702290058136,0.06502996385097504,0.000765105418395251
0,0,0.9994788765907288,0.0001272429508389905,0.0002812326420098543,0.0001127730356529355
2,2,0.0002602216845843941,0.0006304735434241593,0.9988706707954407,0.00023860001238062978
1,1,0.00010697518882807344,0.9995854496955872,0.00017214340914506465,0.00013553479220718145
0,0,0.9994713664054871,0.00012174676521681249,0.00026440818328410387,0.00014255495625548065
2,2,0.00031244021374732256,0.00028216204373165965,0.9991381168365479,0.00026729091769084334
1,1,7.557030767202377e-05,0.9995774626731873,0.00018621709023136646,0.00016079284250736237
0,0,0.9994497895240784,0.00013450246478896588,0.0002621275489218533,0.00015356839867308736
2,2,0.00038054431206546724,0.00044918968342244625,0.9989559650421143,0.00021423582802526653
1,1,0.00013022309576626867,0.9982991814613342,0.0012880038702860475,0.000282601045910269
2,1,0.00012489189975894988,0.9994288086891174,0.0002791520382743329,0.00016714805678930134
0,0,0.9992867112159729,0.00038478142232634127,0.00018824025755748153,0.00014028172881808132
2,2,0.0004216944507788867,0.0004068822890985757,0.9989664554595947,0.00020498591766227037
0,1,0.004536852706223726,0.9949662089347839,0.0002499133988749236,0.00024710927391424775
1,1,0.00010284268500981852,0.9995594620704651,0.00019968788546975702,0.0001379439199808985
1,1,0.00011183089372934774,0.9996123909950256,0.00015295723278541118,0.00012291080201976
2,1,9.988706005970016e-05,0.9996016621589661,0.00016720629355404526,0.00013134402979630977
0,0,0.9994431138038635,0.00012347336451057345,0.0002848788572009653,0.00014849196304567158
0,1,0.0007727718912065029,0.9983964562416077,0.0006733965128660202,0.00015735271153971553
2,2,0.00023142783902585506,0.0004917527548968792,0.9989221096038818,0.0003547831147443503
0,0,0.9994617104530334,0.00011311588605167344,0.0002854329359252006,0.00013965056859888136
2,2,0.00036895243101753294,0.0002775193424895406,0.9991154074668884,0.00023811898427084088
1,1,9.878520359052345e-05,0.9995900988578796,0.00017949465836863965,0.00013169345038477331
0,2,0.00026128857280127704,0.0008334337617270648,0.9986900687217712,0.00021523842588067055
2,2,0.000327129295328632,0.00019474465807434171,0.9991449117660522,0.00033317788620479405
2,0,0.9994874000549316,0.000109076478111092,0.0002613782708067447,0.0001421364286215976
2,2,0.00040741756674833596,0.01574084721505642,0.9834958910942078,0.00035590771585702896
2,2,0.00028544009546749294,0.0003212731680832803,0.9991150498390198,0.00027819996466860175
1,1,8.744145452510566e-05,0.9995428323745728,0.00023740981123410165,0.0001323820324614644
0,0,0.9994934797286987,0.0001169308670796454,0.0002488520694896579,0.00014065575669519603
0,0,0.9994237422943115,0.00013999102520756423,0.0003073645057156682,0.00012888916535302997
1,1,9.582806524122134e-05,0.9996142387390137,0.00015968077059369534,0.00013023892825003713
2,2,0.0003503037733025849,0.0003219237260054797,0.9990838766098022,0.00024394976207986474
1,1,0.0001131113021983765,0.999610960483551,0.00015023318701423705,0.000125660837511532
2,2,0.0003565075166989118,0.00023455172777175903,0.9991357922554016,0.0002731611311901361
0,0,0.9994639754295349,0.00012057468120474368,0.0002699239703360945,0.00014550311607308686
2,2,0.00040563548100180924,0.0007018311298452318,0.9986391663551331,0.00025345629546791315
0,0,0.999478280544281,0.00011317084863549098,0.00025637054932303727,0.00015218553016893566
1,1,9.511409734841436e-05,0.9996241331100464,0.00013478634355124086,0.00014596886467188597
0,0,0.9994316697120667,0.00012004964810330421,0.0003357921086717397,0.0001124880145653151
2,1,8.610839722678065e-05,0.9996021389961243,0.00017379152995999902,0.00013798888539895415
1,1,0.00010507945262361318,0.9996180534362793,0.00014726776862517,0.0001295464753638953
0,0,0.9994378685951233,0.0001053523737937212,0.0003043081087525934,0.00015249128045979887
1,2,0.00025554149760864675,0.00040689422166906297,0.9990843534469604,0.00025313824880868196
2,2,0.0003543656494002789,0.00027992407558485866,0.9991211295127869,0.0002445743011776358
1,1,0.00010402850602986291,0.9995323419570923,0.00021782958356197923,0.00014580407878383994
0,0,0.9748677015304565,0.0006713275797665119,0.023876380175352097,0.0005845731357112527
2,2,0.0003363608557265252,0.0004940222133882344,0.9989303946495056,0.00023913689074106514
2,2,0.00030161780887283385,0.0002665580832399428,0.9991449117660522,0.00028690765611827374
0,0,0.9994977712631226,0.00013812800170853734,0.000231104320846498,0.00013294944074004889
1,1,0.00011576753604458645,0.9995712637901306,0.00016702288121450692,0.00014601877774111927
0,0,0.9994377493858337,0.0001399529428454116,0.00028052949346601963,0.00014164696040097624
2,2,0.00034181977389380336,0.0004800699825864285,0.9989486336708069,0.00022954581072553992
1,1,0.00010215980728389695,0.9996092915534973,0.00014933716738596559,0.00013920974743086845
0,0,0.9977573752403259,0.00012618138862308115,0.001949311699718237,0.00016712825163267553
2,2,0.00022416887804865837,0.00080762745346874,0.9986711740493774,0.0002970837231259793
2,2,0.00034824901376850903,0.0002602284075692296,0.9988908171653748,0.0005006210994906723
1,1,0.000195490283658728,0.999406099319458,0.00023157066607382149,0.00016684056026861072
2,2,0.0003793818468693644,0.00029969046590849757,0.9990630745887756,0.00025790423387661576
0,0,0.9994932413101196,0.00013396436406765133,0.00023436527408193797,0.00013838869926985353
2,2,0.000276187842246145,0.0002649909583851695,0.999147891998291,0.00031088132527656853
2,0,0.9994580149650574,9.010167559608817e-05,0.00032756151631474495,0.0001243155129486695
1,1,0.00011005350097548217,0.9995785355567932,0.0001672695652814582,0.00014422688400372863
2,2,0.00029111545882187784,0.00035585614386945963,0.9990885257720947,0.0002645439235493541
0,0,0.9994755387306213,0.00011648824147414416,0.0002606647030916065,0.00014728990208823234
1,1,0.00011413530592108145,0.9996129870414734,0.00014231743989512324,0.00013059833145234734
1,1,0.0004453423316590488,0.9992343187332153,0.00017226256022695452,0.00014801733777858317
2,0,0.9993613362312317,0.00024679055786691606,0.0002796428743749857,0.00011230956442886963
0,0,0.9995017051696777,0.00011201629240531474,0.000239608867559582,0.0001466849644202739
1,1,0.0015503804897889495,0.9828627705574036,0.015353548340499401,0.00023329799296334386
2,1,0.00010350845695938915,0.9995779395103455,0.00017879251390695572,0.00013978220522403717
0,1,0.0001373278209939599,0.9995501637458801,0.0001796194992493838,0.0001328689540969208
0,0,0.9994757771492004,0.0001142884575529024,0.0002578986168373376,0.00015199686458799988
1,1,9.549235983286053e-05,0.9996154308319092,0.00015780044486746192,0.0001312327804043889
2,1,0.00011204515612917021,0.9995600581169128,0.00020942855917382985,0.00011849629663629457
2,2,0.00021915891557000577,0.0008920846157707274,0.9985944628715515,0.00029433233430609107
0,0,0.999451220035553,0.00014002197713125497,0.000287430826574564,0.00012136314762756228
1,1,0.00010538446076679975,0.9996078610420227,0.00015165899822022766,0.00013509376731235534
1,1,9.878147830022499e-05,0.9995856881141663,0.00017812367877922952,0.00013736137771047652
0,0,0.9994807839393616,0.00011289419489912689,0.0002625309571158141,0.00014385179383680224
2,0,0.9994719624519348,0.00011760269990190864,0.0002868893789127469,0.00012355596118140966
1,1,0.00011055688082706183,0.9995854496955872,0.00016610806051176041,0.00013790476077701896
2,1,9.6543000836391e-05,0.9993454813957214,0.0004108349676243961,0.00014716935402248055
0,0,0.9994789958000183,0.00012349015742074698,0.000259516469668597,0.00013798175496049225
0,0,0.9994828701019287,0.00012362533016130328,0.00024708861019462347,0.00014632090460509062
2,0,0.9994882345199585,0.00012660838547162712,0.00023798375332262367,0.00014714815188199282
2,1,9.188387775793672e-05,0.9996145963668823,0.00015711737796664238,0.00013632977788802236
0,0,0.9994651675224304,0.00012641701323445886,0.00027785246493294835,0.00013058686454314739
2,2,0.0004865525697823614,0.00023176975082606077,0.9990468621253967,0.00023481865355279297
1,0,0.9978347420692444,0.0004926191759295762,0.0015789491590112448,9.369006875203922e-05
2,2,0.00024988502264022827,0.00036089925561100245,0.9991326928138733,0.0002565662725828588
0,2,0.000278257328318432,0.0006298864609561861,0.9988627433776855,0.00022915995214134455
1,2,0.00025389832444489,0.0015260967193171382,0.997992753982544,0.00022729711781721562
2,2,0.000688500702381134,0.008150783367455006,0.99090975522995,0.0002509057230781764
0,0,0.999500036239624,9.688908176030964e-05,0.000263452238868922,0.00013959468924440444
1,1,0.0009797210805118084,0.8385186791419983,0.1596076339483261,0.0008938877144828439
0,0,0.9994809031486511,0.00015157466987147927,0.00023804078227840364,0.00012954215344507247
2,2,0.00030042603611946106,0.0003023327444680035,0.9990739822387695,0.00032325141364708543
1,1,9.448840137338266e-05,0.9996206760406494,0.00015018336125649512,0.00013467024837154895
0,0,0.9993083477020264,0.00037061586044728756,0.00019540330686140805,0.00012565741781145334
2,2,0.0004054781165905297,0.0003064208140131086,0.9990536570549011,0.00023433681053575128
1,1,0.0001228722248924896,0.9995521903038025,0.000187550118425861,0.00013744104944635183
1,1,8.886113209882751e-05,0.999619722366333,0.0001598904054844752,0.00013158272486180067
2,2,0.00029579666443169117,0.00045125093311071396,0.9989990592002869,0.00025390746304765344
0,0,0.9995061159133911,0.00013904493243899196,0.00022676466323900968,0.00012806206359528005
1,1,0.00015382083074655384,0.999566376209259,0.000166196798090823,0.00011350314889568835
2,2,0.0003714202903211117,0.00021557910076808184,0.9991305470466614,0.00028251908952370286
0,0,0.9994680285453796,0.00012664060341194272,0.0002597770653665066,0.0001456587779102847
2,2,0.37504690885543823,0.0007575284107588232,0.6232644319534302,0.0009310800232924521
2,2,0.0004907698603346944,0.00021910523355472833,0.9990270137786865,0.0002630712406244129
1,1,0.0001075270411092788,0.9995953440666199,0.00015875272220000625,0.00013834463607054204
1,1,8.907908340916038e-05,0.9994345307350159,0.000345117412507534,0.00013134849723428488
2,2,0.0006420745048671961,0.00017307672533206642,0.9988981485366821,0.0002867148141376674
0,0,0.999405026435852,0.00010910160199273378,0.0003421096771489829,0.00014372420264407992
2,2,0.00029420500504784286,0.0009710284066386521,0.9985260963439941,0.00020858834614045918
1,2,0.0003235704207327217,0.00023546266311313957,0.9991687536239624,0.0002721588534768671
0,0,0.9994646906852722,0.00011797197657870129,0.00026408256962895393,0.00015329515736084431
2,1,0.0002915129589382559,0.9953944683074951,0.00406093942001462,0.00025312937214039266
1,1,0.00010210425534751266,0.9995803236961365,0.00017447990830987692,0.00014308224490378052
0,0,0.9994876384735107,0.00016487142420373857,0.00020858521747868508,0.00013879236939828843
1,1,0.00011375418398529291,0.999574601650238,0.00017116781964432448,0.0001404783979523927
0,0,0.9994893074035645,0.00013395975111052394,0.00024195450532715768,0.0001347041834378615
2,2,0.0003321973199490458,0.0002907560265157372,0.9991291165351868,0.00024791204486973584
2,2,0.0002586106420494616,0.00026314627029933035,0.999158501625061,0.00031981756910681725
1,1,0.00011853167961817235,0.9995676875114441,0.00018078542780131102,0.0001329640654148534
0,1,0.010560727678239346,0.97905033826828,0.010207767598330975,0.0001810961402952671
2,2,0.06091296672821045,0.0004938705242238939,0.938096284866333,0.0004967955756001174
0,2,0.03134208917617798,0.000720761192496866,0.9675593376159668,0.00037779519334435463
1,1,0.0001182599226012826,0.9996060729026794,0.0001460233033867553,0.00012967086513526738
1,1,0.00010642204870237038,0.9995854496955872,0.00015303815598599613,0.0001551938330521807
2,1,0.0001500807557022199,0.9992807507514954,0.00044117585639469326,0.00012803636491298676
0,0,0.9994943141937256,0.0001131889657699503,0.0002467914018779993,0.00014575266686733812
1,1,9.670540748629719e-05,0.9995995163917542,0.00016594873159192502,0.00013782332825940102
0,0,0.9994975328445435,0.00012370497279334813,0.000247087242314592,0.00013162739924155176
2,2,0.004481857642531395,0.0001513682509539649,0.9950366616249084,0.00033005792647600174
2,1,7.346143684117123e-05,0.9994015693664551,0.0003736465878318995,0.00015125090430956334
0,0,0.9938139915466309,0.0009085870697163045,0.005132834892719984,0.000144664038089104
1,1,0.00010527476842980832,0.9995563626289368,0.0002134105598088354,0.00012488306674640626
1,1,8.856981730787084e-05,0.9996138215065002,0.0001695948012638837,0.0001280583965126425
0,0,0.9994980096817017,0.0001317374553764239,0.0002356789045734331,0.00013452036364469677
2,1,7.696988905081525e-05,0.9994404911994934,0.00032824563095346093,0.00015430318308062851
2,2,0.00035093846963718534,0.00029219198040664196,0.9990963935852051,0.0002604073379188776
0,0,0.9994969367980957,0.00012008852354483679,0.00024352727632503957,0.00013940651842858642
1,1,8.934237848734483e-05,0.999626874923706,0.00014387708506546915,0.0001399461762048304
1,1,0.00010303702583769336,0.9996001124382019,0.00016325157776009291,0.00013357475108932704
0,0,0.999473512172699,0.00011876467033289373,0.00026624221936799586,0.00014145547174848616
2,2,0.000314923730911687,0.0002606234629638493,0.9991629123687744,0.0002616023411974311
0,0,0.9994854927062988,0.0001291471708100289,0.00023850884463172406,0.00014675717102363706
2,1,0.00011470466415630654,0.9996155500411987,0.0001400836044922471,0.00012966022768523544
1,1,0.00010826708603417501,0.9995800852775574,0.00016738536942284554,0.00014436099445447326
1,2,0.00025987610570155084,0.0022571419831365347,0.9971609115600586,0.00032209811615757644
0,0,0.9994470477104187,0.00012070518278051168,0.00029222844750620425,0.00013995198241900653
2,2,0.00031977175967767835,0.0002668757806532085,0.9991297125816345,0.0002836759958881885
1,1,9.426845645066351e-05,0.9996256828308105,0.0001448505645385012,0.00013511306315194815
3,2,0.004631325602531433,0.0005045632715336978,0.9946885108947754,0.00017555226804688573
0,0,0.9994723200798035,0.00010845733777387068,0.0002948012843262404,0.0001244352024514228
0,0,0.9994624257087708,0.00012399400293361396,0.0002693591231945902,0.0001441667991457507
2,2,0.0002853383484762162,0.0002551383222453296,0.9991629123687744,0.00029658357379958034
1,1,6.632079021073878e-05,0.9995583891868591,0.00024013810616452247,0.00013507253606803715
2,1,0.0009747628355398774,0.8012421727180481,0.1966269314289093,0.0011561501305550337
0,0,0.9994290471076965,0.00011653137335088104,0.0003115850850008428,0.00014284136705100536
1,1,9.734898776514456e-05,0.9996045231819153,0.00016194555792026222,0.00013617443619295955
0,0,0.9994288086891174,0.00013135788321960717,0.0002936386445071548,0.00014616403495892882
1,1,9.740763925947249e-05,0.9995782971382141,0.00019704882288351655,0.00012730318121612072
2,2,0.0003246367850806564,0.001167197129689157,0.9979355335235596,0.0005726563395000994
2,2,0.001797518809325993,0.0004961108788847923,0.9975322484970093,0.00017412524903193116
0,0,0.9994553923606873,0.00012991494440939277,0.0002733840374276042,0.0001412668643752113
1,1,0.0001496847835369408,0.9995330572128296,0.00016018970927689224,0.00015702471137046814
2,2,0.00033901099232025445,0.00021196554007474333,0.999107301235199,0.00034171095467172563
0,0,0.9995075464248657,0.00013212762132752687,0.00022226490546017885,0.0001380869362037629
1,1,0.00010097156336996704,0.999616265296936,0.000151616899529472,0.00013107179256621748
0,1,0.0016319233691319823,0.9979350566864014,0.00025872763944789767,0.00017432883032597601
2,2,0.0005469993338920176,0.0002156131959054619,0.999006450176239,0.00023098652309272438
1,1,0.00012557400623336434,0.9993681311607361,0.00033186664222739637,0.00017442174430470914
0,0,0.9994813799858093,0.00013068753469269723,0.0002457491646055132,0.0001422154309693724
1,1,0.00020722125191241503,0.9995006322860718,0.00017736390873324126,0.00011472494952613488
2,2,0.0010338653810322285,0.021819710731506348,0.9768723249435425,0.0002740937052294612
0,0,0.9994356036186218,0.00012473930837586522,0.00029023014940321445,0.00014938143431209028
2,2,0.00031592146842740476,0.0002446068683639169,0.9991531372070312,0.0002863313420675695
1,1,0.00010156499047297984,0.9995748400688171,0.0001648224424570799,0.00015866229659877717
1,1,8.961345884017646e-05,0.9995579123497009,0.00020080704416614026,0.00015172231360338628
2,2,0.0003818797704298049,0.0008335470338352025,0.9985480904579163,0.00023652573872823268
0,0,0.9994828701019287,0.00015104195335879922,0.00022840389283373952,0.00013768115604761988
1,1,0.00010773123358376324,0.9995976090431213,0.00015857076505199075,0.00013610934547614306
2,1,9.795134974410757e-05,0.9995760321617126,0.00018574307614471763,0.00014020115486346185
0,0,0.9995037317276001,0.00011436307977419347,0.00023871709709055722,0.00014319317415356636
0,1,0.00012321863323450089,0.9995627999305725,0.0001558482472319156,0.0001580947428010404
0,2,0.00040382094448432326,0.000257604056969285,0.9990677237510681,0.00027087636408396065
1,0,0.9995073080062866,0.00012224059901200235,0.00023369051632471383,0.0001368343218928203
0,0,0.9993298053741455,0.0001719833817332983,0.0003795850498136133,0.00011866971181007102
0,0,0.9993923902511597,0.00011922381236217916,0.00035730411764234304,0.00013108630082570016
1,1,0.00018126837676391006,0.9991839528083801,0.0004629752947948873,0.00017172261141240597
1,1,0.00014216112322174013,0.9990816116333008,0.00061631272546947,0.00015991090913303196
0,1,0.030663857236504555,0.9667675495147705,0.0023358187172561884,0.00023283556220121682
0,0,0.9994465708732605,0.00015265702677424997,0.0002793665917124599,0.00012142186460550874
2,2,0.002692845184355974,0.3654789626598358,0.6310035586357117,0.0008245632634498179
0,0,0.9995195865631104,0.00010227755410596728,0.00024201512860599905,0.00013618753291666508
1,1,0.00012881487782578915,0.9995642304420471,0.00018134184938389808,0.00012557637819554657
0,0,0.9994926452636719,0.00012145919754402712,0.00024435861269012094,0.00014155426470097154
1,1,0.00013570106239058077,0.9995736479759216,0.00014680749154649675,0.00014383895904757082
2,2,0.00037794827949255705,0.0005075231892988086,0.9988813996315002,0.0002331095893168822
2,1,9.256831981474534e-05,0.9991121888160706,0.0005621292511932552,0.00023310809046961367
0,0,0.999451220035553,0.0001369700039504096,0.0002704657381400466,0.0001413420250173658
1,1,0.00010336291597923264,0.9995898604393005,0.0001703997259028256,0.00013640886754728854
0,0,0.9994819760322571,0.00011017695942427963,0.0002777834888547659,0.00013020231563132256
0,0,0.9992637038230896,8.025702845770866e-05,0.0005311165587045252,0.00012492368114180863
1,1,0.00012150481052231044,0.999553382396698,0.00018246748368255794,0.00014262636250350624
0,0,0.9994774460792542,0.00012253725435584784,0.0002595546829979867,0.00014048254524823278
2,2,0.0006957155419513583,0.00022990645084064454,0.9988439083099365,0.0002304756926605478
1,1,0.00012441964645404369,0.9995951056480408,0.00014515007205773145,0.000135360038257204
1,1,0.00011953795183217153,0.9995833039283752,0.0001703966554487124,0.0001267839252250269
0,1,0.00014440822997130454,0.9995419979095459,0.00016521029465366155,0.00014843927056062967
2,0,0.9842989444732666,0.00029802697827108204,0.015214995481073856,0.00018797992379404604
0,0,0.9994809031486511,0.0001186459994642064,0.0002542524307500571,0.00014617624401580542
2,2,0.00034557192702777684,0.000303000386338681,0.9991006851196289,0.00025082388310693204
1,1,0.0007843204075470567,0.9788563251495361,0.020076610147953033,0.00028270494658499956
1,1,0.00010350497905164957,0.9995662569999695,0.00017586853937245905,0.0001542660902487114
2,1,0.0003708822187036276,0.9739107489585876,0.02495560422539711,0.0007627363665960729
0,2,0.191264346241951,0.00137887813616544,0.8067157864570618,0.000641000340692699
2,0,0.9988694787025452,8.863926632329822e-05,0.0009079500450752676,0.00013394333655014634
0,0,0.9994592070579529,0.00013642094563692808,0.00026595796225592494,0.00013846821093466133
1,1,6.683042010990903e-05,0.9994875192642212,0.0002963304577860981,0.00014927682059351355
0,0,0.9993966817855835,0.00012284889817237854,0.00035451407893560827,0.00012585755030158907
1,1,0.0001743113825796172,0.9995019435882568,0.00015498460561502725,0.00016869851970113814
2,1,8.545622404199094e-05,0.999510645866394,0.0002673658018466085,0.00013658276293426752
1,1,0.00010092097363667563,0.9996042847633362,0.00015620393969584256,0.00013856003351975232
2,1,0.00013715038949158043,0.9995456337928772,0.00019462387717794627,0.00012255895126145333
0,0,0.9994876384735107,0.00012531434185802937,0.0002380133228143677,0.00014899240341037512
0,0,0.9994412064552307,0.00019898790924344212,0.00022029757383279502,0.0001395392173435539
1,1,0.00010514165478525683,0.9996015429496765,0.00016280170530080795,0.00013047645916230977
2,1,0.00302508263848722,0.7448571920394897,0.25148192048072815,0.000635757518466562
1,1,0.00010241471318295226,0.9993948936462402,0.0002969720517285168,0.00020570885681081563
0,1,0.0010129647562280297,0.9985803365707397,0.00024300828226841986,0.00016370427329093218
2,2,0.00040701255784370005,0.00038770498940721154,0.9989780187606812,0.00022730050841346383
1,1,0.00010215208021691069,0.999517560005188,0.00021900658612139523,0.00016134431643877178
2,2,0.005042346194386482,0.000460893934359774,0.9942823648452759,0.00021436797396745533
0,0,0.9994749426841736,0.00012645116657949984,0.00025795793044380844,0.00014069820463191718
1,1,9.256584598915651e-05,0.9996002316474915,0.0001736535195959732,0.00013357491116039455
3,0,0.999461829662323,0.00015715988411102444,0.0002451654872857034,0.0001358670269837603
0,2,0.00030909653287380934,0.002964660758152604,0.9965144991874695,0.00021175344591028988
0,0,0.9987722039222717,0.00014137066318653524,0.0009768635500222445,0.0001094661420211196
2,1,0.00012497251736931503,0.9995390176773071,0.00017573330842424184,0.0001603063428774476
1,1,0.00014388764975592494,0.9995802044868469,0.00013789942022413015,0.00013795455743093044
1,2,0.0002794353640638292,0.00042751184082590044,0.9990684390068054,0.00022461250773631036
0,0,0.9994572997093201,0.00015028145571704954,0.00027644573128782213,0.00011601105506997555
1,2,0.0002789330028463155,0.0003704661503434181,0.9990971088409424,0.0002535638050176203
1,1,0.00010352097160648555,0.9996101260185242,0.000153737812070176,0.00013258236867841333
0,0,0.9994403719902039,0.00019892133423127234,0.00022448471281677485,0.000136191287310794
2,2,0.0003019121941179037,0.0004608408489730209,0.9989925026893616,0.00024474022211506963
2,0,0.9838777780532837,0.0007878978503867984,0.01514500379562378,0.0001893632870633155
1,1,9.073535329662263e-05,0.9995808005332947,0.0001891123247332871,0.0001393425918649882
0,0,0.9994531273841858,0.0001324752374785021,0.00028691597981378436,0.0001274755341000855
1,1,7.869688124628738e-05,0.9995998740196228,0.00018036089022643864,0.00014109985204413533
2,1,0.00019576474733185023,0.999480664730072,0.00019383252947591245,0.00012978585436940193
0,0,0.9994988441467285,0.00011929610627703369,0.0002517594548407942,0.00013006366498302668
2,0,0.9981833100318909,0.0002839004446286708,0.0013646422885358334,0.00016811804380267859
0,0,0.9995368719100952,0.00016290378698613495,0.0001751122617861256,0.00012510412489064038
1,1,0.00011993452062597498,0.9995688796043396,0.00016082596266642213,0.00015038970741443336
1,1,7.587376603623852e-05,0.9986973404884338,0.0009861949365586042,0.00024061038857325912
3,2,0.0002737597969826311,0.0003674362087622285,0.9990715980529785,0.0002871170872822404
0,2,0.0003308267623651773,0.00029872008599340916,0.9991605281829834,0.00020986136223655194
1,1,0.00011235968850087374,0.9995852112770081,0.0001550733722979203,0.00014734637807123363
0,0,0.9994761347770691,0.0001349433441646397,0.0002532983780838549,0.00013565806148108095
2,1,0.03262133151292801,0.9661824107170105,0.0009222062071785331,0.00027414155192673206
1,1,0.0001109280638047494,0.9995840191841125,0.00015973258996382356,0.00014539949188474566
2,2,0.00045463585411198437,0.000230464618653059,0.9990636706352234,0.000251330086030066
0,0,0.9927560687065125,0.0013871343107894063,0.005696388427168131,0.00016048504039645195
1,1,0.00010877419845201075,0.9995781779289246,0.00017530430341139436,0.00013771041994914412
2,2,0.0005680303438566625,0.0002580331638455391,0.9989487528800964,0.0002251861005788669
0,0,0.9994853734970093,0.00012032706581521779,0.0002446147263981402,0.00014971289783716202
2,1,9.165892697637901e-05,0.9995915293693542,0.0001784927153494209,0.0001383078342769295
1,1,9.461267472943291e-05,0.999572217464447,0.00019687933672685176,0.0001363589835818857
0,1,0.0001286983460886404,0.9995966553688049,0.00015346035070251673,0.00012124209752073511
2,2,0.0003841030702460557,0.00022720509150531143,0.9991177916526794,0.00027087441412732005
0,0,0.999427855014801,0.0001320505834883079,0.000283499073702842,0.00015645440726075321
1,1,0.009190408512949944,0.9902477860450745,0.0003252593451179564,0.0002365123073104769
1,1,9.832871000980958e-05,0.9996179342269897,0.0001475148746976629,0.00013618859520647675
2,0,0.9979209303855896,0.00024163218040484935,0.0017355484887957573,0.000101964789791964
0,0,0.9995077848434448,0.0001169980168924667,0.0002323798689758405,0.000142928387504071
0,0,0.9981808662414551,0.00012887504999525845,0.0015259163919836283,0.00016434663848485798
2,2,0.0007161423563957214,0.00024682004004716873,0.998815655708313,0.0002213746920460835
1,0,0.9993588328361511,0.00028897388256154954,0.0002470678009558469,0.00010508926789043471
2,2,0.0003338376118335873,0.00023457876523025334,0.9991347193717957,0.00029689582879655063
1,1,0.00010645475413184613,0.999602735042572,0.00016026949742808938,0.00013063025835435838
0,0,0.9993880987167358,0.00012118720769649372,0.00034128042170777917,0.0001493317395215854
0,0,0.999459445476532,0.00011439552326919511,0.0002789346326608211,0.00014719540195073932
2,2,0.00035216103424318135,0.0019528897246345878,0.9975079298019409,0.00018693500896915793
1,1,0.00012590954429470003,0.9995511174201965,0.00015917686687316746,0.00016367789066862315
1,1,9.153781866189092e-05,0.999614953994751,0.00016596300702076405,0.0001275420218007639
2,1,7.795840065227821e-05,0.9996139407157898,0.00017492812185082585,0.00013324376777745783
0,0,0.9987844824790955,0.00016265267913695425,0.0009471264202147722,0.00010570958693278953
0,0,0.999503493309021,0.0001692116493359208,0.00019717562827281654,0.0001301310257986188
1,1,0.0007492593140341341,0.9801543354988098,0.018776757642626762,0.0003196153847966343
1,1,0.00012625673844013363,0.9995821118354797,0.00016247825988102704,0.00012921546294819564
0,0,0.9994519352912903,0.00011726358206942677,0.00028030347311869264,0.00015045904729049653
2,2,0.0003442884190008044,0.0002199110749643296,0.9991284012794495,0.0003073091502301395
1,1,8.455977513222024e-05,0.9996071457862854,0.000168391881743446,0.00013992487220093608
0,2,0.000718507741112262,0.00028491963166743517,0.9987896084785461,0.00020692261750809848
1,1,9.647086699260399e-05,0.9996069073677063,0.00015596604498568922,0.0001407068339176476
2,2,0.0003632495936471969,0.0011195450788363814,0.9982737302780151,0.0002435781352687627
0,0,0.9994568228721619,0.00010677909449441358,0.00029341454501263797,0.00014291837578639388
2,2,0.0007211813353933394,0.0002492220955900848,0.9988073110580444,0.00022231347975321114
1,1,0.00016602629330009222,0.9995604157447815,0.0001511277223471552,0.0001224261795869097
0,1,0.00018681846268009394,0.9994933605194092,0.0001811725669540465,0.00013868650421500206
0,0,0.9994975328445435,0.00014047975128050894,0.00023417166084982455,0.00012786046136170626
1,1,0.00011362301302142441,0.9995833039283752,0.00016801187302917242,0.00013500468048732728
0,0,0.9994506239891052,0.00011754110164474696,0.0002910849289037287,0.00014072780322749168
1,1,9.70400869846344e-05,0.9996001124382019,0.00016200152458623052,0.00014086512965150177
2,2,0.2613694369792938,0.004251183941960335,0.7336301207542419,0.0007492830627597868
0,0,0.9993606209754944,0.00031786851468496025,0.000217711174627766,0.00010387761722085997
2,2,0.0002863263071049005,0.0003972841950599104,0.9990801811218262,0.00023615197278559208
1,1,0.00035277276765555143,0.9993389248847961,0.00017508995370008051,0.00013317535922396928
2,1,0.0006156602175906301,0.9403777718544006,0.05849229544401169,0.0005143244052305818
1,1,0.00014965141599532217,0.9995761513710022,0.00014822195225860924,0.00012595532462000847
0,0,0.9994864463806152,0.00012084608169971034,0.00024614238645881414,0.00014646955241914839
2,2,0.0002845496346708387,0.00044947280548512936,0.9989919066429138,0.0002741034550126642
0,0,0.9994148015975952,0.00011147277109557763,0.0003598563780542463,0.00011393380555091426
1,1,0.00012099344894522801,0.9995827078819275,0.00016392362886108458,0.00013237670646049082
1,1,9.434194362256676e-05,0.9996143579483032,0.00015921684098429978,0.0001320789015153423
0,0,0.9994920492172241,0.0001114157130359672,0.00024526574998162687,0.00015129894018173218
2,2,0.0002713633293751627,0.0004143589176237583,0.9990671277046204,0.0002472398628015071
0,2,0.0026719490997493267,0.00024836993543431163,0.9968637228012085,0.00021604761423077434
1,1,8.034480561036617e-05,0.9995879530906677,0.0001871198182925582,0.00014456617645919323
2,2,0.0003688449796754867,0.0002451938053127378,0.9991207718849182,0.0002651632239576429
2,1,9.728071745485067e-05,0.9995713829994202,0.00018789368914440274,0.00014347146498039365
1,1,0.00011247478687437251,0.9995896220207214,0.0001682942092884332,0.00012958876322954893
2,2,0.2097335159778595,0.0007991351303644478,0.7886548638343811,0.0008124433807097375
2,2,0.0004800416645593941,0.00023130117915570736,0.9990392923355103,0.00024934366228990257
0,0,0.9994593262672424,0.0001387444935971871,0.0002493158099241555,0.00015257718041539192
1,1,0.00010299048153683543,0.9995917677879333,0.00016282279102597386,0.0001424227812094614
1,2,0.0006383876316249371,0.0002694108407013118,0.9988653659820557,0.00022691232152283192
2,2,0.0003156435559503734,0.00028818962164223194,0.9991334080696106,0.00026281538885086775
0,0,0.5994124412536621,0.29353123903274536,0.10520602017641068,0.001850297674536705
0,0,0.9965257048606873,0.0029630716890096664,0.0003819085832219571,0.0001292469969484955
1,2,0.0019464847864583135,0.3635057210922241,0.6338188052177429,0.0007289864006452262
2,2,0.00042968898196704686,0.00124200782738626,0.998143196105957,0.00018508471839595586
2,2,0.0006058310973457992,0.00017932617629412562,0.9989709854125977,0.00024396591470576823
0,0,0.999481737613678,0.00011923753481823951,0.0002556813706178218,0.0001433442666893825
1,1,0.00013322084851097316,0.9995991587638855,0.0001392412668792531,0.0001284757163375616
0,0,0.9994943141937256,0.00011941691627725959,0.0002607228234410286,0.0001255946554010734
1,1,9.388955368194729e-05,0.999607503414154,0.00016180802776943892,0.00013680274423677474
0,1,0.03523404896259308,0.958331823348999,0.0061692893505096436,0.0002648073132149875
2,1,6.872152880532667e-05,0.9995797276496887,0.00020829073037020862,0.00014322195784188807
1,1,9.592917922418565e-05,0.999607503414154,0.000158453214680776,0.00013814537669532
0,0,0.9791859984397888,0.019906645640730858,0.0006388837355189025,0.000268520787358284
2,2,0.0002626902423799038,0.0003204605891369283,0.999138593673706,0.00027820601826533675
1,1,0.00011114093649666756,0.9995757937431335,0.00017248075164388865,0.00014060629473533481
0,0,0.9995012283325195,0.00019585600239224732,0.00017930367903318256,0.00012362866254989058
1,1,0.00010293687228113413,0.9995947480201721,0.000161080650286749,0.00014116548118181527
0,0,0.9994025230407715,0.00012911907106172293,0.0003226516710128635,0.0001457117759855464
2,1,0.00016979417705442756,0.9995261430740356,0.00017690456297714263,0.00012717786012217402
0,0,0.9992953538894653,0.0003541238547768444,0.00022936526511330158,0.0001211283597513102
1,2,0.0002862161782104522,0.0012635774910449982,0.998219907283783,0.00023026404960546643
2,1,0.011725423857569695,0.9381626844406128,0.049850527197122574,0.0002614166587591171
2,0,0.9994804263114929,0.00016685757145751268,0.00022107313270680606,0.0001317134010605514
1,1,0.0001610011822776869,0.9995570778846741,0.00015521356544923037,0.0001266531035071239
0,0,0.9994694590568542,0.00014184504107106477,0.000240090157603845,0.00014860581723041832
1,1,0.00018380464462097734,0.9994601607322693,0.00022220307437237352,0.0001338001893600449
0,0,0.9994785189628601,0.00012049332144670188,0.00024947707424871624,0.00015152922424022108
2,2,0.12976208329200745,0.00037123000947758555,0.8691420555114746,0.0007246041786856949
1,2,0.00027873445651493967,0.00028611643938347697,0.9991375207901001,0.0002975713287014514
0,0,0.9994707703590393,0.0001194647848024033,0.00025189766893163323,0.00015792166232131422
2,1,8.941227861214429e-05,0.9993647933006287,0.0003572340647224337,0.000188594771316275
1,1,0.00010634493810357526,0.999592125415802,0.00015827121387701482,0.00014327248209156096
2,2,0.0006517980946227908,0.0002450279425829649,0.9988669157028198,0.00023621527361683547
0,0,0.999447762966156,0.00012838926340918988,0.00027611138648353517,0.00014780771743971854
2,1,8.252068073488772e-05,0.9995847344398499,0.00017775798914954066,0.00015506826457567513
1,1,0.00011154992535011843,0.9996050000190735,0.00014137211837805808,0.0001420497428625822
0,0,0.9994439482688904,0.00011367284605512396,0.00029143044957891107,0.00015091740351635963
0,0,0.9992865920066833,0.0003348510363139212,0.00021883321460336447,0.00015973395784385502
1,1,9.398245310876518e-05,0.9996113181114197,0.00016567109560128301,0.00012904781033284962
2,1,0.0001207581372000277,0.9996023774147034,0.0001583765697432682,0.00011859537335112691
1,1,0.00013327482156455517,0.9996008276939392,0.0001496102922828868,0.00011627662024693564
1,1,0.0009007206535898149,0.8837260007858276,0.11474042385816574,0.0006328797317110002
1,1,0.00025874815764836967,0.9988328814506531,0.000796775333583355,0.00011161066504428163
1,1,0.00013523879169952124,0.9995784163475037,0.00015827281458768994,0.00012815122317988425
2,2,0.0006715552299283445,0.0001874323352240026,0.9987500905990601,0.0003909264924004674
0,0,0.999460756778717,0.00011715317668858916,0.00027261278592050076,0.0001494808093411848
1,1,0.00014216729323379695,0.9975427389144897,0.0020494037307798862,0.00026567745953798294
0,0,0.9994864463806152,0.00010615689097903669,0.00026495865313336253,0.0001423483045073226
2,2,0.0002744283410720527,0.0003683016693685204,0.9990424513816833,0.0003148488176520914
1,1,8.729233377380297e-05,0.9996201992034912,0.00014831517182756215,0.00014413706958293915
2,2,0.00031446877983398736,0.0004050366405863315,0.9990363121032715,0.0002442833792883903
0,0,0.9994926452636719,0.00012098371371394023,0.0002363698004046455,0.00014990886847954243
1,1,0.23643094301223755,0.7620102167129517,0.0008013762417249382,0.0007574134506285191
0,0,0.9994308352470398,0.00013306675828061998,0.0002793992171064019,0.00015671619621571153
2,2,0.00039569527143612504,0.00026566811720840633,0.9990947246551514,0.00024399870017077774
2,2,0.0002886661677621305,0.0008459017844870687,0.9985793828964233,0.0002860389358829707
0,0,0.999506950378418,0.0001331209350610152,0.0002236788277514279,0.0001363347255392
1,1,0.00014474234194494784,0.9991762042045593,0.0005349935963749886,0.00014401039516087621
1,1,0.00010454766015755013,0.9996094107627869,0.00015692741726525128,0.00012915898696519434
2,2,0.00029634093516506255,0.0002577848208602518,0.9991625547409058,0.0002833392354659736
2,0,0.9888064861297607,0.00014253197878133506,0.010689619928598404,0.0003614136076066643
2,2,0.0006584149086847901,0.002885096939280629,0.9962777495384216,0.0001787327346391976
1,1,0.0001269954809686169,0.9995730519294739,0.0001715617545414716,0.0001283227320527658
2,0,0.999476969242096,0.00013898029283154756,0.000251686928095296,0.00013245211448520422
2,2,0.0003096346918027848,0.00025431846734136343,0.9991276860237122,0.00030831550247967243
1,1,0.001171570853330195,0.949586808681488,0.04887175187468529,0.0003697852953337133
0,0,0.9994962215423584,0.00011350926070008427,0.0002453736960887909,0.00014497579832095653
0,0,0.9994803071022034,0.00013192748883739114,0.00023610732750967145,0.0001516934426035732
1,1,0.00014711241237819195,0.9995591044425964,0.0001579630479682237,0.00013589543232228607
2,2,0.0008243306074291468,0.2658642828464508,0.7319288849830627,0.0013824300840497017
0,0,0.959830105304718,0.039286982268095016,0.00045637640869244933,0.00042643575579859316
1,1,0.00013164457050152123,0.9995507597923279,0.0001839556498453021,0.00013357773423194885
0,0,0.9994470477104187,0.00022494420409202576,0.00019867411174345762,0.0001292559172725305
1,1,0.00010679832485038787,0.9996157884597778,0.00014705468493048102,0.00013041749480180442
0,0,0.9994907379150391,0.00011972711217822507,0.00024257796758320183,0.0001469730632379651
2,2,0.00030665055965073407,0.0017949839821085334,0.9976966977119446,0.00020174063683953136
0,0,0.9994722008705139,0.00014406268019229174,0.0002482548588886857,0.00013540018699131906
1,1,0.0001239498524228111,0.9995686411857605,0.00017770343401934952,0.00012964683992322534
2,0,0.9994950294494629,0.0001493903255322948,0.00023255225096363574,0.00012296072964090854
0,0,0.9993916749954224,0.0001417171733919531,0.0003512690600473434,0.00011536775127751753
1,2,0.0003818390832748264,0.0002060158149106428,0.9990971088409424,0.00031508743995800614
2,1,0.00012354755017440766,0.9995668530464172,0.00018514697148930281,0.00012438645353540778
1,1,0.00015135033754631877,0.9995531439781189,0.0001540284138172865,0.00014138029655441642
0,0,0.9995023012161255,0.00010710276546888053,0.00025451311375945807,0.00013609169400297105
2,2,0.10118547081947327,0.18365786969661713,0.7139574885368347,0.0011990880593657494
1,1,0.0001029508639476262,0.9995647072792053,0.00019502779468894005,0.00013723436859436333
0,0,0.9991739392280579,0.0004526673292275518,0.00024580603349022567,0.00012746969878207892
1,1,0.00023158846306614578,0.9987615346908569,0.0008561341091990471,0.00015072910173330456
2,2,0.00026904200785793364,0.00029599873232655227,0.9989266991615295,0.0005083346040919423
0,0,0.9995136260986328,0.0001511693699285388,0.00022086889657657593,0.00011429006553953514
1,1,9.889625653158873e-05,0.9996111989021301,0.0001603185519343242,0.00012964359484612942
1,1,8.793867164058611e-05,0.9995729327201843,0.0001910834398586303,0.00014796416508033872
0,0,0.9994750618934631,0.00012092032557120547,0.00025473051937296987,0.00014936253137420863
0,0,0.9991376399993896,0.0005441689281724393,0.00020559981931000948,0.00011263578198850155
2,1,0.03552338853478432,0.7443581223487854,0.21972930431365967,0.0003891498490702361
0,0,0.9995243549346924,0.00011558736150618643,0.0002234064304502681,0.00013669500185642391
1,2,0.006413385272026062,0.10290854424238205,0.890201210975647,0.00047685104073025286
1,1,0.00011071405606344342,0.9996041655540466,0.00014793704031035304,0.00013716965622734278
2,2,0.0003935840795747936,0.0002886180009227246,0.9990975856781006,0.00022017120500095189
0,0,0.9994743466377258,0.00011688381346175447,0.0002637855941429734,0.0001450486743124202
0,0,0.9994699358940125,0.00010853333515115082,0.00028199312509968877,0.00013958274212200195
2,2,0.0004051870491821319,0.0002553225785959512,0.9990999698638916,0.0002395310439169407
1,1,9.914695692714304e-05,0.9996033310890198,0.0001554514019517228,0.0001419931504642591
0,0,0.9995111227035522,0.00011731203267117962,0.00023225809854920954,0.0001393473648931831
1,1,7.559084770036861e-05,0.9995001554489136,0.000281960004940629,0.0001423035719199106
2,2,0.0004086789267603308,0.0003248871071264148,0.9990527033805847,0.00021375469805207103
2,2,0.0013753074454143643,0.00018577018636278808,0.9981852173805237,0.0002537136897444725
0,0,0.9994631409645081,0.00012273421452846378,0.0002659937890712172,0.0001480982464272529
1,1,0.0002579395077191293,0.9993064403533936,0.00027494411915540695,0.0001607609010534361
3,0,0.993807852268219,0.005632160231471062,0.0003142205241601914,0.0002458220405969769
3,0,0.9994933605194092,0.00015356644871644676,0.00023830722784623504,0.00011472532787593082
0,0,0.9990519881248474,0.0006293198093771935,0.0002119919954566285,0.00010668567119864747
1,1,0.00011665955389617011,0.998762845993042,0.000900875311344862,0.0002196466230088845
2,2,0.00024686750839464366,0.0003157483588438481,0.9991477727890015,0.00028956716414541006
0,0,0.9995399713516235,0.00013738733832724392,0.00019885388610418886,0.0001237751275766641
0,1,0.00010014939471147954,0.999573290348053,0.0001805713982321322,0.00014599051792174578
1,1,7.527376874350011e-05,0.9994530081748962,0.0003369951155036688,0.0001347152137896046
2,1,0.00026365509256720543,0.9992408752441406,0.0003587153914850205,0.00013671373017132282
0,2,0.0004117173666600138,0.000260895089013502,0.9990555644035339,0.00027187331579625607
1,1,0.00013356433191802353,0.9995697140693665,0.0001588033337611705,0.0001378936431137845
0,0,0.9994971752166748,0.000116601018817164,0.0002505690499674529,0.00013566079724114388
1,1,9.57246811594814e-05,0.9995916485786438,0.0001729100476950407,0.0001398081221850589
2,0,0.9994149208068848,0.00017082529666367918,0.0002932240313384682,0.0001210289919981733
0,0,0.9993395209312439,0.00012047048221575096,0.00040396355325356126,0.00013606433640234172
2,0,0.9994658827781677,0.00010037699394160882,0.0003026867925655097,0.00013116371701471508
2,2,0.0010273664956912398,0.0002515172818675637,0.9985107779502869,0.00021027543698437512
1,2,0.0003301437245681882,0.0003460922453086823,0.9990468621253967,0.00027691127615980804
0,0,0.9994882345199585,0.00010611528705339879,0.0002673641429282725,0.00013825543283019215
1,2,0.4371553361415863,0.0028368737548589706,0.5593815445899963,0.000626281020231545
0,0,0.9994664788246155,0.00012291148595977575,0.00026765884831547737,0.00014306990487966686
2,1,0.0008977297111414373,0.9985597729682922,0.00043881518649868667,0.00010372816905146465
0,0,0.9995249509811401,9.998318273574114e-05,0.00024031630891840905,0.0001347200304735452
1,1,0.00010955983452731743,0.9995936751365662,0.00015811952471267432,0.00013874845171812922
0,0,0.9993634819984436,0.00011528805043781176,0.0004072290030308068,0.0001139907690230757
2,2,0.0003164253430441022,0.00027026707539334893,0.9991371035575867,0.0002761938376352191
1,1,9.356025111628696e-05,0.9996234178543091,0.00014874145563226193,0.00013429406681098044
1,1,5.664095078827813e-05,0.9993019104003906,0.0004606042930390686,0.00018082889437209815
0,0,0.9994292855262756,0.00012699818762484938,0.00029598528635688126,0.00014771000132896006
0,2,0.005002758931368589,0.0003796516393776983,0.9944076538085938,0.00021002738503739238
2,1,0.0002571734075900167,0.9994542002677917,0.00014538005052600056,0.00014321476919576526
1,1,0.00011642700701486319,0.9995962977409363,0.00015237907064147294,0.00013492365542333573
0,0,0.999483585357666,0.0002056143421214074,0.00020113556820433587,0.00010967562411678955
2,2,0.0012731564929708838,0.00034419132862240076,0.9981429576873779,0.00023964419960975647
1,1,9.392569336341694e-05,0.9996165037155151,0.00015195956802926958,0.00013760793081019074
0,0,0.9994931221008301,0.0001222269784193486,0.00024775060592219234,0.00013696803944185376
0,0,0.9994999170303345,0.0001250503701157868,0.00023564543516840786,0.00013935963215772063
2,0,0.99946528673172,0.00013174583727959543,0.00028088840190321207,0.0001219826444867067
1,1,0.00011976293899351731,0.9995781779289246,0.0001772079267539084,0.00012483268801588565
0,0,0.9994145631790161,0.0001400177861796692,0.00029837313923053443,0.00014707024092786014
2,0,0.9991218447685242,0.000167164922459051,0.0005710343248210847,0.00013997743371874094
1,1,0.00011011356400558725,0.9995710253715515,0.0001726677146507427,0.00014624283357989043
2,1,0.000135268724989146,0.999574601650238,0.00016171479364857078,0.0001284751488128677
0,0,0.9994968175888062,0.00014220108278095722,0.00022010337852407247,0.00014090968761593103
1,1,0.0049654459580779076,0.9945658445358276,0.0002590114891063422,0.00020978513930458575
3,2,0.004941225983202457,0.00035263574682176113,0.9944756627082825,0.0002305517700733617
2,2,0.0023472632747143507,0.21650433540344238,0.7804719805717468,0.000676342286169529
1,1,0.00032895704498514533,0.986354649066925,0.012974044308066368,0.00034245222923345864
0,0,0.9994433522224426,0.0001248288172064349,0.0002821922826115042,0.00014956090308260173
1,1,9.868352935882285e-05,0.999602735042572,0.0001561418903293088,0.00014257164730224758
2,2,0.00033591719693504274,0.0002544550516176969,0.9991353154182434,0.0002744020021054894
1,1,9.563048661220819e-05,0.9996188879013062,0.0001527813874417916,0.0001326555066043511
2,2,0.0016874151770025492,0.00037603144301101565,0.9977549910545349,0.00018152082338929176
0,0,0.9994615912437439,0.000138264789711684,0.00027809193124994636,0.00012211382272653282
3,0,0.999468982219696,0.0001479401544202119,0.0002479121903888881,0.00013513310113921762
1,1,0.0001530274166725576,0.9995390176773071,0.0001817815500544384,0.00012619361223187298
2,2,0.0004670784983318299,0.003923739772289991,0.9953756332397461,0.00023360551858786494
3,2,0.0002959003613796085,0.0005801829975098372,0.998889148235321,0.00023474845511373132
0,0,0.9994674324989319,0.00011603314487729222,0.000267007970251143,0.00014956080121919513
2,2,0.00031888679950498044,0.00022972321312408894,0.9991468191146851,0.0003045631747227162
1,1,0.00016050664999056607,0.9995563626289368,0.00015062579768709838,0.0001324577024206519
0,0,0.9568428993225098,0.04209791496396065,0.00069450493901968,0.00036462838761508465
2,1,8.765896200202405e-05,0.9995608925819397,0.00019519378838595003,0.00015616336895618588
0,0,0.9994733929634094,0.00011012507457053289,0.0002729028929024935,0.00014365428069140762
2,2,0.00039010762702673674,0.00146264280192554,0.997955322265625,0.0001919429050758481
0,0,0.9994471669197083,0.00011608680506469682,0.0002952578361146152,0.0001414677972206846
2,2,0.000356683594873175,0.0002541723079048097,0.9991078972816467,0.000281239568721503
0,0,0.9994829893112183,0.00011987859033979475,0.00025325664319097996,0.00014376708713825792
1,1,8.292972052004188e-05,0.9995720982551575,0.00020842725643888116,0.00013654165377374738
0,0,0.9995213747024536,0.00010855414438992739,0.00024257545010186732,0.00012751574104186147
0,0,0.9994251728057861,0.00027817991212941706,0.0001887285034172237,0.00010798140283441171
0,0,0.9995090961456299,0.00011006852582795545,0.00025294776423834264,0.00012792232155334204
2,0,0.8957552313804626,0.09970524162054062,0.004154890775680542,0.0003845932078547776
2,2,0.0002686950610950589,0.0004458280454855412,0.9990066885948181,0.000278897350654006
0,0,0.739855170249939,0.0019182878313586116,0.2575734257698059,0.0006531511899083853
0,1,0.000357062992407009,0.9993158578872681,0.00017933403432834893,0.00014766689855605364
1,1,8.696823351783678e-05,0.9995998740196228,0.00017947603191714734,0.00013372449029702693
2,2,0.0021269419230520725,0.000201814531465061,0.9974046349525452,0.0002665087522473186
2,2,0.0035136311780661345,0.0004888630355708301,0.9957373142242432,0.00026008833083324134
1,2,0.0004155695205554366,0.0002806507400237024,0.9990682005882263,0.0002356081095058471
0,0,0.9994986057281494,0.00012680159125011414,0.0002397377393208444,0.00013480566849466413
0,0,0.9994593262672424,0.00010820467286976054,0.00029359720065258443,0.00013891648268327117
2,0,0.9676423668861389,0.013818377628922462,0.018345478922128677,0.00019379005243536085
1,1,9.272295574191958e-05,0.9989799857139587,0.0007322486490011215,0.0001950926089193672
1,1,0.00011199695290997624,0.9995265007019043,0.0002289479598402977,0.0001326505735050887
2,1,0.00016960599168669432,0.9994595646858215,0.00020417847554199398,0.0001666246389504522
0,0,0.999476969242096,0.0001192856507259421,0.0002552039222791791,0.00014860254304949194
2,2,0.0006364330183714628,0.018983321264386177,0.9800727367401123,0.00030755193438380957
0,2,0.0010247646132484078,0.00025576347252354026,0.9984790682792664,0.00024050071078818291
1,2,0.000399100681534037,0.001331942854449153,0.9980663657188416,0.00020263461919967085
0,0,0.9995055198669434,0.00013638629752676934,0.00022086732496973127,0.00013715952809434384
2,2,0.0002998206182383001,0.00022404847550205886,0.9990766048431396,0.00039951762300916016
1,0,0.9995030164718628,0.0001463865046389401,0.0002120385761372745,0.0001384874776704237
1,1,9.123557538259774e-05,0.9995978474617004,0.00017734547145664692,0.0001335813431069255
2,2,0.0017360405763611197,0.21145115792751312,0.7861604690551758,0.0006523714400827885
0,0,0.9994481205940247,0.0001376621803501621,0.00028208462754264474,0.0001321278396062553
2,2,0.00025535275926813483,0.0003843643644358963,0.9990988969802856,0.00026139005785807967
0,0,0.9990885257720947,0.00017695208953227848,0.0006288075819611549,0.00010568308789515868
1,1,8.849734877003357e-05,0.9996088147163391,0.0001647444296395406,0.00013796584971714765
1,1,9.767426672624424e-05,0.9995146989822388,0.00025934141012839973,0.00012831951607950032
2,2,0.00045535521348938346,0.0002331000578124076,0.9990643858909607,0.0002472012129146606
0,1,0.004587887320667505,0.9949424862861633,0.00023001989757176489,0.0002395732153672725
2,0,0.9993220567703247,0.00012535178393591195,0.00041503735701553524,0.00013758038403466344
1,1,9.538015729049221e-05,0.9996175765991211,0.00015843109576962888,0.0001285528705921024
3,1,0.00011123400327051058,0.9995630383491516,0.00019336272089276463,0.0001323594624409452
2,2,0.0047030337154865265,0.0002749631821643561,0.9947695136070251,0.00025251705665141344
1,1,0.0001090863806894049,0.9995829463005066,0.0001718954008538276,0.00013611566100735217
0,0,0.9993637204170227,0.000325218919897452,0.00020242991740815341,0.00010860701149795204
0,0,0.9994286894798279,0.0002583731256891042,0.0001897973706945777,0.00012306119606364518
1,1,8.966779569163918e-05,0.9996128678321838,0.00016324463649652898,0.00013430966646410525
2,1,9.761153341969475e-05,0.999614953994751,0.00015316622739192098,0.00013431701518129557
0,0,0.9994914531707764,0.0001210074478876777,0.00023803600925020874,0.00014947770978324115
1,1,0.00013911095447838306,0.9995946288108826,0.00014799277414567769,0.00011829737923108041
2,1,8.563614392187446e-05,0.9995872378349304,0.00017852004384621978,0.00014861795352771878
3,1,9.453563689021394e-05,0.9995119571685791,0.00025614845799282193,0.00013741715520154685
0,0,0.9994704127311707,0.0001221272541442886,0.00025434602866880596,0.00015311573224607855
1,1,9.675516776042059e-05,0.9995951056480408,0.0001772176765371114,0.0001309204671997577
0,2,0.0025312656071037054,0.0002690760011319071,0.9970122575759888,0.00018747842113953084
1,2,0.0002157567796530202,0.0004243322182446718,0.9990265369415283,0.0003333157510496676
1,1,9.949421655619517e-05,0.999596893787384,0.00016913468425627798,0.00013452686835080385
2,1,0.00024541516904719174,0.9938259124755859,0.005696567241102457,0.00023203199089039117
0,2,0.0011803420493379235,0.000160087802214548,0.9983514547348022,0.00030811887700110674
1,2,0.0009009473724290729,0.0513555072247982,0.9473258256912231,0.0004177489608991891
0,0,0.9995030164718628,0.00013764927280135453,0.00023401087673846632,0.0001252988149644807
1,1,0.00010556804045336321,0.9995916485786438,0.0001556194038130343,0.00014717725571244955
0,0,0.999504804611206,0.00012100410094717517,0.00023350858828052878,0.00014063318667467684
1,1,9.847366891335696e-05,0.9995957016944885,0.00017269568343181163,0.00013306064647622406
2,2,0.00041939420043490827,0.0002976433024741709,0.9989722967147827,0.0003106574877165258
3,0,0.9994584918022156,0.0001337062130915001,0.00028295969241298735,0.0001248719054274261
1,1,9.378001414006576e-05,0.9995654225349426,0.00020226117339916527,0.00013859958562534302
0,0,0.999506950378418,0.00012463168241083622,0.00024191883858293295,0.00012649683048948646
2,2,0.00044372578850016,0.000329628586769104,0.9990065693855286,0.000220138332224451
2,1,0.0034202784299850464,0.9148959517478943,0.08125293999910355,0.0004308228672016412
0,0,0.9994972944259644,0.00012017598055535927,0.00023789217812009156,0.00014453695621341467
1,1,9.603309445083141e-05,0.999519944190979,0.00022378843277692795,0.0001602708944119513
2,1,0.0001923907402670011,0.9992921352386475,0.0003462526365183294,0.00016916458844207227
0,0,0.9994206428527832,0.00023375428281724453,0.00023044254339765757,0.0001152041950263083
1,1,9.545090142637491e-05,0.9996036887168884,0.00017377456242684275,0.0001271292712772265
1,1,0.0001369927340419963,0.9995540976524353,0.00017255482089240104,0.0001363385672448203
3,1,0.00010391910473117605,0.9995977282524109,0.000173783308127895,0.00012469530338421464
0,0,0.9994262456893921,0.00012007624172838405,0.0003354428627062589,0.0001182173436973244
2,2,0.00032086719875223935,0.0007517998456023633,0.9986942410469055,0.00023314105055760592
0,0,0.9485733509063721,0.0001779168815119192,0.050299450755119324,0.0009492795797996223
1,0,0.9991371035575867,0.00011562723375391215,0.0005935371736995876,0.00015374818758573383
2,0,0.961559534072876,0.0002060182305285707,0.037796325981616974,0.00043812268995679915
0,0,0.9994592070579529,0.0001322286407230422,0.00026533124037086964,0.00014324973744805902
1,2,0.0008221803000196815,0.0009808449540287256,0.9980498552322388,0.00014715064025949687
2,2,0.00027157319709658623,0.00029057663050480187,0.9991641044616699,0.0002737052855081856
1,1,9.892514208331704e-05,0.9996132254600525,0.00014366944378707558,0.00014417646161746234
0,0,0.999446451663971,0.00010675538942450657,0.00030680830241180956,0.0001399708417011425
1,1,9.783287532627583e-05,0.999567449092865,0.00018990610260516405,0.00014481504331342876
2,1,0.0001240220881300047,0.9995380640029907,0.00021946645574644208,0.0001184568609460257
0,0,0.9994646906852722,0.00010543128883000463,0.00029506569262593985,0.0001347998040728271
2,0,0.9974151849746704,0.00014466290303971618,0.0022641951218247414,0.00017589588242117316
1,0,0.8772730827331543,0.11835475265979767,0.003782967571169138,0.0005891923210583627
0,0,0.9994540810585022,0.00010984342225128785,0.0003016561677213758,0.0001344443007837981
1,1,0.00011201113375136629,0.9996091723442078,0.00014976729289628565,0.00012901233276352286
0,0,0.7160492539405823,0.28233450651168823,0.0007846671505831182,0.0008315895101986825
2,1,9.564422362018377e-05,0.9994688630104065,0.0002985425235237926,0.00013705447781831026
0,0,0.9962984919548035,0.003136242041364312,0.0003813240327872336,0.00018388050375506282
2,2,0.00036497836117632687,0.002038698410615325,0.9973996877670288,0.00019664823776111007
1,1,8.592216909164563e-05,0.9995713829994202,0.00021617811580654234,0.00012653454905375838
2,2,0.00031804729951545596,0.0004149895394220948,0.9990410208702087,0.00022588080901186913
0,0,0.9994563460350037,0.00011044860730180517,0.00028715093503706157,0.00014601646398659796
1,1,9.497557039139792e-05,0.9995847344398499,0.00019068902474828064,0.00012960456660948694
0,1,0.00013415362627711147,0.9995356798171997,0.000183675714652054,0.00014652230311185122
2,1,0.0011486029252409935,0.9522013068199158,0.04625536501407623,0.0003946414217352867
1,1,0.00011752753925975412,0.9995630383491516,0.00018759009253699332,0.00013173524348530918
1,1,8.849812002154067e-05,0.9996174573898315,0.00016836584836710244,0.00012556390720419586
2,2,0.0005352891166694462,0.00206022709608078,0.9972033500671387,0.00020113095524720848
0,1,0.0003661543596535921,0.999342143535614,0.00017242315516341478,0.00011924795398954302
2,2,0.00028178730281069875,0.0004105513507965952,0.9990052580833435,0.00030249994597397745
1,1,0.000104886268672999,0.9995747208595276,0.00018494001415092498,0.00013553746975958347
1,1,0.00011608860222622752,0.9995798468589783,0.00016540462092962116,0.00013874904834665358
1,0,0.9993372559547424,0.0003213822783436626,0.00024191329430323094,9.93623907561414e-05
0,0,0.9991641044616699,0.00025337585248053074,0.00045326005783863366,0.0001293218956561759
0,0,0.999322772026062,0.00020245577616151422,0.0003527463413774967,0.00012202760262880474
2,2,0.0003243157116230577,0.00021950286463834345,0.9990795850753784,0.00037657105713151395
1,1,0.0001105781047954224,0.9995895028114319,0.0001774986449163407,0.0001223404542542994
2,0,0.9987849593162537,0.00011177339183632284,0.0008946098387241364,0.00020861218217760324
2,2,0.00028259275131858885,0.0003888130304403603,0.9990594983100891,0.0002690318215172738
1,2,0.00045151636004447937,0.0007648591417819262,0.9985471367835999,0.00023645312467124313
0,0,0.9994760155677795,0.00011317987082293257,0.0002683256461750716,0.00014245681813918054
2,0,0.979680597782135,0.01928817853331566,0.0006282159010879695,0.00040302303386852145
2,2,0.03168673440814018,0.0007600130629725754,0.9670770168304443,0.00047619990073144436
0,0,0.9994776844978333,0.00014033436309546232,0.00024388420570176095,0.00013816340651828796
2,2,0.0002981296565849334,0.0002728485269472003,0.9991533756256104,0.000275624159257859
1,1,6.761643453501165e-05,0.9995960593223572,0.0001905653771245852,0.00014568411279469728
0,0,0.9993584752082825,0.00030172686092555523,0.00023032409080769867,0.0001094606559490785
2,2,0.00030805461574345827,0.00027309858705848455,0.9991403818130493,0.00027851975755766034
1,1,0.0004560277739074081,0.9992554783821106,0.0001603379350854084,0.0001281901350012049
0,0,0.9994574189186096,0.00011716932931449264,0.00029438085039146245,0.00013100123032927513
1,1,8.645484194858e-05,0.9995632767677307,0.0002257649612147361,0.00012457264529075474
2,0,0.9121864438056946,0.0006393929361365736,0.08678527921438217,0.0003888631472364068
0,0,0.9994686245918274,0.00013421065523289144,0.0002544093586038798,0.0001427756651537493
1,0,0.9504225254058838,0.001108915894292295,0.04820495843887329,0.0002635750570334494
0,0,0.9994326233863831,0.00015084519691299647,0.000285131623968482,0.0001314187829848379
2,2,0.0003258193319197744,0.0002905152505263686,0.9991284012794495,0.0002552166406530887
2,2,0.0003589279658626765,0.0002625181805342436,0.999131977558136,0.00024656715686433017
1,1,0.00022423823247663677,0.9994756579399109,0.0001695201062830165,0.0001305848709307611
0,0,0.9994255304336548,0.00011112994980067015,0.0003243955143261701,0.0001390020188409835
1,1,8.444837294518948e-05,0.9995551705360413,0.00020941474940627813,0.00015102536417543888
0,0,0.9994309544563293,0.00010679609113140032,0.00033738790079951286,0.00012482405873015523
2,2,0.00030190745019353926,0.00032635172829031944,0.9991368651390076,0.0002348201087443158
1,0,0.9994520545005798,0.00011851367162307724,0.0002895166981033981,0.0001399521279381588
0,0,0.999459445476532,0.00013069837586954236,0.0002657909644767642,0.00014410617586690933
2,2,0.11478457599878311,0.0005621187738142908,0.8838982582092285,0.0007551389280706644
0,0,0.9994813799858093,0.00012732326285913587,0.0002510848571546376,0.00014031400496605784
1,2,0.002088456181809306,0.18829478323459625,0.808956503868103,0.0006602346547879279
2,2,0.0002890801115427166,0.0003227893903385848,0.9990190267562866,0.00036918677506037056
2,2,0.00029799932963214815,0.0002687625528778881,0.9991567134857178,0.0002765550743788481
1,1,0.0001016141613945365,0.9995678067207336,0.0001910230639623478,0.00013957286137156188
0,0,0.9992654919624329,0.0002857529907487333,0.0003434462414588779,0.00010529152496019378
2,2,0.0023986943997442722,0.0004898306797258556,0.9969543218612671,0.00015714204346295446
1,2,0.0003001779259648174,0.000568352930713445,0.9989356398582458,0.00019575787882786244
0,0,0.9990730285644531,0.00011995690874755383,0.0006667340639978647,0.0001402481138939038
2,2,0.00048014926142059267,0.0002315779565833509,0.9990354776382446,0.00025272159837186337
0,0,0.999474823474884,0.000135067937662825,0.00024911999935284257,0.00014098024985287338
1,1,0.00011115238157799467,0.9995966553688049,0.0001583863777341321,0.00013381335884332657
0,0,0.9995217323303223,0.00012022763257846236,0.00021807609300594777,0.00013994173787068576
2,1,8.68045972310938e-05,0.9995208978652954,0.00023455980408471078,0.0001577661168994382
1,1,0.00012653166777454317,0.9995915293693542,0.00015631043061148375,0.0001256368268514052
1,1,0.00011094933142885566,0.9995841383934021,0.0001632692146813497,0.00014167945482768118
0,1,0.00014353363076224923,0.9995419979095459,0.00020585198944900185,0.00010861291957553476
2,2,0.00032872831798158586,0.0002980560821015388,0.9991220831871033,0.00025115744210779667
1,2,0.00041201640851795673,0.023670418187975883,0.9750680327415466,0.000849496282171458
2,2,0.00036515682586468756,0.00021235630265437067,0.999157190322876,0.00026526066358201206
0,0,0.9994714856147766,0.00011972524953307584,0.0002598012506496161,0.0001489344285801053
1,1,0.00012285517004784197,0.99956876039505,0.00016941726789809763,0.0001389320968883112
2,2,0.00034467517980374396,0.00033655372681096196,0.9990895986557007,0.000229220517212525
0,0,0.9994603991508484,0.00012160293408669531,0.0002777841000352055,0.00014027974975761026
0,0,0.9992009997367859,0.00017627584747970104,0.0005122582078911364,0.00011047611042158678
1,1,0.00011798544437624514,0.9995911717414856,0.00015343638369813561,0.00013739698624704033
2,2,0.00037397738196887076,0.0004661004350055009,0.9989593029022217,0.0002006240247283131
1,1,9.91595588857308e-05,0.9996054768562317,0.00015831815835554153,0.0001370482350466773
2,2,0.0002308793627889827,0.0004724352329503745,0.99899822473526,0.000298429251415655
0,0,0.9994478821754456,0.0001106898853322491,0.00030512482044287026,0.0001363331830361858
1,2,0.00032146036392077804,0.0002784141106531024,0.9991340041160583,0.0002661340113263577
1,1,8.230975799961016e-05,0.9995906949043274,0.00018184524378739297,0.00014517254021484405
0,0,0.9995012283325195,0.00012008228077320382,0.00024383136769756675,0.00013493787264451385
2,2,0.0002844452392309904,0.00030322468956001103,0.9991474151611328,0.00026494861231185496
1,1,0.00010185298015130684,0.998078465461731,0.0016213293420150876,0.0001983765250770375
0,0,0.999488353729248,0.00013722469157073647,0.00023269803205039352,0.00014173952513374388
0,0,0.9994552731513977,0.00011934916983591393,0.000276992010185495,0.00014841406664345413
1,1,0.0001193182251881808,0.9995792508125305,0.0001715726248221472,0.00012993489508517087
2,1,0.0071538095362484455,0.9802902340888977,0.012188092805445194,0.0003679092042148113
0,1,0.000245793373323977,0.9994398951530457,0.0001615297660464421,0.00015272707969415933
2,2,0.00031499104807153344,0.0002426830178592354,0.9991305470466614,0.0003116985608357936
2,2,0.000323839602060616,0.00028964722878299654,0.9991105198860168,0.0002759255876298994
2,2,0.00036473796353675425,0.0003425728064030409,0.9990757703781128,0.00021693069720640779
1,1,0.00010568487778073177,0.9995962977409363,0.0001600202958798036,0.00013804757327307016
0,1,0.00015739709488116205,0.9995651841163635,0.00015841990534681827,0.0001190529583254829
0,0,0.9977326393127441,9.05131091712974e-05,0.0020032646134495735,0.00017353500879835337
2,1,0.00017398469208274037,0.9981977343559265,0.0014408541610464454,0.0001874614681582898
1,1,9.36701035243459e-05,0.9995504021644592,0.00024015175586100668,0.0001156977959908545
0,0,0.9995040893554688,0.0001519968209322542,0.0002181498275604099,0.00012571692059282213
1,1,0.00013497266627382487,0.9990346431732178,0.0006591119454242289,0.0001712007069727406
2,2,0.00037903859629295766,0.0002117762778652832,0.9991171956062317,0.00029203479061834514
2,1,0.00010256084351567551,0.9995923638343811,0.00016244738071691245,0.00014260906027629972
2,0,0.9994451403617859,0.00010498944902792573,0.00032266604830510914,0.00012725527631118894
2,2,0.00027366032009012997,0.0003368438337929547,0.9991181492805481,0.0002712658897507936
0,0,0.9994655251502991,0.00010727771586971357,0.0002804824325721711,0.00014677508443128318
1,1,0.00011294513387838379,0.9995827078819275,0.00016313139349222183,0.00014121779531706125
2,2,0.000332373398123309,0.0003233483585063368,0.9990801811218262,0.0002640910097397864
2,2,0.000383194797905162,0.00027694590971805155,0.9991126656532288,0.00022716535022482276
2,0,0.9993403553962708,0.00011539439583430067,0.00041814270662143826,0.00012611165584530681
3,1,0.00011390573490643874,0.9977992177009583,0.0018356957007199526,0.0002510999038349837
0,1,9.903460886562243e-05,0.999581515789032,0.00014977071259636432,0.00016972685989458114
2,2,0.0003346670710016042,0.0007450008415617049,0.9987298846244812,0.00019042349595110863
1,1,0.00022874349087942392,0.9994161128997803,0.000208777652005665,0.0001464575616410002
1,0,0.9994250535964966,0.00014575451496057212,0.00029528760933317244,0.00013404364290181547
0,0,0.998195230960846,0.00012870703358203173,0.0015323103871196508,0.00014373351586982608
2,2,0.0005581523291766644,0.0003772795607801527,0.9988699555397034,0.0001946682168636471
2,2,0.0003238893114030361,0.0002810105215758085,0.9991476535797119,0.0002474973734933883
1,2,0.00023375505406875163,0.002012313110753894,0.9974320530891418,0.00032185279997065663
0,0,0.9994478821754456,0.00013714101805817336,0.00025862883194349706,0.0001563589321449399
1,1,0.000158584225573577,0.999543309211731,0.00015579734463244677,0.0001423395733581856
0,0,0.9994655251502991,0.00010068288975162432,0.00029567041201516986,0.00013814051635563374
2,0,0.9991217255592346,0.00012048374628648162,0.0006348917377181351,0.00012279787915758789
2,2,0.0005056135123595595,0.00034203656832687557,0.998875081539154,0.0002773173910100013
1,1,0.00011797796469181776,0.9995927214622498,0.0001525470579508692,0.0001367960503557697
0,0,0.9994702935218811,0.00012693060853052884,0.00026307706139050424,0.0001397209125570953
1,2,0.0002912740164902061,0.0003219555946998298,0.9991294741630554,0.0002571987279225141
2,2,0.0004110708541702479,0.023440757766366005,0.9755645990371704,0.0005834819166921079
0,0,0.9994799494743347,0.00013591420429293066,0.00024001573910936713,0.000144218560308218
0,0,0.7917641401290894,0.0016636193031445146,0.2059195190668106,0.0006527078803628683
1,1,0.00019050897390116006,0.9994059801101685,0.00025660512619651854,0.0001468682603444904
2,1,0.0005112462677061558,0.9988514184951782,0.0005402626120485365,9.703161049401388e-05
2,1,9.129467071034014e-05,0.9996168613433838,0.00015198411711025983,0.00013972714077681303
0,0,0.9994515776634216,0.00012972626427654177,0.0002919175021816045,0.00012676492042373866
1,1,0.0001472342701163143,0.9995450377464294,0.00017913413466885686,0.00012852207873947918
0,0,0.9993730187416077,0.00023400945065077394,0.000279490981483832,0.00011348811676725745
1,1,0.000179984635906294,0.9995457530021667,0.00016014989523682743,0.00011401526717236266
2,2,0.00034234250779263675,0.00028167336131446064,0.9990022778511047,0.0003736955695785582
1,2,0.0003153733559884131,0.0005081920535303652,0.9989456534385681,0.00023078903905116022
2,2,0.0004518990172073245,0.00029701917083002627,0.999009370803833,0.00024168199161067605
0,0,0.9994231462478638,0.00021273964375723153,0.00023111682094167918,0.00013304033200256526
0,0,0.9994767308235168,0.00011872949107782915,0.0002542333968449384,0.00015028838242869824
2,2,0.0006554191932082176,0.00036310229916125536,0.9987834095954895,0.00019805542251560837
1,1,8.586517651565373e-05,0.999599277973175,0.00016930678975768387,0.00014557944086845964
0,0,0.6640741229057312,0.0012700731167569757,0.33402445912361145,0.0006313505582511425
1,1,8.610229269834235e-05,0.9996141195297241,0.00015863601583987474,0.00014111667405813932
2,2,0.0004684674204327166,0.0003372706414666027,0.9989778995513916,0.0002163297322113067
1,1,0.000109779582999181,0.9995517134666443,0.0001698578125797212,0.00016865157522261143
2,2,0.00028188456781208515,0.0003698400396388024,0.9990984201431274,0.0002498876419849694
0,0,0.999488115310669,0.00019858851737808436,0.0001938826171681285,0.0001194697106257081
1,1,0.00010445989028085023,0.9995915293693542,0.00015695064212195575,0.0001470607821829617
2,2,0.0004925922839902341,0.0003582102945074439,0.9989283680915833,0.00022073410218581557
0,0,0.9994937181472778,0.0001122332105296664,0.0002774833410512656,0.00011654615082079545
2,2,0.00040813148370943964,0.00038626318564638495,0.9989948868751526,0.00021074386313557625
0,0,0.9994619488716125,0.00012286897981539369,0.0002747394610196352,0.00014041824033483863
1,0,0.9994807839393616,0.0001230400230269879,0.0002632351825013757,0.00013299434795044363
3,2,0.024701222777366638,0.001955093117430806,0.9729952812194824,0.0003483130712993443
3,2,0.0013741283910349011,0.05792084336280823,0.9402453899383545,0.00045963929733261466
1,1,0.00010809060768224299,0.9996100068092346,0.00014953721256460994,0.00013240760017652065
1,1,0.00010163342085434124,0.9996199607849121,0.00014806202671024948,0.00013032204878982157
0,0,0.9994893074035645,0.0001345801429124549,0.00024310102162417024,0.0001330071536358446
2,2,0.00044306274503469467,0.0005688535748049617,0.9987801909446716,0.00020797373144887388
2,1,0.000709872751031071,0.8999102711677551,0.09855663031339645,0.0008232794934883714
2,1,0.004822310991585255,0.9945684671401978,0.00041083950782194734,0.00019835797138512135
0,0,0.9994897842407227,0.00012346629227977246,0.0002513982472009957,0.00013528666750062257
1,0,0.9994284510612488,0.00012444565072655678,0.0002960468700621277,0.0001509954163338989
0,0,0.9994279742240906,0.00011325379455229267,0.00030668010003864765,0.0001520681835245341
2,1,8.519434777554125e-05,0.9996161460876465,0.00015546867507509887,0.0001431010168744251
1,1,0.00025044663925655186,0.9994425177574158,0.00015996440197341144,0.0001470350835006684
1,2,0.0003309061285108328,0.00021188377286307514,0.9989990592002869,0.00045810540905222297
0,0,0.9994922876358032,0.00012178925680927932,0.0002441670512780547,0.00014181797450874
1,1,0.0003906043421011418,0.99928218126297,0.0001863414654508233,0.000140898788231425
0,0,0.9994539618492126,0.00011770606215577573,0.0002761425857897848,0.00015215367602650076
2,0,0.9993098974227905,0.00037786999018862844,0.0001971603778656572,0.00011502248526085168
1,2,0.00021947859204374254,0.001453212695196271,0.9980216026306152,0.00030573466210626066
2,2,0.0014952135970816016,0.00018168786482419819,0.9980771541595459,0.00024596625007689
0,0,0.9994459748268127,0.00010977414785884321,0.00029517835355363786,0.00014895109052304178
2,2,0.000584051595069468,0.000212473634746857,0.9989905953407288,0.00021288375137373805
0,0,0.9994792342185974,0.00013028419925831258,0.00025191466556861997,0.00013861103798262775
1,1,8.570247882744297e-05,0.9995546936988831,0.0002107590262312442,0.0001488085399614647
2,2,0.0002991146466229111,0.0002481706324033439,0.9991644620895386,0.0002883011184167117
0,0,0.9994126558303833,0.00016760618018452078,0.0002918402024079114,0.00012783850252162665
0,0,0.9994567036628723,0.00013792092795483768,0.0002549795899540186,0.00015046808402985334
2,1,0.0001209747206303291,0.9995414018630981,0.00020595161186065525,0.000131680877530016
1,1,0.00022388935030903667,0.9995025396347046,0.00014019392256159335,0.00013332882372196764
0,0,0.999433696269989,0.00012211099965497851,0.0003134053840767592,0.00013065339589957148
0,0,0.9995057582855225,0.00013657036470249295,0.00021374296920839697,0.0001438831095583737
1,1,9.213096927851439e-05,0.9996108412742615,0.00016087829135358334,0.00013616462820209563
2,1,0.0001083702954929322,0.9994781613349915,0.0002887945738621056,0.0001247577165486291
2,0,0.9994267225265503,0.00012241820513736457,0.0003128575626760721,0.00013798217696603388
1,1,9.530772513244301e-05,0.9996046423912048,0.0001520306832389906,0.00014798931078985333
2,2,0.0003059225855395198,0.00024574354756623507,0.9990848302841187,0.0003634402237366885
3,0,0.9992094039916992,0.00029354591970331967,0.0003273289476055652,0.00016969619900919497
0,0,0.9995101690292358,0.00014003370597492903,0.00021378323435783386,0.00013606046559289098
1,1,0.00010722188017098233,0.9995809197425842,0.0001785143103916198,0.0001333012623945251
0,0,0.999514102935791,0.00011746194650186226,0.0002287247043568641,0.0001396356528857723
2,2,0.00034237411455251276,0.00028951861895620823,0.9991174340248108,0.0002506437595002353
1,0,0.9995102882385254,0.00011836379417218268,0.00023109927133191377,0.0001402118505211547
0,1,0.008148923516273499,0.991329550743103,0.0002706144587136805,0.00025086579262278974
0,0,0.9994576573371887,0.00011970203195232898,0.00027264366508461535,0.00015008370974101126
1,1,0.4659746289253235,0.5321664214134216,0.001009325496852398,0.0008496622322127223
2,2,0.0003869558859150857,0.00023157037503551692,0.9991227984428406,0.00025869294768199325
1,1,8.729985711397603e-05,0.9995691180229187,0.0002025174762820825,0.00014109120820648968
0,0,0.9993268251419067,9.065159247256815e-05,0.0004521486407611519,0.00013051139831077307
1,1,0.00012873741798102856,0.9995549321174622,0.00016327954654116184,0.00015297294885385782
0,0,0.9993640780448914,0.00025505368830636144,0.00027072682860307395,0.00011024205741705373
2,2,0.0008156096446327865,0.0014320285990834236,0.9975900650024414,0.0001623844145797193
2,2,0.000307685841107741,0.00024388164456468076,0.9991555213928223,0.0002929262991528958
0,0,0.9993896484375,0.0001039612980093807,0.00036647813976742327,0.00013994045730214566
1,2,0.000391800218494609,0.001697411760687828,0.9976933598518372,0.00021742862008977681
2,1,0.00180973787792027,0.8509777188301086,0.1462624967098236,0.0009499784791842103
1,1,0.0001670242054387927,0.9994857311248779,0.00017753169231582433,0.00016963016241788864
1,1,0.00041354738641530275,0.9992784857749939,0.00017220708832610399,0.0001357754081254825
2,0,0.9975094795227051,0.0009773081401363015,0.0013482460053637624,0.00016500316269230098
1,1,0.0034296184312552214,0.9957452416419983,0.0006291544996201992,0.00019596214406192303
0,0,0.9994633793830872,0.00011954413639614359,0.0002655361022334546,0.00015145989891607314
1,1,0.0009623560472391546,0.9986332058906555,0.00027798311202786863,0.0001263762533199042
0,0,0.9994605183601379,0.00013756545376963913,0.0002510925696697086,0.0001509232388343662
0,2,0.0035975228529423475,0.00029891583835706115,0.9959211349487305,0.00018233277660328895
1,1,0.0001252349466085434,0.9995740056037903,0.00016246562881860882,0.0001383965864079073
0,0,0.9977961778640747,0.00010828753147507086,0.0019507600227370858,0.00014489020395558327
0,0,0.9994866847991943,0.00011381591320969164,0.00025441593606956303,0.00014509611355606467
0,0,0.9994738698005676,0.0001157193910330534,0.00026924069970846176,0.00014117978571448475
2,2,0.00028494655271060765,0.00031240659882314503,0.9991393089294434,0.00026331093977205455
3,1,0.00010826135257957503,0.9994356036186218,0.0003288167645223439,0.00012724666157737374
0,2,0.0004747592902276665,0.0003380219859536737,0.9989044666290283,0.0002827368152793497
1,1,7.332091627176851e-05,0.9994465708732605,0.0003066080098506063,0.0001734705874696374
2,2,0.00024215498706325889,0.0010133726755157113,0.998460054397583,0.0002845318813342601
2,2,0.0002869780582841486,0.0004366579814814031,0.9990403056144714,0.00023601892462465912
0,0,0.9994959831237793,0.00011195082333870232,0.00024096062406897545,0.00015109246305655688
1,1,0.00011596053809626028,0.9995680451393127,0.00018414259830024093,0.00013181746180634946
2,2,0.0002963596489280462,0.00031288055470213294,0.9991494417190552,0.00024134434352163225
0,0,0.9995218515396118,0.0001158866289188154,0.0002296646125614643,0.00013270537601783872
1,1,8.813877502689138e-05,0.9995914101600647,0.00019272477948106825,0.00012773365597240627
2,1,0.00010036355524789542,0.9995293617248535,0.00021662037761416286,0.0001536616327939555
0,0,0.9993852376937866,0.0001106037016143091,0.0003701170498970896,0.00013392446271609515
1,1,0.0001278907002415508,0.9995765089988708,0.00015990941028576344,0.00013570145529229194
1,1,0.0011457439977675676,0.9748069643974304,0.02374548651278019,0.0003018142597284168
2,2,0.0002652835100889206,0.0009249529684893787,0.9985744953155518,0.00023518578382208943
0,0,0.9993810653686523,0.00010599447705317289,0.0003687399148475379,0.00014424006803892553
2,2,0.00040441271266900003,0.0003156467282678932,0.9989386200904846,0.0003412938676774502
1,1,0.0002939527912531048,0.9629194736480713,0.03620564937591553,0.0005809867288917303
0,2,0.014237334951758385,0.00032185830059461296,0.9851142168045044,0.0003266120620537549
0,0,0.999473512172699,0.00011421563976909965,0.000264833215624094,0.00014740973711013794
1,1,0.00012191519635962322,0.9995720982551575,0.00017922338156495243,0.00012677392805926502
0,0,0.9994595646858215,0.000122091340017505,0.0002744860539678484,0.00014383337111212313
2,2,0.0002442811382934451,0.0032089625019580126,0.9961292743682861,0.0004174979403614998
0,0,0.9995138645172119,0.00011768605327233672,0.0002342572552151978,0.00013415556168183684
1,1,0.00010636402294039726,0.9996188879013062,0.00014469838060904294,0.0001299893920077011
2,2,0.009885918349027634,0.002118305303156376,0.9877140522003174,0.00028168814606033266
0,1,0.00018064466712530702,0.998195230960846,0.0014654268743470311,0.00015878668637014925
1,1,8.11359568615444e-05,0.9992189407348633,0.0005110772326588631,0.00018884566088672727
0,0,0.9994639754295349,0.0001271945657208562,0.0002798895875457674,0.00012897723354399204
0,2,0.3977925181388855,0.000981060555204749,0.6007034778594971,0.0005229100352153182
1,1,9.624747326597571e-05,0.9995926022529602,0.00017017203208524734,0.00014092857600189745
0,0,0.9994404911994934,0.00012457348930183798,0.0002906630979850888,0.0001441661297576502
0,0,0.996080219745636,0.0029434640891849995,0.0008760165655985475,0.00010036818275693804
1,0,0.9979376792907715,0.00010446224041515961,0.0018262845696881413,0.00013161009701434523
1,1,0.00010205135913565755,0.9995982050895691,0.00016062238137237728,0.00013920740457251668
0,0,0.999471127986908,0.00011690416431520134,0.0002688153472263366,0.00014319163165055215
2,1,0.0005060926196165383,0.9989758729934692,0.00029384976369328797,0.00022419857850763947
1,1,6.705855776090175e-05,0.9993870258331299,0.00038753097760491073,0.0001583527191542089
0,0,0.9994663596153259,0.00011558859114302322,0.00027316759224049747,0.0001448717957828194
2,1,8.603645255789161e-05,0.9996159076690674,0.0001538316864753142,0.00014417065540328622
1,1,8.446896390523762e-05,0.9995730519294739,0.00018701500084716827,0.00015549872478004545
0,0,0.9994775652885437,0.0001576882932567969,0.00023078007507137954,0.0001339929149253294
1,1,0.01157369650900364,0.9872416257858276,0.0008453555055893958,0.0003392412036191672
0,0,0.999337375164032,0.00012201484787510708,0.0004098657809663564,0.0001307720667682588
3,1,0.00011003903637174517,0.9996091723442078,0.00014968946925364435,0.00013105185644235462
2,2,0.0011400554794818163,0.04318375512957573,0.955145001411438,0.0005311405984684825
0,0,0.9994286894798279,0.00012275422341190279,0.00030833398341201246,0.00014023958647157997
2,2,0.00033270445419475436,0.00027364364359527826,0.9991230368614197,0.0002706522063817829
1,1,0.00011409578291932121,0.9995908141136169,0.00016043947834987193,0.0001346723729511723
0,0,0.9994832277297974,0.0001425782684236765,0.0002366490662097931,0.00013757370470557362
1,1,0.00016123340174090117,0.9982799291610718,0.0013653099304065108,0.00019354945106897503
2,2,0.0003311506879981607,0.0003210939175914973,0.9991111159324646,0.0002366530243307352
2,2,0.0002626274945214391,0.00036523884045891464,0.9991095662117004,0.0002625458291731775
1,2,0.00035152872442267835,0.001079101930372417,0.9982851147651672,0.0002842352550942451
0,0,0.8124276399612427,0.1543511301279068,0.03270476683974266,0.0005164726753719151
2,2,0.0004112707683816552,0.00035702227614820004,0.9990265369415283,0.0002051821065833792
0,0,0.9995520710945129,0.00011115961387986317,0.00019394994887989014,0.00014274400018621236
1,1,0.00011614566028583795,0.9995649456977844,0.00017883213877212256,0.00014002429088577628
0,0,0.9995036125183105,0.00011694320710375905,0.00025237916270270944,0.00012704479740932584
2,2,0.0004930855939164758,0.0002889717579819262,0.9989798665046692,0.0002379439101787284
1,1,0.0001012449647532776,0.9996090531349182,0.00016658107051625848,0.0001230525376740843
0,0,0.9994152784347534,0.00015567343507427722,0.0003181215433869511,0.00011096445814473554
2,2,0.00038901937659829855,0.000799116212874651,0.9985890984535217,0.00022278442338574678
1,1,0.00012864424206782132,0.9995548129081726,0.00017198649584315717,0.0001445389207219705
3,2,0.0004548054130282253,0.00023555761436000466,0.9990721940994263,0.0002373507886659354
1,1,0.00011378864292055368,0.999576985836029,0.00017794623272493482,0.0001313247630605474
0,0,0.999479353427887,0.00010710152855608612,0.00027377830701880157,0.00013976563059259206
1,1,0.000112127949250862,0.9995824694633484,0.00016459169273730367,0.00014080032997298986
2,2,0.000574229343328625,0.00016861563199199736,0.9989174604415894,0.000339689664542675
0,2,0.00036970883957110345,0.0002394738985458389,0.9991034865379333,0.00028730923077091575
2,2,0.00028542126528918743,0.0005234372802078724,0.9989462494850159,0.00024489135830663145
1,1,0.00011590585199883208,0.9991043210029602,0.0006285750423558056,0.0001511894806753844
0,2,0.004496410954743624,0.0010106388945132494,0.9943207502365112,0.00017222660244442523
0,1,0.0002707808744162321,0.9969379901885986,0.0026173372752964497,0.00017391548317391425
1,2,0.0002654804557096213,0.003064702730625868,0.9964181184768677,0.00025175054906867445
0,0,0.999496579170227,0.00010779732838273048,0.00024836609372869134,0.00014732361887581646
0,0,0.9994552731513977,0.0001182891137432307,0.0002806888078339398,0.00014575071691069752
1,2,0.00024398608366027474,0.0008527504396624863,0.9986534118652344,0.0002499340916983783
2,2,0.0003106396470684558,0.0002477698144502938,0.999150276184082,0.00029125649598427117
2,2,0.00023330491967499256,0.0008683826890774071,0.9985719919204712,0.0003262956743128598
0,2,0.011028052307665348,0.000767352117691189,0.9879837036132812,0.00022093606821727008
1,1,0.00011192156671313569,0.9996227025985718,0.00013768374628853053,0.0001276149123441428
1,1,0.00015455626999028027,0.99955815076828,0.00016448978567495942,0.0001227622851729393
2,2,0.0003041512973140925,0.0006076146382838488,0.9988362193107605,0.00025203655241057277
0,1,0.00010302114969817922,0.9996015429496765,0.00016141451487783343,0.00013410324754659086
1,1,9.673523163655773e-05,0.9996131062507629,0.00015184561198111624,0.00013839987514074892
0,2,0.00043116550659760833,0.0033746964763849974,0.9960017800331116,0.00019241819973103702
2,2,0.0004451244603842497,0.0002752451109699905,0.9990284442901611,0.00025108864065259695
1,1,9.084155317395926e-05,0.9996060729026794,0.00015618516772519797,0.00014693857519887388
2,2,0.00026992728817276657,0.00030211545526981354,0.9991378784179688,0.000290048512397334
0,0,0.9994864463806152,0.00010432326962472871,0.00026954521308653057,0.00013963926176074892
1,1,0.0001221614656969905,0.9995941519737244,0.0001276158873224631,0.00015607565001118928
0,0,0.9994875192642212,0.0001249901542905718,0.00024028671032283455,0.00014709893730469048
2,2,0.0008247847435995936,0.0003648929705377668,0.9986094236373901,0.00020090158795937896
2,2,0.00028446700889617205,0.0003231063310522586,0.9991381168365479,0.00025436116266064346
1,1,8.3339044067543e-05,0.9996090531349182,0.00016271740605589002,0.00014488572196569294
0,0,0.9789938926696777,0.012416604906320572,0.008280026726424694,0.0003095228166785091
2,2,0.00022721310961060226,0.0005329539999365807,0.9989216327667236,0.000318288744892925
0,0,0.9993239641189575,0.0001674575760262087,0.00039316690526902676,0.00011546129826456308
1,2,0.0007326060440391302,0.0002226393553428352,0.9988358616828918,0.00020882683747913688
2,1,0.11420314759016037,0.8827564120292664,0.0015776511281728745,0.0014628492062911391
1,2,0.000275275728199631,0.0003100709873251617,0.9991509914398193,0.0002636442077346146
0,2,0.0007692145882174373,0.0002291184791829437,0.9987372756004333,0.0002644380438141525
1,1,8.863989933161065e-05,0.999602735042572,0.000164052500622347,0.0001445899688405916
0,0,0.9994901418685913,0.0001110235825763084,0.00026342927594669163,0.00013534375466406345
2,2,0.0018090163357555866,0.00024698441848158836,0.9977408647537231,0.00020316326117608696
2,2,0.00029639480635523796,0.0002212549588875845,0.9991507530212402,0.00033162839827127755
1,1,0.00010213499626843259,0.9996029734611511,0.00015609205001965165,0.0001387886586599052
0,0,0.9995018243789673,0.00011346249812049791,0.0002443170524202287,0.0001403842179570347
0,0,0.999373733997345,0.00010011364793172106,0.00039992580423131585,0.00012627484102267772
1,1,0.00011972446372965351,0.9996002316474915,0.00015839404659345746,0.00012170812988188118
2,0,0.9993945360183716,0.0001649606419960037,0.0003211313742212951,0.00011936571536352858
1,1,7.81471244408749e-05,0.9991711378097534,0.0006017510895617306,0.00014905619900673628
0,0,0.9994982481002808,0.00011092214117525145,0.0002683748898562044,0.0001224706502398476
2,2,0.0005675054271705449,0.014405665919184685,0.9846833348274231,0.00034349210909567773
1,0,0.9995158910751343,0.0001302418822888285,0.00023053440963849425,0.00012326469004619867
0,0,0.9995077848434448,0.00010466822277521715,0.0002545547904446721,0.00013301506987772882
2,2,0.0003262324316892773,0.0003154751320835203,0.9991070628166199,0.00025120805366896093
1,1,0.00013097262126393616,0.9994707703590393,0.0002624016779009253,0.00013587511784862727
0,0,0.9994897842407227,0.00012425250315573066,0.0002402352256467566,0.00014574879605788738
2,2,0.0003973242419306189,0.003970094956457615,0.9953893423080444,0.00024330230371560901
0,0,0.9994857311248779,0.00016701847198419273,0.00022751106007490307,0.00011976133828284219
1,1,9.7965108579956e-05,0.9996048808097839,0.000165774195920676,0.00013146412675268948
2,2,0.00041450129356235266,0.005468144081532955,0.99382084608078,0.00029646584880538285
0,0,0.999386191368103,0.00028779779677279294,0.0002084916632156819,0.00011749083205359057
1,1,0.001541594392620027,0.9980899691581726,0.00021387889864854515,0.00015457067638635635
2,2,0.00040092304698191583,0.00035400065826252103,0.999002993106842,0.00024204442161135375
1,1,0.00021209260739851743,0.9994450211524963,0.00020108139142394066,0.00014177583216223866
0,0,0.9994379878044128,0.00017249659867957234,0.00028467262745834887,0.00010490063868928701
2,2,0.0005846034036949277,0.00022982760856393725,0.9989995360374451,0.00018607676611281931
0,1,0.08771036565303802,0.9095970988273621,0.002278527244925499,0.00041397279710508883
2,1,9.238641359843314e-05,0.999596893787384,0.00018444810120854527,0.00012637002510018647
2,2,0.004690848756581545,0.004442146979272366,0.9906973838806152,0.00016971743025351316
1,1,0.0001000016272882931,0.9996140599250793,0.0001576868089614436,0.00012839287228416651
0,0,0.9989720582962036,0.0007333948742598295,0.00016827831859700382,0.00012632379366550595
2,2,0.19209204614162445,0.00039693276630714536,0.8061572313308716,0.0013537821359932423
2,2,0.0004967733402736485,0.00023658471764065325,0.9990437626838684,0.0002229168894700706
0,0,0.9994401335716248,0.00012709877046290785,0.00029400482890196145,0.0001386599469697103
1,1,0.00015227784751914442,0.9995354413986206,0.000181326933670789,0.00013093101733829826
1,1,0.0001196376615553163,0.9996045231819153,0.00014771433779969811,0.00012804291327483952
0,1,0.00013341271551325917,0.9995496869087219,0.0001705577305983752,0.0001463578810216859
2,1,0.00011601804726524279,0.9995699524879456,0.00017238483997061849,0.00014170595386531204
2,2,0.00027402822161093354,0.00030110898660495877,0.9991445541381836,0.00028027259395457804
0,0,0.9994619488716125,0.00010835758439498022,0.00028941521304659545,0.00014027929864823818
1,1,0.00011336147144902498,0.9995627999305725,0.00019092048751190305,0.000132869477965869
0,0,0.9994655251502991,0.00013148027937859297,0.00025689322501420975,0.0001461009815102443
2,2,0.016959957778453827,0.0003369215701241046,0.9823856949806213,0.00031752133509144187
1,1,0.00011077438830398023,0.9995881915092468,0.00017186222248710692,0.00012911585508845747
2,2,0.0003468050272203982,0.00023303904163185507,0.9991344809532166,0.00028569725691340864
1,1,0.00010960212966892868,0.9995123147964478,0.00020172954828012735,0.00017629412468522787
0,0,0.9993574023246765,0.00010283081064699218,0.00041533479816280305,0.00012448130291886628
0,0,0.9995052814483643,0.00012815896479878575,0.00024274717725347728,0.00012386600428726524
2,0,0.9981212019920349,0.001352353603579104,0.00038113174377940595,0.00014525996812153608
1,1,9.912497625919059e-05,0.9995599389076233,0.0002107446634909138,0.00013016132288612425
0,0,0.9994696974754333,0.00017160292190965265,0.00022239855024963617,0.00013628974556922913
1,1,8.00447742221877e-05,0.9995507597923279,0.0002131843939423561,0.0001560011733090505
2,2,0.012532000429928303,0.0005294177681207657,0.9866601228713989,0.00027849365142174065
0,0,0.9994568228721619,0.00011867834109580144,0.0002773489977698773,0.00014718534657731652
2,0,0.9994275569915771,0.00018877972615882754,0.0002699398319236934,0.00011370547144906595
1,1,8.053521742112935e-05,0.9995031356811523,0.00024921642034314573,0.00016699811385478824
1,1,0.00014667626237496734,0.9995587468147278,0.00017137844406533986,0.0001231743226526305
0,0,0.9994673132896423,0.00011923354031750932,0.0002556723484303802,0.00015778413217049092
1,1,0.00011089690815424547,0.9995835423469543,0.00017526747251395136,0.0001302068558288738
2,1,8.054969657678157e-05,0.9995580315589905,0.00021823942370247096,0.00014309883408714086
1,1,9.175513696391135e-05,0.999616265296936,0.0001578877418069169,0.00013411340478342026
0,0,0.9995030164718628,0.00011321380588924512,0.00024520387523807585,0.00013851112453266978
1,1,0.00013187259901314974,0.999553382396698,0.0001747473143041134,0.0001400137261953205
2,2,0.0002819562505465001,0.0003183561784680933,0.9991046786308289,0.0002949911868199706
0,2,0.4048149585723877,0.0002842480898834765,0.593588650226593,0.001312100444920361
0,0,0.9994798302650452,0.000103471647889819,0.0002788868441712111,0.00013781485904473811
1,1,9.357547241961583e-05,0.9996069073677063,0.00016513641458004713,0.00013441125338431448
2,2,0.0026152136269956827,0.0029667324852198362,0.9942670464515686,0.00015108812658581883
0,1,0.00030968000646680593,0.9994015693664551,0.00017899571685120463,0.00010973744065267965
0,0,0.9994335770606995,0.00011235903366468847,0.0003214540483895689,0.00013257830869406462
1,1,0.00010117080091731623,0.9996153116226196,0.00014919386012479663,0.00013426736404653639
2,1,8.480011456413195e-05,0.9995937943458557,0.00016538531053811312,0.00015597484889440238
3,0,0.9993820190429688,8.700553007656708e-05,0.0004014903970528394,0.0001294902031077072
0,0,0.9994778037071228,0.0001098109278245829,0.00026134110521525145,0.00015113814151845872
0,2,0.00048121780855581164,0.0002648601948749274,0.9990206956863403,0.00023313188285101205
3,0,0.9955989122390747,0.00033082757727243006,0.003945311531424522,0.0001248708285856992
1,1,0.00011665331112453714,0.999563992023468,0.0001850613480200991,0.00013427557132672518
1,1,0.00013423246855381876,0.9995710253715515,0.00015280598017852753,0.00014186323096510023
2,2,0.00033692573197185993,0.00035039809881709516,0.999077558517456,0.00023509119637310505
0,0,0.9994565844535828,0.00012231334403622895,0.0002754885936155915,0.00014570157509297132
0,0,0.9994768500328064,0.0001212876959471032,0.0002559004060458392,0.0001459989871364087
0,0,0.9988034963607788,0.0002841890091076493,0.0008270214893855155,8.529792830813676e-05
1,1,9.299415978603065e-05,0.9995855689048767,0.0001879735937109217,0.00013351626694202423
0,0,0.9994627833366394,0.00011326583626214415,0.00026844238163903356,0.0001555116759845987
1,1,0.00012714153854176402,0.9991482496261597,0.0005545288440771401,0.000170035709743388
2,2,0.0003643309173639864,0.0002464975987095386,0.9990730285644531,0.00031614836188964546
0,2,0.000679271703120321,0.00021723710233345628,0.9988605976104736,0.00024280841171275824
1,0,0.9976685643196106,0.0014936760999262333,0.0006530358805321157,0.0001846244849730283
2,1,0.00012168810644652694,0.9995816349983215,0.00016927167598623782,0.00012737525685224682
1,2,0.0005254913121461868,0.0003213688905816525,0.9989344477653503,0.00021867539908271283
2,0,0.9726778268814087,0.0008254371350631118,0.026203753426671028,0.0002929838083218783
2,2,0.00040426780469715595,0.000463746051536873,0.9989264607429504,0.0002054440847132355
1,1,0.00010598131484584883,0.9996077418327332,0.00015050674846861511,0.00013578892685472965
0,0,0.999453604221344,0.0001672930084168911,0.0002392041787970811,0.00013989390572533011
2,0,0.9994539618492126,0.00011941072443732992,0.0002947767497971654,0.00013181724352762103
1,2,0.0004446544626262039,0.00020248471992090344,0.9991090893745422,0.00024375684733968228
2,2,0.0008120761485770345,0.0002545365714468062,0.998752236366272,0.00018108276708517224
0,2,0.12581637501716614,0.00047578674275428057,0.873067319393158,0.0006405238527804613
0,1,0.04640354961156845,0.9452300667762756,0.006743561942130327,0.0016227768501266837
2,1,0.001425258000381291,0.8716957569122314,0.12627601623535156,0.0006029994692653418
1,2,0.0003063569311052561,0.0008688535890541971,0.998591959476471,0.000232779944781214
1,1,0.00015259724750649184,0.9994925260543823,0.00020045985002070665,0.00015438394621014595
0,0,0.9994627833366394,0.00014638801803812385,0.00024702094378881156,0.0001438135514035821
2,2,0.38868507742881775,0.0012556271394714713,0.6094258427619934,0.0006334228091873229
2,2,0.0003173027071170509,0.00021812076738569885,0.9991623163223267,0.0003022902528755367
0,0,0.9995197057723999,9.625862730899826e-05,0.0002485658915247768,0.00013552678865380585
1,1,0.00010939109051832929,0.9995342493057251,0.0001686996256466955,0.0001877122704172507
0,0,0.9992145299911499,0.0003772441705223173,0.00026697706198319793,0.00014128172188065946
2,2,0.00034001871244981885,0.0002667323569767177,0.9991395473480225,0.0002536459651309997
1,2,0.0002291526470798999,0.0021187367383390665,0.9973517656326294,0.0003003649471793324
0,2,0.0012126244837418199,0.00041914451867341995,0.9982300400733948,0.00013818504521623254
1,1,0.00012720435915980488,0.9903777837753296,0.008996683172881603,0.0004983837716281414
0,0,0.9994687438011169,0.0001403875940013677,0.0002484650758560747,0.00014242250472307205
0,0,0.9631631970405579,0.0003994700382463634,0.03615809604525566,0.000279273052001372
2,2,0.0008352493168786168,0.012801997363567352,0.9860944747924805,0.0002683628408703953
1,1,0.00010534019384067506,0.9996016621589661,0.0001545360282761976,0.00013847844093106687
2,1,0.0002148075873265043,0.9995123147964478,0.00015104710473679006,0.00012177311873529106
1,1,0.0033139565493911505,0.9962067604064941,0.00024284787650685757,0.0002364040701650083
3,0,0.9994161128997803,0.00012400765263009816,0.00031699371174909174,0.00014289729006122798
0,0,0.9994731545448303,0.00012419298582244664,0.0002646152279339731,0.0001380214816890657
1,1,0.0003351888444740325,0.9993010759353638,0.00022186872956808656,0.00014182829181663692
2,2,0.00038416089955717325,0.0002505109296180308,0.999106228351593,0.00025914720026776195
1,1,8.871755562722683e-05,0.9995505213737488,0.00020555125956889242,0.00015508485375903547
2,2,0.00038861908251419663,0.001194742158986628,0.9981845021247864,0.0002320839266758412
0,0,0.9994900226593018,0.0001176187361124903,0.00023833212617319077,0.0001540560188004747
1,1,0.00011441964306868613,0.999591052532196,0.0001537360658403486,0.0001408198004355654
0,0,0.9995074272155762,0.0001163173365057446,0.00023221694573294371,0.0001440729683963582
0,0,0.9994981288909912,0.00011879196244990453,0.00023953535128384829,0.00014354706218000501
2,0,0.9992942810058594,0.00010723162267822772,0.0004536127089522779,0.00014480073878075927
2,2,0.0004292340308893472,0.0003183807712048292,0.998981773853302,0.00027061760192736983
1,1,0.00013090608990751207,0.9995748400688171,0.00014741174527443945,0.0001467852562200278
1,1,0.00045879793469794095,0.998588502407074,0.000796267471741885,0.00015646603424102068
0,0,0.9994361996650696,0.00012512016110122204,0.0002914599026553333,0.00014719563478138298
2,2,0.000387080101063475,0.00022256669763009995,0.9990861415863037,0.00030422103009186685
1,1,8.046338916756213e-05,0.9995951056480408,0.0001822510821511969,0.00014214590191841125
2,2,0.001714704092592001,0.00024544241023249924,0.9978025555610657,0.0002372407034272328
0,2,0.018397681415081024,0.00045063780271448195,0.9807571172714233,0.0003945946227759123
0,0,0.99947589635849,0.00012390488700475544,0.00025864026974886656,0.00014150922652333975
2,2,0.00036294860183261335,0.00037477261503227055,0.998993456363678,0.00026884092949330807
1,1,0.0001114203259930946,0.9995983242988586,0.00015798219828866422,0.00013228791067376733
2,0,0.9993526339530945,0.00020182027947157621,0.0003281989193055779,0.0001172905249404721
1,1,0.0002583442546892911,0.9993789196014404,0.00017300767649430782,0.0001896180328913033
0,0,0.9994359612464905,0.00010738980199676007,0.00032495876075699925,0.00013170152669772506
0,0,0.9994456171989441,0.00012260748189873993,0.00028290264890529215,0.00014888386067468673
2,2,0.00030901143327355385,0.00026968782185576856,0.9991506338119507,0.0002707087551243603
1,1,0.00010408837260911241,0.9996040463447571,0.00015210917626973242,0.00013979346840642393
2,0,0.9993044137954712,0.00010015521547757089,0.0004730377404484898,0.00012234908354002982
1,2,0.00020010792650282383,0.0017039907397702336,0.997660756111145,0.00043509816168807447
0,0,0.9994828701019287,0.00010858423047466204,0.0002709118998609483,0.0001375903229927644
1,1,0.00014674459816887975,0.99956876039505,0.00016763444000389427,0.00011689842358464375
2,2,0.0015987055376172066,0.000225465017138049,0.9979544878005981,0.00022138285567052662
0,0,0.999462902545929,0.00012567841622512788,0.00025989740970544517,0.00015161676856223494
1,1,0.0002053617063211277,0.9995216131210327,0.0001449852716177702,0.00012805097503587604
0,0,0.9994530081748962,0.00016028569370973855,0.0002420977980364114,0.00014466028369497508
2,1,0.00066450732992962,0.9769261479377747,0.022005116567015648,0.00040427560452371836
1,1,9.441551083000377e-05,0.9994974136352539,0.0002570190408732742,0.0001510830334154889
2,1,6.864905299153179e-05,0.9990361928939819,0.0007065715617500246,0.00018860091222450137
0,0,0.9994826316833496,0.0001198376266984269,0.0002504631702322513,0.0001470122515456751
2,2,0.0004531293816398829,0.00023159106785897166,0.9990575909614563,0.0002576906408648938
0,0,0.9994805455207825,0.00012620814959518611,0.0002531043719500303,0.00014022225514054298
1,1,9.351383050670847e-05,0.9996144771575928,0.00015271063602995127,0.000139259995194152
0,0,0.9994762539863586,0.00011538367107277736,0.0002558629494160414,0.00015258121129591018
2,0,0.9986059069633484,0.00019248941680416465,0.0011055449722334743,9.609388507669792e-05
1,1,0.00017566945462021977,0.9994874000549316,0.00022544487728737295,0.00011135358363389969
1,2,0.01426934078335762,0.03307938948273659,0.9523605704307556,0.0002906326553784311
2,2,0.0005035362555645406,0.00023534752835985273,0.9989734888076782,0.00028769264463335276
0,0,0.9994648098945618,0.00012361837434582412,0.00026607539621181786,0.00014559026749338955
1,1,0.014989787712693214,0.9796854853630066,0.0027461957652121782,0.002578555140644312
0,0,0.9994520545005798,0.00010784403275465593,0.0002923049032688141,0.00014787743566557765
2,2,0.0004571385798044503,0.00022905852529220283,0.9990749359130859,0.00023892436001915485
0,0,0.9995019435882568,0.0001633444189792499,0.00019520199566613883,0.000139519470394589
1,1,0.00017300748731940985,0.9995465874671936,0.00015628999972250313,0.00012403119762893766
2,0,0.7149128913879395,0.28240126371383667,0.001574819441884756,0.001110940589569509
2,2,0.0007159559172578156,0.0003609638661146164,0.9987251162528992,0.00019793077080976218
3,0,0.9994865655899048,0.0001232211070600897,0.00024461993598379195,0.0001455237652407959
1,1,0.00010200814722338691,0.9996114373207092,0.00014740954793523997,0.0001391406258335337
2,2,0.030424026772379875,0.0003718349034897983,0.9688212871551514,0.00038281717570498586
2,2,0.00031191238667815924,0.00027977596619166434,0.9991506338119507,0.0002575883409008384
1,1,9.677983325673267e-05,0.9996039271354675,0.00015193461149465293,0.00014743220526725054
2,2,0.0004300832806620747,0.00020421523367986083,0.9990991353988647,0.00026662362506613135
1,1,0.00013546562695410103,0.9995242357254028,0.00021480930445250124,0.00012552562111523002
0,0,0.9994827508926392,0.00010862325871130452,0.00027835520450025797,0.0001302152086282149
0,0,0.9994890689849854,0.00012753593910019845,0.00024380582908634096,0.00013959594070911407
0,0,0.9994364380836487,0.0001273489760933444,0.0003119852626696229,0.00012411738862283528
1,2,0.00028330986970104277,0.0010161132086068392,0.9984979629516602,0.00020268977095838636
0,0,0.9991562366485596,0.0005404289695434272,0.00018037472909782082,0.0001230538182426244
0,1,0.000422894605435431,0.9992766976356506,0.00018906110199168324,0.00011141804861836135
1,1,0.0001224886509589851,0.9996013045310974,0.00015158440510276705,0.00012469172361306846
0,0,0.9994531273841858,0.00011326312232995406,0.0003040548472199589,0.000129573410958983
2,2,0.0002987573097925633,0.00033648250973783433,0.9991039633750916,0.0002608211652841419
1,1,9.254430915461853e-05,0.9996050000190735,0.0001685700408415869,0.00013393627887126058
2,2,0.00042861964902840555,0.0004959622165188193,0.9988555908203125,0.00021973196999169886
0,0,0.9994650483131409,0.00012568874808494002,0.00027984502958133817,0.00012941354361828417
1,1,0.0005235704593360424,0.9990660548210144,0.00024710356956347823,0.00016327176126651466
1,1,8.348489791387692e-05,0.99960857629776,0.0001672072830842808,0.0001407005183864385
2,2,0.0003094655112363398,0.0005396368796937168,0.9989245533943176,0.00022633466869592667
0,0,0.9995075464248657,0.00010292985825799406,0.0002550759818404913,0.00013441558985505253
0,0,0.9994743466377258,0.00023117031378205866,0.0001640089030843228,0.0001304841134697199
2,1,8.324519876623526e-05,0.999489426612854,0.000285854417597875,0.00014141268911771476
1,1,0.00010391201794845983,0.9996029734611511,0.00015018069825600833,0.00014298043970484287
0,0,0.9994528889656067,0.000131871915073134,0.0002858742082025856,0.0001293891400564462
1,1,8.111327770166099e-05,0.9995275735855103,0.00023390172282233834,0.00015745166456326842
2,2,0.0003792000061366707,0.0002342402294743806,0.999129593372345,0.0002569592325016856
2,2,0.00032511178869754076,0.0002562247100286186,0.9991574287414551,0.0002611828676890582
0,0,0.9994857311248779,0.00011825415276689455,0.0002524192095734179,0.00014350241690408438
2,1,9.627670078771189e-05,0.9995471835136414,0.00021080589795019478,0.0001457835896871984
0,0,0.9995096921920776,0.00011156993423355743,0.00023185345344245434,0.0001468176778871566
1,2,0.0023296147119253874,0.32453474402427673,0.6704087257385254,0.0027269157581031322
2,1,0.00010114789620274678,0.9995958209037781,0.0001585937716299668,0.00014444963017012924
0,0,0.9991126656532288,0.00020187422342132777,0.0005773303564637899,0.0001081966474885121
1,1,0.00010157713404623792,0.9996067881584167,0.00015676621114835143,0.00013494065206032246
2,0,0.9990379810333252,0.0001578403462190181,0.0006929537048563361,0.00011116644600406289
0,0,0.9994668364524841,9.915402915794402e-05,0.00030381002579815686,0.00013021436461713165
0,0,0.998857855796814,0.0004242965951561928,0.0006120192701928318,0.00010582456889096648
1,1,8.637586142867804e-05,0.9996259212493896,0.00014261795149650425,0.00014503663987852633
1,1,0.00035011221189051867,0.9991233944892883,0.00039846153231337667,0.00012801254342775792
0,0,0.9995242357254028,0.00010172307520406321,0.00023775977024342865,0.0001363329211017117
2,2,0.0003457227721810341,0.00019488463294692338,0.9991482496261597,0.0003111309197265655
0,0,0.9991324543952942,0.0001273622183362022,0.000629133079200983,0.00011104863369837403
1,1,9.752046753419563e-05,0.9996115565299988,0.00015806552255526185,0.00013292222865857184
2,2,0.0004931522998958826,0.00027951147058047354,0.9989851117134094,0.00024219155602622777
0,0,0.999500036239624,0.00011791125143645331,0.00023883370158728212,0.00014332229329738766
1,1,0.2609209418296814,0.7363105416297913,0.0019690534099936485,0.0007994263432919979
0,0,0.9994695782661438,0.00010237099195364863,0.00028706248849630356,0.00014098866085987538
2,1,0.0001070699654519558,0.9994763731956482,0.0002911765477620065,0.0001254519884241745
1,1,0.00012727799185086042,0.9995673298835754,0.00017176195979118347,0.00013354490511119366
0,0,0.9994858503341675,0.00014621406444348395,0.0002326007088413462,0.00013533684250432998
2,2,0.0003462661989033222,0.00027266392135061324,0.9991201758384705,0.0002609181683510542
1,1,0.00010496864706510678,0.999614953994751,0.00014854187611490488,0.00013160795788280666
0,0,0.9994603991508484,0.00012672372395172715,0.00027070255600847304,0.00014222247409634292
1,1,0.00016194823547266424,0.9992930889129639,0.0004261255671735853,0.0001187423404189758
2,2,0.00031357206171378493,0.0002558800333645195,0.99915611743927,0.0002743535442277789
0,0,0.9994621872901917,0.00011402812378946692,0.00027179575408808887,0.00015201132919173688
1,1,0.00011716039443854243,0.9995337724685669,0.0002000527165364474,0.00014903592818882316
0,0,0.999492883682251,0.00013529999705497175,0.00024369287712033838,0.00012817374954465777
2,2,0.00033889937913045287,0.00034553316072560847,0.9990828037261963,0.00023273230181075633
2,2,0.00023993365175556391,0.0005385438562370837,0.9989540576934814,0.00026744537171907723
0,2,0.000352725968696177,0.0009310310706496239,0.9985262155532837,0.00019001228793058544
1,1,9.210111602442339e-05,0.9996175765991211,0.00016033883730415255,0.00012995983706787229
2,1,0.00039435477810911834,0.9921069145202637,0.007108219433575869,0.00039051068597473204
1,1,0.00013589956506621093,0.9995552897453308,0.00017495709471404552,0.00013380769814830273
0,0,0.9994773268699646,0.00011454637569840997,0.0002537387190386653,0.00015433609951287508
0,0,0.9992658495903015,0.00015911899390630424,0.00045258720638230443,0.00012250302825123072
1,1,0.00010892528371186927,0.9996100068092346,0.00016059425252024084,0.00012051285739289597
2,1,0.0006046302150934935,0.9990400671958923,0.00023922861146274954,0.00011602391168707982
1,1,9.527487418381497e-05,0.9996060729026794,0.00016335783584509045,0.00013535015750676394
2,2,0.0008883732953108847,0.031083932146430016,0.9675660729408264,0.0004616659425664693
0,0,0.9994783997535706,0.00012192283611511812,0.0002542386937420815,0.00014542143617291003
2,2,0.0004294740501791239,0.007707477547228336,0.9915449619293213,0.0003181312058586627
0,0,0.9995086193084717,0.00017926654254551977,0.00019230565521866083,0.0001198066893266514
1,1,0.00011476105282781646,0.9996129870414734,0.0001416834129486233,0.00013064092490822077
0,0,0.9994776844978333,0.00011522505519678816,0.0002606878988444805,0.00014647259376943111
2,2,0.0004555480263661593,0.0003116014995612204,0.9990166425704956,0.00021615749574266374
1,1,9.346153092337772e-05,0.9996187686920166,0.00014836547779850662,0.00013946807303000242
0,2,0.0003151865385007113,0.00024822246632538736,0.9991482496261597,0.00028836220735684037
0,0,0.9994590878486633,0.00011910573812201619,0.00027420755941420794,0.0001477118639741093
1,1,0.0001051673898473382,0.9995972514152527,0.00016595151100773364,0.00013169289741199464
0,0,0.999488353729248,0.00010910498531302437,0.0002607220085337758,0.00014184405154082924
2,2,0.0003825318708550185,0.0002827201969921589,0.9990887641906738,0.0002459257375448942
1,1,7.346830534515902e-05,0.9995587468147278,0.00021711215958930552,0.00015062429883982986
1,1,0.0001291808148380369,0.999579131603241,0.00016190916358027607,0.00012971698015462607
0,0,0.9994975328445435,0.00011770187848014757,0.00024017682881094515,0.0001446041278541088
2,2,0.0012949078809469938,0.023526839911937714,0.9748765230178833,0.00030176210566423833
1,1,8.25101014925167e-05,0.9995947480201721,0.000180245959199965,0.00014249765081331134
2,1,0.004486312624067068,0.9936490654945374,0.0016571702435612679,0.0002074549556709826
0,0,0.9995294809341431,0.00011757123138522729,0.000229518351261504,0.00012344094284344465
1,1,0.0002714782895054668,0.9994161128997803,0.00016224443970713764,0.00015024861204437912
0,0,0.9994656443595886,0.00011199099390069023,0.00027837802190333605,0.00014407218259293586
0,0,0.9994522929191589,0.00025421992177143693,0.00017132112407125533,0.00012221498764120042
0,0,0.999462902545929,0.00012412326759658754,0.00025929880212061107,0.00015373526548501104
0,0,0.9994915723800659,8.861035166773945e-05,0.00029301393078640103,0.00012677557242568582
1,1,0.00010017448948929086,0.9995787739753723,0.00017256219871342182,0.00014843155804555863
0,0,0.9994940757751465,0.00012248718121554703,0.00023924466222524643,0.000144117497256957
1,1,0.00013737499830313027,0.9995846152305603,0.0001326410856563598,0.00014541760901920497
2,0,0.9990465044975281,0.0006127633387222886,0.00024281191872432828,9.788516763364896e-05
0,2,0.0003623350930865854,0.00024289840075653046,0.9991421699523926,0.00025264351279474795
1,1,0.0001434938603779301,0.9994862079620361,0.00020682635658886284,0.00016342487651854753
0,0,0.9994335770606995,0.00010293883678968996,0.0003195958270225674,0.00014393638412002474
0,2,0.00036050641210749745,0.00032554101198911667,0.9990749359130859,0.0002390219015069306
1,1,9.741386747919023e-05,0.999584972858429,0.00017250272503588349,0.00014517766248900443
2,2,0.00023536627122666687,0.0010007937671616673,0.9984034895896912,0.00036025376175530255
1,0,0.9099041223526001,0.06216125190258026,0.027632644400000572,0.0003020258154720068
0,0,0.9994250535964966,0.00013153540203347802,0.00032869697315618396,0.00011473979975562543
2,2,0.0002940702543128282,0.00028111672145314515,0.9991344809532166,0.0002903757558669895
2,1,0.00019672665803227574,0.9979801774024963,0.0016602161340415478,0.00016287731705233455
0,0,0.9992942810058594,9.104309719987214e-05,0.00048151123337447643,0.0001331784442299977
1,1,0.00010840351751539856,0.9995681643486023,0.0002012421900872141,0.00012214048183523118
2,2,0.0016125618712976575,0.375623881816864,0.6219847798347473,0.0007788501097820699
1,1,0.003860761411488056,0.9940483570098877,0.0019142862875014544,0.00017658625438343734
3,1,0.0002668208908289671,0.9992263317108154,0.0003590077394619584,0.00014780357014387846
2,2,0.00037361306021921337,0.00022235642245505005,0.9991260170936584,0.00027795720961876214
1,1,9.024629252962768e-05,0.9995720982551575,0.00016412133118137717,0.0001734556572046131
0,0,0.9825610518455505,0.00014770565030630678,0.01696792244911194,0.0003232224262319505
1,2,0.0005362266674637794,0.00029136211378499866,0.9989570379257202,0.00021537810971494764
2,2,0.0002772614825516939,0.00037850230000913143,0.9990918636322021,0.0002523981384001672
0,2,0.00041950494050979614,0.00034445541677996516,0.9990288019180298,0.0002073487121379003
2,2,0.0004178114759270102,0.0002585033653303981,0.9990917444229126,0.00023194863751996309
0,0,0.9994538426399231,0.00011338176409481093,0.0002909806789830327,0.0001418272586306557
1,2,0.00043548073153942823,0.004577311221510172,0.9946858882904053,0.0003012825909536332
1,1,7.873671711422503e-05,0.9995784163475037,0.00019908374815713614,0.00014366018876899034
0,0,0.9994695782661438,0.00010974313045153394,0.00028130540158599615,0.00013944684178568423
2,2,0.0002924505388364196,0.00030037329997867346,0.9991416931152344,0.00026549166068434715
0,0,0.9994990825653076,0.00013682471762876958,0.00023662166495341808,0.00012742912804242224
2,0,0.993452787399292,0.000190554084838368,0.006120899226516485,0.0002358083293074742
1,1,9.605567902326584e-05,0.9996101260185242,0.0001507067499915138,0.00014315309817902744
1,1,0.0018535190029069781,0.997582197189331,0.00040818078559823334,0.00015615283336956054
2,1,0.015584775246679783,0.983437180519104,0.0007265988388098776,0.0002515110245440155
0,0,0.9960850477218628,0.0023234186228364706,0.0012867727782577276,0.00030466975294984877
2,2,0.00034400587901473045,0.00027966758352704346,0.999123752117157,0.00025260826805606484
1,2,0.0002815965563058853,0.0004866092640440911,0.9990060925483704,0.0002257157175336033
0,0,0.9994508624076843,0.00012383116700220853,0.0002908036403823644,0.0001344296324532479
2,2,0.0007073307642713189,0.001018744194880128,0.9981276392936707,0.00014628311328124255
1,1,0.00010875173757085577,0.9995928406715393,0.00017159852723125368,0.0001267859770450741
0,0,0.9995137453079224,0.0001748322247294709,0.00017593192751519382,0.00013539213978219777
0,0,0.9957484602928162,0.0030485549941658974,0.0009168392280116677,0.00028612875030376017
1,1,0.003997300751507282,0.9954995512962341,0.0003065494529437274,0.00019646837608888745
0,0,0.9994832277297974,0.0001264364254893735,0.0002462166885379702,0.0001441779313609004
1,1,0.0007239616825245321,0.9988676309585571,0.00028833781834691763,0.00012010255886707455
2,2,0.0002939164696726948,0.0003568805695977062,0.9990921020507812,0.0002571258810348809
2,2,0.00033688772236928344,0.00024927660706453025,0.9991469383239746,0.0002669783716555685
0,2,0.0005328964907675982,0.0002580024884082377,0.9990118741989136,0.00019716173119377345
1,1,0.00010864470823435113,0.9971901774406433,0.002409084001556039,0.00029211072251200676
2,2,0.00024377848603762686,0.00039086886681616306,0.9990891218185425,0.00027619689353741705
2,2,0.0093265725299716,0.021085869520902634,0.9690533876419067,0.0005341789801605046
0,0,0.9994469285011292,0.0001029349077725783,0.0003036365669686347,0.0001465282985009253
2,2,0.39613521099090576,0.008103338070213795,0.5950251221656799,0.0007363383192569017
1,1,0.00011401530355215073,0.9984381794929504,0.0012126471847295761,0.0002351438015466556
0,0,0.9994522929191589,0.0001567418221384287,0.0002743498480413109,0.00011651885870378464
2,2,0.0003450153744779527,0.002684246050193906,0.9967374205589294,0.00023325034999288619
0,0,0.9994984865188599,0.00012092984979972243,0.00024003649014048278,0.00014043984992895275
2,1,0.004595831502228975,0.570484459400177,0.42422714829444885,0.000692536064889282
1,1,0.00012830145715270191,0.9994025230407715,0.00031597615452483296,0.0001532084570499137
2,0,0.9965463280677795,0.002896723337471485,0.00043224217370152473,0.00012480227451305836
2,1,0.00013534982281271368,0.999503493309021,0.00022428727243095636,0.0001368475059280172
1,1,0.00011470762547105551,0.9995346069335938,0.00021832776837982237,0.00013242868590168655
1,1,9.233796299668029e-05,0.9995920062065125,0.00017540188855491579,0.00014027280849404633
2,2,0.0006011007353663445,0.0002363278326811269,0.998917818069458,0.0002447286678943783
0,0,0.9994688630104065,0.00012025051546515897,0.00026943121338263154,0.0001415028382325545
1,1,9.48455635807477e-05,0.9995662569999695,0.00017979533004108816,0.00015904770407360047
0,0,0.9994687438011169,0.00014143658336251974,0.0002558927226345986,0.0001338875008514151
2,2,0.00035515340277925134,0.00019921235798392445,0.9991439580917358,0.0003016756090801209
0,0,0.9994704127311707,0.00013146625133231282,0.0002472854102961719,0.0001509581197751686
2,1,9.768378367880359e-05,0.9996063113212585,0.00016296216927003115,0.00013307640620041639
1,1,0.00011719537724275142,0.9995842576026917,0.00016067546675913036,0.00013785883493255824
2,2,0.0004140000673942268,0.0002638036385178566,0.9990928173065186,0.0002294228906976059
1,1,0.00010975288751069456,0.9995889067649841,0.00017218438733834773,0.00012913699902128428
0,0,0.9994717240333557,0.00011605909821810201,0.00026095102657563984,0.0001513590686954558
0,0,0.9994989633560181,0.0001187353118439205,0.00023891136515885592,0.00014340991037897766
2,1,0.0001330529194092378,0.99957674741745,0.00016161028179340065,0.00012860573770012707
1,1,0.00012356576917227358,0.9995874762535095,0.00016010603576432914,0.0001287864288315177
1,2,0.0002608397917356342,0.0006156069575808942,0.9989038705825806,0.0002197754947701469
2,2,0.0006729629239998758,0.00020463239343371242,0.9988788962364197,0.00024340036907233298
0,0,0.9994827508926392,0.00011885234562214464,0.0002552202495280653,0.0001431998680345714
2,0,0.9990200996398926,0.0002817232452798635,0.0006021609879098833,9.60698671406135e-05
1,1,0.00016041110211517662,0.9969589710235596,0.0026881140656769276,0.00019251588673796505
0,0,0.9994877576828003,0.0001341923780273646,0.00025126448599621654,0.00012676649203058332
0,0,0.9994891881942749,0.00012499607692006975,0.0002433788904454559,0.00014240572636481375
1,2,0.00025241635739803314,0.016876203939318657,0.9820460677146912,0.0008253752603195608
1,1,0.00011659396841423586,0.9995635151863098,0.00019229990721214563,0.00012758071534335613
1,1,0.00012279889779165387,0.9995750784873962,0.00016709313786122948,0.00013495414168573916
0,0,0.9995090961456299,0.00011946960148634389,0.00023548246826976538,0.00013598143414128572
2,2,0.0009948794031515718,0.00020795059390366077,0.9985623955726624,0.00023475784109905362
0,0,0.9995121955871582,0.00010492072033230215,0.0002462172706145793,0.00013669308100361377
2,2,0.011540708132088184,0.0009497668943367898,0.9872891902923584,0.00022029261162970215
1,1,9.421045251656324e-05,0.999570906162262,0.00018516855197958648,0.00014964734145905823
0,0,0.9994673132896423,0.00012514149420894682,0.0002628024376463145,0.000144751655170694
1,1,0.00015346035070251673,0.99893718957901,0.0007601477554999292,0.00014918480883352458
2,2,0.00026421473012305796,0.0004126373096369207,0.999077320098877,0.0002458999224472791
0,0,0.9995222091674805,0.00012291799066588283,0.00022182727116160095,0.00013305136235430837
1,1,9.550047252560034e-05,0.9996174573898315,0.00014607135381083935,0.00014096729864832014
0,2,0.08343003690242767,0.017988288775086403,0.8983026742935181,0.00027897694963030517
1,1,0.00010960340296151116,0.9996249675750732,0.00013302394654601812,0.0001323618635069579
0,0,0.999300479888916,0.00014907107106409967,0.00043606001418083906,0.00011442371032899246
2,1,9.021888399729505e-05,0.9992684721946716,0.0004951513838022947,0.00014616106636822224
2,2,0.0002903756685554981,0.00024078266869764775,0.9991027116775513,0.0003662015369627625
1,1,0.0001550706074340269,0.9995303153991699,0.00014859430666547269,0.00016598962247371674
0,0,0.9993731379508972,0.00031570185092277825,0.00018828833708539605,0.00012296719069126993
2,0,0.9993804693222046,0.0001322785101365298,0.0003564212820492685,0.00013079753261990845
1,1,0.00012289447477087379,0.9995492100715637,0.00018720449588727206,0.00014070920587982982
0,0,0.999494194984436,0.00011696887668222189,0.00024376384681090713,0.0001450169802410528
1,1,0.00013877941819373518,0.9995755553245544,0.0001645754964556545,0.00012106623034924269
2,2,0.0008759617921896279,0.00015624973457306623,0.9986793398857117,0.00028843278414569795
0,0,0.9994862079620361,0.00012591072299983352,0.00024595719878561795,0.00014191547234077007
2,2,0.0013774122344329953,0.0001738001883495599,0.9981667995452881,0.00028196946368552744
1,2,0.00025289697805419564,0.002166799269616604,0.9973424077033997,0.00023793568834662437
0,0,0.9995030164718628,0.00010491916327737272,0.00025054902653209865,0.0001414618018316105
0,0,0.9994875192642212,0.0001336323475698009,0.00024285772815346718,0.0001360451860819012
1,2,0.036814745515584946,0.0027298801578581333,0.9601420164108276,0.0003132703131996095
2,1,0.09768299013376236,0.9011156558990479,0.0007726692711003125,0.0004287227347958833
0,0,0.9909977912902832,0.00046392963849939406,0.008372774347662926,0.0001654592779232189
2,0,0.9990498423576355,0.0003008315688930452,0.0005439919768832624,0.00010528586426516995
1,2,0.0002746133541222662,0.0011451994068920612,0.9983612895011902,0.00021899347484577447
2,2,0.00028679060051217675,0.0009522524778731167,0.9985523819923401,0.00020853974274359643
1,2,0.0004063404630869627,0.0007527731359004974,0.9986276626586914,0.0002132861118298024
0,0,0.706621527671814,0.2852736711502075,0.007613771129399538,0.000491065438836813
2,1,8.920150867197663e-05,0.999580442905426,0.00018468761118128896,0.00014562239812221378
1,1,0.00011654476111289114,0.9995648264884949,0.0001874090958153829,0.00013122876407578588
0,0,0.9994377493858337,0.00022954193991608918,0.0002032452030107379,0.00012942482135258615
2,1,8.686171349836513e-05,0.9995806813240051,0.00020070803293492645,0.00013177513028495014
1,1,0.00010273959924234077,0.999568521976471,0.00016215159848798066,0.00016657861124258488
0,1,0.004385857842862606,0.9947512745857239,0.00047262711450457573,0.00039026892045512795
1,1,9.307035361416638e-05,0.9996005892753601,0.00017088423192035407,0.0001354365813313052
2,0,0.9994661211967468,9.51580295804888e-05,0.0003047729842364788,0.0001339823065791279
0,0,0.9994922876358032,0.00010173254122491926,0.00026245336630381644,0.00014352978905662894
2,2,0.0003901344898622483,0.0003600270429160446,0.9990296363830566,0.00022018857998773456
0,0,0.900969386100769,0.00283292168751359,0.09585131704807281,0.0003463250759523362
1,1,8.435669587925076e-05,0.9996077418327332,0.00016330576909240335,0.0001446967653464526
1,1,0.00010405018838355318,0.9995575547218323,0.00020038228831253946,0.00013803801266476512
2,2,0.000529776734765619,0.0003234675677958876,0.998935878276825,0.0002108098124153912
0,0,0.9995065927505493,0.00011948570318054408,0.0002454164787195623,0.0001284213358303532
1,1,0.00010529524297453463,0.9996029734611511,0.0001606646692380309,0.00013107653649058193
2,2,0.0005767660913988948,0.0002628555812407285,0.9989489912986755,0.00021140709577593952
2,2,0.017382308840751648,0.0002490087936166674,0.9819610118865967,0.00040773602086119354
1,1,0.00012095455167582259,0.9995843768119812,0.00016318642883561552,0.0001313937536906451
0,0,0.9994596838951111,0.00012594136933330446,0.0002695654984563589,0.00014480149548035115
2,1,7.704974268563092e-05,0.9994837045669556,0.00029286774224601686,0.000146302321809344
2,0,0.9935751557350159,0.00046372244833037257,0.005803652573376894,0.00015750901366118342
1,1,0.00047544672270305455,0.9716833829879761,0.027248064056038857,0.0005930484039708972
2,0,0.9994316697120667,0.00011377589544281363,0.0003097427834291011,0.00014479730452876538
2,2,0.004677307792007923,0.000988080515526235,0.9941516518592834,0.0001829759421525523
1,1,0.00012140251783421263,0.9996076226234436,0.00014691933756694198,0.00012408383190631866
0,2,0.00032919569639489055,0.0003511045651976019,0.9990826845169067,0.0002370598667766899
0,0,0.9995061159133911,0.0001162651606136933,0.000237280924920924,0.00014032806211616844
2,2,0.0003908725921064615,0.00022333566448651254,0.9991076588630676,0.00027814562781713903
1,1,0.013834107667207718,0.9852614998817444,0.0005980989662930369,0.0003063218900933862
2,2,0.00037861341843381524,0.0006129391840659082,0.9987738728523254,0.0002345790562685579
0,1,0.00010542453674133867,0.9996055960655212,0.00015801889821887016,0.0001309659273829311
1,0,0.9995079040527344,0.00015447231999132782,0.00020519229292403907,0.00013250169286038727
2,0,0.9992440938949585,0.00011828893184429035,0.000508568889927119,0.00012914687977172434
1,0,0.9981253743171692,0.0009946792852133512,0.0007547516725026071,0.00012520440213847905
0,0,0.9994361996650696,0.00011808995623141527,0.0003077966102864593,0.0001379086315864697
1,1,0.0001845553342718631,0.999313235282898,0.00039100332651287317,0.00011128778714919463
2,1,8.065783913480118e-05,0.999602735042572,0.00017390487482771277,0.00014279971946962178
0,0,0.9994621872901917,0.0001992613688344136,0.0002137261035386473,0.00012476595293264836
0,0,0.9995200634002686,0.00014115936937741935,0.00020924091222696006,0.00012953414989169687
2,0,0.9994933605194092,0.00012408373004291207,0.0002524769806768745,0.00013009694521315396
1,1,8.408196299569681e-05,0.9996091723442078,0.00016053319268394262,0.00014617758279200643
2,0,0.49765223264694214,0.3777045011520386,0.12379447370767593,0.0008487959275953472
0,0,0.9994562268257141,0.00012137823068769649,0.0002749502018559724,0.00014742519124411047
1,0,0.999189555644989,0.000349691224982962,0.00034454846172593534,0.00011611633090069517
0,0,0.9953420162200928,0.00271745421923697,0.0017177419504150748,0.00022284960141405463
1,1,7.351546810241416e-05,0.999474823474884,0.00028808723436668515,0.00016355898696929216
2,2,0.0002763687807600945,0.00023343383509200066,0.9991781115531921,0.000312112009851262
1,1,0.00017001877131406218,0.9995537400245667,0.0001632835774216801,0.0001129298034356907
2,2,0.00036083543091081083,0.00019356355187483132,0.9991402626037598,0.0003052063984796405
0,0,0.9995243549346924,0.0001078825953300111,0.00023895276535768062,0.0001288599887629971
0,0,0.9994730353355408,0.00012227067782077938,0.0002547397161833942,0.00014993966033216566
2,2,0.00037269809399731457,0.0012267532292753458,0.9982098340988159,0.00019075063755735755
1,1,0.00034179954673163593,0.9993821382522583,0.0001454952434869483,0.00013056580792181194
0,0,0.9995085000991821,0.00013481084897648543,0.00021540946909226477,0.0001412914862157777
2,1,0.001431780750863254,0.994026780128479,0.004366444889456034,0.0001749632938299328
1,1,0.0001233508373843506,0.9995860457420349,0.00015899777645245194,0.00013164345000404865
1,1,0.00013183588453102857,0.9994981288909912,0.00023687635257374495,0.00013311899965628982
0,0,0.9994743466377258,0.00011923529382329434,0.00025465746875852346,0.00015176692977547646
2,2,0.00036494527012109756,0.0002711934212129563,0.9991074204444885,0.00025641624233685434
1,1,0.00011404157703509554,0.9996153116226196,0.00014948954049032182,0.00012104969209758565
2,2,0.0004047809634357691,0.0002647445653565228,0.999100923538208,0.00022957446344662458
2,1,0.0001834002323448658,0.9995415210723877,0.000152178734424524,0.00012291790335439146
1,2,0.008453123271465302,0.0011808390263468027,0.9901443719863892,0.00022161380911711603
0,0,0.9993031024932861,0.0003656992921605706,0.00022502013598568738,0.00010617428051773459
3,0,0.992946207523346,0.0002025818539550528,0.0066509670577943325,0.00020023086108267307
0,0,0.9994538426399231,0.00013674286310561,0.00026704484480433166,0.00014245827333070338
2,2,0.0002407259016763419,0.0006176992901600897,0.9988794922828674,0.0002620492014102638
1,1,0.0005611678934656084,0.9983532428741455,0.0009573496645316482,0.00012824463192373514
2,0,0.9994832277297974,0.000159735995111987,0.00022641246323473752,0.00013062347716186196
3,0,0.9994912147521973,0.000157260918058455,0.00023224572942126542,0.00011934219946851954
0,0,0.999471127986908,0.00013108161510899663,0.0002523957518860698,0.0001454210578231141
0,0,0.999487042427063,0.00011756725143641233,0.0002518037799745798,0.00014363678928930312
0,0,0.9994813799858093,0.00012665678514167666,0.0002488248283043504,0.00014320210902951658
2,0,0.9988325238227844,0.00013082358054816723,0.0008993797237053514,0.00013732780644204468
2,1,0.00010507232946110889,0.9994798302650452,0.0002779864298645407,0.0001371616090182215
1,1,0.00010061961074825376,0.9995940327644348,0.00017079382087104023,0.00013456048327498138
0,0,0.9989884495735168,0.0002439329691696912,0.0006538769812323153,0.00011363372323103249
0,0,0.9994612336158752,0.00012114892160752788,0.00026420457288622856,0.00015335602802224457
2,2,0.009040255099534988,0.0017368606058880687,0.9890060424804688,0.00021684686362277716
1,1,0.00013764090545009822,0.9995719790458679,0.00017067950102500618,0.00011980845738435164
0,0,0.9994589686393738,9.301297541242093e-05,0.00031751225469633937,0.00013053165457677096
2,2,0.0005544649320654571,0.062105752527713776,0.9364131093025208,0.0009265982080250978
1,1,9.126964869210497e-05,0.9996116757392883,0.00015906129556242377,0.00013804573973175138
1,1,8.59378487803042e-05,0.9995601773262024,0.0002131821383954957,0.0001407570525771007
0,0,0.9994673132896423,0.00013334663526620716,0.00026251713279634714,0.00013684372243005782
2,0,0.9994494318962097,0.0001555185008328408,0.0002825677511282265,0.00011247810471104458
1,1,0.00016114737081807107,0.9995759129524231,0.00011926595470868051,0.00014365861716214567
2,1,0.05844114348292351,0.9022422432899475,0.03871199116110802,0.0006045527989044785
0,0,0.9994542002677917,0.00011661936150630936,0.0002820535155478865,0.00014721920888405293
0,0,0.9995139837265015,0.00013298836711328477,0.0002242284535896033,0.0001288141793338582
1,1,9.25001731957309e-05,0.999613344669342,0.0001494996395194903,0.00014466859283857048
3,2,0.0002690677356440574,0.0005177321145310998,0.9989680051803589,0.0002452943008393049
0,0,0.9994841814041138,0.00010677642421796918,0.0002694705908652395,0.00013951088476460427
1,1,0.00024768320145085454,0.9964053630828857,0.0030696538742631674,0.0002773073792923242
2,2,0.0005077876849099994,0.00023743172641843557,0.9990412592887878,0.0002134894602932036
1,1,0.0008646550122648478,0.9987998008728027,0.0001715888356557116,0.00016394714475609362
0,0,0.9994564652442932,0.00011801274376921356,0.00028135915636084974,0.00014418507635127753
2,0,0.9992068409919739,0.00046125100925564766,0.00022687239106744528,0.00010506626858841628
2,2,0.16448383033275604,0.01050286740064621,0.8246546983718872,0.0003585287486203015
2,2,0.0031975293532013893,0.3436586260795593,0.6524944305419922,0.0006494235130958259
1,1,0.00010196070070378482,0.9996002316474915,0.00016741044237278402,0.00013031424896325916
0,0,0.9994533658027649,0.00010497820767341182,0.0002960401470772922,0.00014552364882547408
1,2,0.00024307034618686885,0.0009195500169880688,0.9985668063163757,0.0002705900405999273
2,2,0.0002676110598258674,0.00028472760459408164,0.999104917049408,0.0003426590992603451
0,0,0.9994811415672302,0.00011755623563658446,0.00025224810815416276,0.0001491037110099569
2,2,0.0002659963211044669,0.00027187587693333626,0.9991544485092163,0.00030772481113672256
1,1,0.00017655661213211715,0.9994303584098816,0.00027137165307067335,0.00012162223720224574
0,2,0.0007038423209451139,0.006775159854441881,0.992245614528656,0.0002754390297923237
1,1,8.917321974877268e-05,0.9995998740196228,0.00016804509505163878,0.0001428992982255295
2,1,8.577110565965995e-05,0.999614953994751,0.00015941598394419998,0.00013976165791973472
2,2,0.007999712601304054,0.00038516693166457117,0.9913893342018127,0.00022581942903343588
0,0,0.9994919300079346,0.00011782980436692014,0.00024362432304769754,0.00014661751629319042
1,1,0.0001628808822715655,0.9993849992752075,0.00032380226184614,0.0001282819575862959
0,0,0.9994584918022156,0.00011237769649596885,0.0002801086229737848,0.00014901462418492883
1,1,0.0001423038193024695,0.9995276927947998,0.00020088409655727446,0.0001291985681746155
0,0,0.9994797110557556,0.00011125846504000947,0.00026532149058766663,0.00014377238403540105
2,2,0.00028557711630128324,0.0021289531141519547,0.9973645806312561,0.0002209036611020565
0,0,0.9994695782661438,0.00022155260376166552,0.00018239927885588259,0.00012647158291656524
1,1,0.00011310002446407452,0.99959796667099,0.00015917248674668372,0.00012976073776371777
2,2,0.0006563555216416717,0.12002726644277573,0.878526508808136,0.0007898606127128005
1,1,0.00010225056757917628,0.9996095299720764,0.00015479153080377728,0.0001334415574092418
0,0,0.9994460940361023,0.0002121375291608274,0.0002118433767464012,0.00012994918506592512
0,0,0.9994733929634094,0.00011150632053613663,0.0002759694471023977,0.00013921989011578262
2,1,0.00010320537694497034,0.999603807926178,0.0001506178523413837,0.00014239732990972698
2,0,0.998602569103241,0.00017897886573337018,0.0010632738703861833,0.00015518961299676448
2,2,0.0005059620598331094,0.0002920349652413279,0.9989720582962036,0.00022995853214524686
1,1,0.00010814759298227727,0.9995953440666199,0.0001605548313818872,0.00013594506890513003
0,0,0.9994311928749084,0.00011567892943276092,0.00033930089557543397,0.00011383238597773015
0,0,0.9994787573814392,0.00017183749878313392,0.00023052583856042475,0.0001189407630590722
2,2,0.0003415437531657517,0.000273080135229975,0.9991348385810852,0.0002505341253709048
1,2,0.0002172372624045238,0.0008555392851121724,0.9986612796783447,0.000265967013547197
0,0,0.9994722008705139,0.00011009458830812946,0.000266945076873526,0.0001508599380031228
2,2,0.0019120804499834776,0.00044287447235547006,0.9974398612976074,0.00020520192629192024
1,1,0.0003003841848112643,0.9993360638618469,0.00021071414812467992,0.00015284409164451063
2,2,0.005585547536611557,0.000364547100616619,0.9938573241233826,0.00019255677761975676
0,0,0.9994574189186096,0.0001316912821494043,0.0002539810666348785,0.00015685748076066375
1,2,0.0009036530391313136,0.000259144144365564,0.9986382126808167,0.0001989092124858871
2,1,9.125880023930222e-05,0.9995567202568054,0.00019674414943438023,0.00015521602472290397
0,0,0.9843811988830566,0.013520024716854095,0.0018800765974447131,0.00021881351131014526
1,2,0.032424911856651306,0.0015530070522800088,0.9657745957374573,0.00024748145369812846
0,0,0.999473512172699,0.00011026064021280035,0.0002827756688930094,0.00013348666834644973
1,1,0.0002740626223385334,0.9989469647407532,0.0006722197867929935,0.00010679752449505031
2,2,0.0003872885135933757,0.0002689444809220731,0.9991142153739929,0.00022949872072786093
2,2,0.001422578701749444,0.0002786093682516366,0.9981034994125366,0.00019531072757672518
1,1,0.0038505978882312775,0.9956854581832886,0.00020516396034508944,0.000258793676039204
0,0,0.9994845390319824,0.00012095446436433122,0.0002511079655960202,0.00014329575060401112
2,2,0.0003881035081576556,0.00020148961630184203,0.9991101622581482,0.00030019544647075236
1,1,0.00012493589019868523,0.9995740056037903,0.00015159168106038123,0.00014938956883270293
0,0,0.9994729161262512,0.00011188836651854217,0.0002603442990221083,0.00015492453530896455
0,0,0.9994555115699768,0.00010711164941312745,0.0002917789388448,0.00014554864901583642
2,0,0.999383807182312,9.413291263626888e-05,0.0003847549669444561,0.0001372642582282424
1,1,0.00010570450831437483,0.99959796667099,0.00014594693493563682,0.00015039020217955112
2,2,0.0005285065853968263,0.0030311141163110733,0.9962084293365479,0.00023199766292236745
1,1,9.73952846834436e-05,0.9996011853218079,0.00014763581566512585,0.00015386198356281966
0,0,0.9994532465934753,0.00012154883734183386,0.0002836866769939661,0.00014152494259178638
1,1,0.00010459894110681489,0.9996028542518616,0.00015052825619932264,0.0001420400949427858
2,2,0.0002775879402179271,0.0002708198444452137,0.99913090467453,0.00032070607994683087
0,0,0.9994555115699768,0.00012042748130625114,0.00027656127349473536,0.00014749568072147667
1,1,9.879079880192876e-05,0.9996209144592285,0.0001454525627195835,0.0001347250072285533
2,2,0.0004526692791841924,0.0002469361643306911,0.9990749359130859,0.00022539333440363407
0,0,0.9990217685699463,0.00013616798969451338,0.0007291757501661777,0.00011288013774901628
3,0,0.9994513392448425,0.0001546093262732029,0.00024710671277716756,0.00014690392708871514
2,1,0.00010573775944067165,0.9996015429496765,0.00015988275117706507,0.0001328110374743119
1,1,0.00010400085739092901,0.9995887875556946,0.00017008571012411267,0.00013719801791012287
3,2,0.00042712216963991523,0.0007265191525220871,0.9986757636070251,0.0001705287431832403
1,2,0.000553914054762572,0.004711517132818699,0.9945482611656189,0.00018627321696840227
3,0,0.9938204884529114,0.004813461564481258,0.0011768864933401346,0.0001891499850898981
0,0,0.9995446801185608,0.00011122613068437204,0.00021103970357216895,0.00013304546882864088
2,2,0.00020695774583145976,0.0014165050815790892,0.9980602860450745,0.0003162688226439059
1,1,0.00014801885117776692,0.9995276927947998,0.00018282176461070776,0.0001414410216966644
1,2,0.00032349510001949966,0.0002469696628395468,0.9991199374198914,0.0003095555293839425
2,2,0.0010213126661255956,0.002857484621927142,0.9959710240364075,0.00015010713832452893
0,2,0.0002896155056077987,0.0005676503060385585,0.9988783001899719,0.00026448399876244366
2,1,0.00011449023440945894,0.9994258880615234,0.00032573300995863974,0.00013392888649832457
0,0,0.9994755387306213,0.00011956429079873487,0.0002585223119240254,0.00014642465976066887
1,1,0.00010942744847852737,0.9995880722999573,0.0001609438331797719,0.00014151324285194278
1,1,0.0003752854245249182,0.9989985823631287,0.00031932967249304056,0.0003068033547606319
2,2,0.002419963711872697,0.00023781077470630407,0.9971163272857666,0.00022593529138248414
2,2,0.0016615544445812702,0.00019388033251743764,0.9978849291801453,0.0002596113190520555
1,1,7.060520147206262e-05,0.9994794726371765,0.0003014377725776285,0.0001485047396272421
0,2,0.0033899780828505754,0.0002462545526213944,0.9960749745368958,0.00028878013836219907
2,2,0.00023597558902110904,0.005242542363703251,0.9941810965538025,0.0003403158043511212
2,0,0.9994493126869202,0.0001256744290003553,0.00027565768687054515,0.0001493245072197169
1,1,0.040245044976472855,0.9554032683372498,0.003686582436785102,0.0006650934228673577
0,0,0.9994820952415466,0.00013177205983083695,0.00023503837292082608,0.0001510374859208241
1,1,0.00010683869913918898,0.9980225563049316,0.0016011117259040475,0.0002694167196750641
2,2,0.0003259094955865294,0.0003109773388132453,0.9991037249565125,0.00025938809267245233
0,1,9.883727761916816e-05,0.999525785446167,0.00022516776516567916,0.00015025246830191463
1,1,0.00026111918850801885,0.9992234706878662,0.00038409221451729536,0.00013130460865795612
2,0,0.9994681477546692,0.00012347126903478056,0.0002698743774089962,0.00013855675933882594
0,0,0.9995075464248657,0.00012101816537324339,0.00023571870406158268,0.00013574321928899735
1,1,0.00013226423470769078,0.9995871186256409,0.0001532073802081868,0.00012739538215100765
2,2,0.0007041673525236547,0.00029802502831444144,0.9988093376159668,0.00018848346371669322
0,0,0.9994902610778809,0.00012067586794728413,0.00023721743491478264,0.0001517747004982084
1,1,0.00010525692778173834,0.999580442905426,0.00018301352974958718,0.00013133986794855446
2,1,0.00017147022299468517,0.9992103576660156,0.0004889247938990593,0.00012926931958645582
0,0,0.9994572997093201,0.00011627123603830114,0.0002746022364590317,0.0001517838827567175
2,2,0.0003608458209782839,0.0002591685624793172,0.9991447925567627,0.00023509759921580553
1,1,6.878034764667973e-05,0.9992586970329285,0.00048593900282867253,0.00018651026766747236
2,2,0.00033264842932112515,0.00024039346317294985,0.998984158039093,0.0004428378597367555
2,2,0.00033586163772270083,0.00027287169359624386,0.9991381168365479,0.0002530673809815198
0,0,0.999458372592926,0.0001441907079424709,0.0002581091539468616,0.00013934160233475268
1,1,0.0009920204756781459,0.9764977693557739,0.022207578644156456,0.0003026201156899333
0,0,0.9993938207626343,0.0001487925328547135,0.0003284936537966132,0.00012886233162134886
0,1,0.0003883994650095701,0.9978345036506653,0.0016285604797303677,0.0001485892862547189
1,1,0.0001339423470199108,0.9995597004890442,0.00016713982040528208,0.00013921120262239128
0,0,0.9994334578514099,0.00012241496006026864,0.00029546840232796967,0.00014865999401081353
1,1,9.750713797984645e-05,0.9996254444122314,0.00013809742813464254,0.00013895494339521974
2,1,0.0018488733330741525,0.8622394800186157,0.13529641926288605,0.0006152790156193078
2,2,0.00043959985487163067,0.00035274296533316374,0.9989843964576721,0.00022327489568851888
1,1,0.00012415953096933663,0.9995957016944885,0.00014719288446940482,0.00013300329737830907
0,0,0.99947589635849,0.00012126340152462944,0.0002685506478883326,0.00013426592340692878
1,1,0.00017615828255657107,0.9995254278182983,0.00015961968165356666,0.0001387917873216793
0,0,0.9994456171989441,0.00011559876293176785,0.0002961442805826664,0.00014258228475227952
2,1,0.00036476997775025666,0.9962732791900635,0.0031815622933208942,0.0001804342755349353
1,0,0.9994593262672424,0.0002190337108913809,0.00020106430747546256,0.00012049146607751027
2,2,0.0003551736881490797,0.00037199098733253777,0.9990542531013489,0.00021855732484254986
0,0,0.9994792342185974,0.0001097413623938337,0.00026535321376286447,0.00014568777987733483
0,0,0.9994175434112549,0.00011044642451452091,0.0003466726338956505,0.00012538107694126666
1,1,0.00010531170119065791,0.9996058344841003,0.00015757771325297654,0.00013126492558512837
2,2,0.0003847857587970793,0.00024629378458485007,0.9991222023963928,0.00024673668667674065
0,2,0.000706225517205894,0.00019056626479141414,0.9988840222358704,0.0002191501553170383
1,2,0.00034838594729080796,0.0003149001859128475,0.999083399772644,0.00025334255769848824
2,2,0.0004669089103117585,0.038563068956136703,0.9602435827255249,0.0007264717132784426
0,0,0.9994845390319824,0.0001326237543253228,0.0002496068482287228,0.0001332025130977854
1,1,9.747503645485267e-05,0.9996071457862854,0.0001590593601576984,0.00013627856969833374
2,0,0.5999513268470764,0.0019626121502369642,0.39736518263816833,0.0007208810420706868
2,2,0.0006796542438678443,0.00020258952281437814,0.9988962411880493,0.00022143669775687158
0,0,0.9995155334472656,0.00011628233914962038,0.00023304235946852714,0.00013510577264241874
1,1,0.0001546848943689838,0.9995593428611755,0.0001503544335719198,0.00013564400433097035
0,0,0.9994807839393616,0.00013007098459638655,0.00024842590210027993,0.00014077956438995898
0,1,0.00013191344623919576,0.9995797276496887,0.00015308517322409898,0.00013524542737286538
1,1,0.00010356990242144093,0.9996020197868347,0.00015699003415647894,0.0001373607519781217
2,1,8.438338409177959e-05,0.9995092153549194,0.00025419003213755786,0.00015216250903904438
0,0,0.9994778037071228,0.00011520275438670069,0.0002690002729650587,0.0001380071189487353
1,1,0.00010388979717390612,0.9995951056480408,0.00015625375090166926,0.00014472901239059865
0,0,0.9994499087333679,0.00011261468898737803,0.00028227997245267034,0.00015527715731877834
1,1,0.00012027563207084313,0.9995450377464294,0.0001954154868144542,0.00013927357213106006
2,0,0.9994775652885437,0.00012861762661486864,0.00025876256404444575,0.00013507745461538434
2,0,0.9990800619125366,0.00025904623907990754,0.0005690075340680778,9.184209193335846e-05
2,2,0.0008975166128948331,0.00021934814867563546,0.9986773133277893,0.00020575415692292154
1,1,0.0001057519402820617,0.9995601773262024,0.0002105321764247492,0.0001235647505382076
0,0,0.9994707703590393,0.00012748094741255045,0.00025838796864263713,0.00014332548016682267
1,1,8.858626097207889e-05,0.9995859265327454,0.00019055001030210406,0.00013486784882843494
2,2,0.0002708827960304916,0.00033825315767899156,0.9991057515144348,0.0002850870369002223
1,1,0.00020364098600111902,0.9994833469390869,0.0001700869033811614,0.00014289558748714626
2,0,0.9994909763336182,0.0001269288914045319,0.000235215833527036,0.00014690948592033237
2,2,0.00028716318774968386,0.0003400808200240135,0.9991090893745422,0.00026361754862591624
0,0,0.9995003938674927,0.0001259127602679655,0.00023139426775742322,0.00014227034989744425
2,2,0.00041407239041291177,0.00039481287240050733,0.9989509582519531,0.00024009151093196124
1,1,0.00011780024215113372,0.9995813965797424,0.00015720132796559483,0.0001435987069271505
0,0,0.9993370175361633,0.00011060712859034538,0.0004312306409701705,0.00012105684436392039
2,1,0.00010948720591841266,0.9994121789932251,0.00034401725861243904,0.0001342631148872897
1,1,9.565858636051416e-05,0.9983519315719604,0.0013375863200053573,0.00021485344041138887
2,1,7.373946573352441e-05,0.9995703101158142,0.00022243747662287205,0.00013350264634937048
1,1,0.00014548870967701077,0.9995623230934143,0.0001613978820387274,0.00013079537893645465
0,1,0.0013537692138925195,0.9941114783287048,0.0043758549727499485,0.00015892082592472434
2,1,8.342244109371677e-05,0.99949049949646,0.00026518243248574436,0.0001608399034012109
2,2,0.0003659432986751199,0.0003145119408145547,0.9990886449813843,0.00023082342522684485
1,1,0.00012275557674001902,0.9995647072792053,0.00017887441208586097,0.00013375216803979129
1,1,0.00014732479758094996,0.9995636343955994,0.0001529090804979205,0.00013610471796710044
2,2,0.0007538938662037253,0.00046550435945391655,0.9985923171043396,0.00018832467321772128
0,0,0.9994156360626221,0.00013178277004044503,0.0002999543503392488,0.00015259976498782635
2,2,0.00033371159224770963,0.00026630304637365043,0.9991519451141357,0.000247950607445091
0,0,0.9995056390762329,0.0001494392054155469,0.0002141150616807863,0.00013084773672744632
1,1,9.237627091351897e-05,0.9994651675224304,0.0002963868319056928,0.00014610982907470316
1,1,0.00013744004536420107,0.9995478987693787,0.00017197990382555872,0.00014267998631112278
2,0,0.9992517828941345,0.0003257635689806193,0.00031920449691824615,0.00010317482519894838
0,0,0.9994716048240662,0.00011778381303884089,0.00026250447263009846,0.00014817692863289267
0,0,0.9994916915893555,0.00011408478894736618,0.00026806106325238943,0.00012615733430720866
1,0,0.9994962215423584,0.00011768387776101008,0.0002629534574225545,0.0001231163478223607
2,2,0.00030643222271464765,0.00031645805574953556,0.9991375207901001,0.00023954236530698836
0,0,0.9994412064552307,0.00011010818707291037,0.0003180036146659404,0.0001306724443566054
2,2,0.0003047037753276527,0.00024239433696493506,0.9991581439971924,0.0002948385081253946
1,1,8.485106081934646e-05,0.9996230602264404,0.0001480698265368119,0.00014399169594980776
1,1,0.0001079679568647407,0.9994837045669556,0.0002779042988549918,0.00013033523282501847
0,2,0.017819439992308617,0.0005195817211642861,0.9813787937164307,0.00028216480859555304
2,2,0.03275376930832863,0.0006792507483623922,0.9662358164787292,0.00033119763247668743
1,1,0.0001914980966830626,0.9995061159133911,0.00016758062702137977,0.00013479485642164946
0,0,0.9994753003120422,0.00011343513324391097,0.00026690494269132614,0.00014438621292356402
2,2,0.0005527622415684164,0.003249121829867363,0.9960030913352966,0.00019492462160997093
1,1,9.494138066656888e-05,0.9994908571243286,0.00022806857305113226,0.00018607899255584925
2,2,0.00027801631949841976,0.000249607051955536,0.9991679191589355,0.0003045181802008301
0,0,0.9994421601295471,0.00010375826241215691,0.0003113197744823992,0.00014277800801210105
2,1,0.00033938841079361737,0.9993149042129517,0.00020242348546162248,0.00014331091369967908
0,0,0.9994531273841858,0.0001403066999046132,0.00026035503833554685,0.0001462607178837061
1,1,0.000104923514300026,0.9995959401130676,0.00016462610801681876,0.00013457472959998995
1,1,8.724548388272524e-05,0.9995878338813782,0.0001895603782031685,0.00013533658056985587
0,0,0.9994606375694275,0.00012662119115702808,0.0002663929481059313,0.00014638699940405786
2,2,0.0003150147385895252,0.0003040892188437283,0.9991447925567627,0.00023601682914886624
2,2,0.00029173007351346314,0.0002696981537155807,0.9991556406021118,0.0002829082077369094
0,0,0.999506950378418,0.000128116414998658,0.00023126386804506183,0.00013369356747716665
1,0,0.9777954816818237,0.021268587559461594,0.0004397526499815285,0.0004961153026670218
1,1,7.042027573334053e-05,0.9995777010917664,0.00019849439559038728,0.00015331101894844323
2,1,0.00022853637346997857,0.9991521835327148,0.0005170654039829969,0.0001021959978970699
2,2,0.000358518649591133,0.00022234067728277296,0.9991171956062317,0.00030194612918421626
2,2,0.0002602996537461877,0.000369085231795907,0.9991024732589722,0.0002680811448954046
1,2,0.0005591644439846277,0.00045924208825454116,0.9988119602203369,0.00016962805239018053
0,0,0.9993593096733093,9.409846825292334e-05,0.0004257984983269125,0.0001208187168231234
1,2,0.020393067970871925,0.21349722146987915,0.7656896114349365,0.00042007953743450344
2,2,0.0002716814342420548,0.0003629544225987047,0.9991076588630676,0.00025768415071070194
0,0,0.9994789958000183,0.00011966702004428953,0.00027299526846036315,0.00012843761942349374
2,2,0.0006032121600583196,0.0003291451430413872,0.9988464117050171,0.00022122640802990645
1,0,0.9942554831504822,0.004882066044956446,0.0006709742592647672,0.00019154066103510559
1,1,0.0001116198836825788,0.999586284160614,0.00016831322864163667,0.00013387438957579434
2,2,0.0002697223681025207,0.0003685978299472481,0.9990928173065186,0.0002688512613531202
1,1,9.570259862812236e-05,0.9996230602264404,0.00015026138862594962,0.00013095348549541086
2,2,0.01726301945745945,0.0004358635051175952,0.9819924831390381,0.00030866320594213903
0,0,0.9994934797286987,0.00011915891809621826,0.0002425890415906906,0.000144725083373487
2,2,0.00034257560037076473,0.00028900671168230474,0.9991158843040466,0.00025250681210309267
1,1,0.00013169129670131952,0.9995375871658325,0.00019554639584384859,0.00013519873027689755
2,2,0.24359428882598877,0.0007600670796819031,0.7548775672912598,0.000768064521253109
2,2,0.0003847290063276887,0.00026930871536023915,0.9990886449813843,0.0002573685487732291
0,0,0.9994792342185974,0.00015870113566052169,0.00022318212722893804,0.0001389381941407919
0,1,0.015280144289135933,0.9820128083229065,0.002516402630135417,0.00019058084581047297
2,2,0.0003186660760547966,0.0003223808598704636,0.9991219639778137,0.00023696206335444003
1,0,0.9995065927505493,0.00011500321852508932,0.00024057377595454454,0.00013781184679828584
2,2,0.0003084100899286568,0.00030609729583375156,0.9991520643234253,0.00023351190611720085
1,1,9.26589491427876e-05,0.999595582485199,0.0001661815185798332,0.00014566750905942172
0,0,0.9993754029273987,0.00015989264647942036,0.0003584835503716022,0.00010619805107126012
2,2,0.0003154164587613195,0.0003306415746919811,0.9991174340248108,0.0002365701220696792
1,1,9.445085743209347e-05,0.9996132254600525,0.00015215729945339262,0.00014029396697878838
0,0,0.9994997978210449,0.00014315437874756753,0.00023053510813042521,0.00012644394882954657
1,1,0.00010411698167445138,0.9996098875999451,0.00015593913849443197,0.0001300826988881454
2,1,9.68745953286998e-05,0.9996070265769958,0.00015547213843092322,0.00014064864080864936
0,0,0.9994646906852722,0.00013296506949700415,0.00025229956372641027,0.00014999991981312633
0,1,0.00012118702579755336,0.999583899974823,0.00017552313511259854,0.00011941770208068192
0,0,0.9994590878486633,0.00011574151722015813,0.0002710848057176918,0.00015413544315379113
1,1,0.00013255933299660683,0.9994889497756958,0.00024125809432007372,0.00013726978795602918
0,0,0.8442042469978333,0.15443982183933258,0.0008409859728999436,0.0005149364587850869
1,1,0.00011270361574133858,0.9995439648628235,0.00019849187810905278,0.00014480431855190545
2,1,9.710640733828768e-05,0.9996156692504883,0.00015458668349310756,0.00013265747111290693
1,1,0.00010238355753244832,0.9996132254600525,0.000146764432429336,0.00013767309428658336
2,2,0.00049735011998564,0.00020609340572264045,0.9990168809890747,0.0002797067572828382
0,0,0.999461829662323,0.00011566238390514627,0.00027072231750935316,0.00015181423805188388
1,1,0.00012335854989942163,0.9993425011634827,0.00039700043271295726,0.00013712576765101403
0,0,0.9995005130767822,0.00011466040450613946,0.0002529569319449365,0.00013190374011173844
0,0,0.999488353729248,0.00014201622980181128,0.00026420369977131486,0.00010544082761043683
0,0,0.9994664788246155,0.0001241743884747848,0.0002596560516394675,0.00014969179756008089
1,1,0.00010561436647549272,0.9996070265769958,0.0001435719896107912,0.00014377629850059748
2,2,0.0008613650570623577,0.0004194968205410987,0.9985451698303223,0.00017399016360286623
0,0,0.999447762966156,0.00012326263822615147,0.00027631185366772115,0.00015263233217410743
2,0,0.9994691014289856,0.00011177158012287691,0.0002747864928096533,0.00014444369298871607
1,1,0.0001106091876863502,0.9996045231819153,0.00015452937805093825,0.0001303895260207355
2,2,0.0003045308403670788,0.000317629222990945,0.9991312623023987,0.0002466236473992467
0,1,0.0006654714234173298,0.9990077614784241,0.00018963692127726972,0.0001372109109070152
1,1,0.00011375005124136806,0.999588668346405,0.000161026677233167,0.0001365095522487536
2,1,0.00011723900388460606,0.9995998740196228,0.00015477999113500118,0.00012815435184165835
1,1,0.00017731203115545213,0.9995465874671936,0.00014649471268057823,0.0001295619149459526
0,1,0.00017771321290638298,0.999534010887146,0.00015987135702744126,0.00012850607163272798
1,1,0.0003425472532398999,0.9993547797203064,0.0001780137827154249,0.00012458302080631256
2,0,0.9942574501037598,0.0002616755082271993,0.004927607253193855,0.0005532157956622541
0,0,0.9995036125183105,0.00010200046381214634,0.0002635529381223023,0.00013086505350656807
0,0,0.9994575381278992,0.00011837255442515016,0.00028927373932674527,0.00013484153896570206
1,2,0.0006489396910183132,0.1341506391763687,0.8639205694198608,0.0012799279065802693
2,1,0.00013853989366907626,0.9968677163124084,0.0026846379041671753,0.0003090987738687545
2,2,0.00031326059252023697,0.0002340530336368829,0.999171257019043,0.0002815109910443425
1,1,0.00010798500443343073,0.9995853304862976,0.00017492713232059032,0.00013183457485865802
0,0,0.9994816184043884,0.00012218733900226653,0.00024717359337955713,0.00014901052054483443
2,0,0.9994736313819885,0.00011533463111845776,0.00027792135369963944,0.00013306342589203268
2,1,0.00010245727753499523,0.9996129870414734,0.0001442220964236185,0.00014032873150426894
1,1,9.366794256493449e-05,0.9996065497398376,0.0001646218734094873,0.00013510182907339185
0,0,0.9995019435882568,0.00015949860971886665,0.00021423783618956804,0.00012434042582754046
1,1,0.00010428018140373752,0.9992555975914001,0.0004942429950460792,0.00014584533346351236
1,1,0.0001097898930311203,0.9996160268783569,0.00015037860430311412,0.00012376400991342962
2,2,0.0003039611619897187,0.00030323327518999577,0.9991004467010498,0.00029238630668260157
0,0,0.9994589686393738,0.00012692382733803242,0.0002726947423070669,0.00014134903904050589
1,1,0.0001267524785362184,0.9995183944702148,0.00017565563030075282,0.00017917341028805822
1,2,0.00021214684238657355,0.0007926959660835564,0.9986648559570312,0.0003303547273389995
2,2,0.0003097195294685662,0.00035823520738631487,0.9990763664245605,0.0002556349791120738
0,0,0.9994620680809021,0.00011905100109288469,0.0002752275322563946,0.00014362361980602145
1,2,0.0007381234900094569,0.00019032179261557758,0.9988297820091248,0.0002417607029201463
0,0,0.9992647767066956,9.014397801365703e-05,0.000516989326570183,0.0001280604483326897
2,2,0.017853813245892525,0.002128019230440259,0.9798293113708496,0.0001888288534246385
1,1,0.00017593326629139483,0.9995566010475159,0.00014940850087441504,0.00011802683002315462
2,2,0.0003522156039252877,0.00021744680998381227,0.9991546869277954,0.000275677622994408
0,0,0.9994978904724121,0.00011571356299100444,0.00024058431154116988,0.00014582366566173732
2,1,0.00010991150338668376,0.9981926083564758,0.0014906934229657054,0.00020680739544332027
0,0,0.9994427561759949,0.00011399971117498353,0.0003052251413464546,0.00013803821639157832
1,1,0.00010878113971557468,0.9996066689491272,0.00015615411393810064,0.00012845684250351042
0,0,0.9994704127311707,0.00012135367433074862,0.0002741573262028396,0.00013413182750809938
1,1,0.03450808301568031,0.9636116027832031,0.0011498621897771955,0.0007304554455913603
2,2,0.0003071269311476499,0.00028385777841322124,0.9991379976272583,0.00027099152794107795
3,0,0.9994643330574036,0.00010789011139422655,0.00028784500318579376,0.0001399514585500583
2,2,0.0005164126050658524,0.00023793918080627918,0.9990047812461853,0.0002409683511359617
1,1,9.619972115615383e-05,0.9996036887168884,0.00016464779037050903,0.000135448994114995
0,1,0.00016257876995950937,0.9995386600494385,0.00016826187493279576,0.0001304279430769384
2,1,0.07017751038074493,0.9276034235954285,0.0017029099399223924,0.0005161782610230148
1,1,0.00038579286774620414,0.9992964267730713,0.00017247776850126684,0.0001453665317967534
0,0,0.9994682669639587,0.00011221248132642359,0.00027495299582369626,0.00014449277659878135
1,1,0.021996332332491875,0.975769579410553,0.0011642829049378633,0.0010698192054405808
2,0,0.5004096031188965,0.0002952032082248479,0.49767443537712097,0.0016207541339099407
1,1,0.00010352800018154085,0.9996007084846497,0.0001639350230107084,0.00013180931273382157
0,0,0.9818752408027649,0.017478138208389282,0.000349411740899086,0.00029724041814915836
1,1,0.00010724645835580304,0.9996022582054138,0.00015997164882719517,0.0001306466292589903
2,1,0.000128485044115223,0.9989873766899109,0.0006876492989249527,0.0001965454575838521
1,2,0.0003119068860542029,0.0002853809855878353,0.9991301894187927,0.00027252573636360466
0,0,0.9994339346885681,0.0001257690164493397,0.0003041215240955353,0.00013607123401015997
1,1,0.00010797794675454497,0.9995751976966858,0.00017587834736332297,0.0001410221157129854
2,1,0.00010168371954932809,0.9996073842048645,0.00015281079686246812,0.00013806410424876958
2,0,0.9903106093406677,0.009168868884444237,0.0003136246232315898,0.00020690746896434575
2,2,0.0003190913703292608,0.0003355198714416474,0.9990805387496948,0.0002648098743520677
0,0,0.9993119239807129,0.00010029465920524672,0.00046639368520118296,0.0001213850118801929
1,1,0.00010538740025367588,0.9996213912963867,0.00014292077685240656,0.0001302063319599256
2,2,0.07858388125896454,0.0029014081228524446,0.9180154800415039,0.0004991727182641625
2,1,0.008222858421504498,0.9886886477470398,0.002810258651152253,0.00027832045452669263
1,1,9.395649976795539e-05,0.9996050000190735,0.0001656816020840779,0.00013533220044337213
0,0,0.9994730353355408,0.00010886767995543778,0.00028202225803397596,0.00013608939480036497
2,1,0.00018725240079220384,0.9980758428573608,0.0015711042797192931,0.00016577969654463232
1,1,0.00020818915800191462,0.9994953870773315,0.00018666601681616157,0.00010972368181683123
1,1,0.00010588844452286139,0.9995818734169006,0.00017177953850477934,0.00014052886399440467
2,0,0.9994882345199585,0.00018387976160738617,0.00020530160691123456,0.0001225882733706385
0,0,0.9994520545005798,0.00013008734094910324,0.00026107256417162716,0.00015677782357670367
0,0,0.999462902545929,9.644694364396855e-05,0.0003018029674421996,0.00013890000991523266
2,2,0.00027002187562175095,0.0015957520809024572,0.9978918433189392,0.00024244363885372877
1,1,9.191127173835412e-05,0.9996285438537598,0.00014778750482946634,0.00013180305541027337
0,0,0.9940359592437744,0.0001516358315711841,0.005496368743479252,0.00031590997241437435
2,2,0.00034465728094801307,0.005891779437661171,0.9934569001197815,0.0003067276265937835
1,1,0.000660013931337744,0.998980700969696,0.00022317997354548424,0.0001360904861940071
2,2,0.0005492024938575923,0.00022981602523941547,0.9990063309669495,0.00021457560069393367
0,0,0.9995087385177612,0.0001063350573531352,0.00024363957345485687,0.00014127534814178944
1,1,9.798478276934475e-05,0.9995883107185364,0.00018116678984370083,0.00013252752250991762
0,0,0.9994640946388245,0.00012072404206264764,0.000269384472630918,0.00014581414870917797
2,0,0.9994895458221436,0.0001643961586523801,0.00021786951401736587,0.00012815486115869135
1,1,0.00014858243230264634,0.9995418787002563,0.00016311912622768432,0.00014645462215412408
2,1,0.1041773185133934,0.8804153203964233,0.01499116513878107,0.000416113791288808
1,0,0.9803875684738159,0.018984554335474968,0.0003948335943277925,0.0002330647112103179
0,1,0.11310775578022003,0.8853814005851746,0.0008101785206235945,0.0007005719817243516
2,1,0.0001108935903175734,0.9979115128517151,0.0017681175377219915,0.00020950190082658082
1,1,7.763286703266203e-05,0.9993196725845337,0.0004482677613850683,0.00015434177475981414
0,0,0.9994776844978333,0.0001046796387527138,0.0002754295419435948,0.00014224080950953066
1,1,0.0006893443642184138,0.9980966448783875,0.0010830387473106384,0.00013103576202411205
3,0,0.9993911981582642,0.00011096528032794595,0.0003777834353968501,0.0001200889892061241
2,1,0.00012554008571896702,0.9995688796043396,0.00017125501472037286,0.00013427494559437037
0,0,0.9994658827781677,0.00011599955905694515,0.00027331546880304813,0.000144817735417746
2,2,0.0003382532449904829,0.0003364328877069056,0.999098539352417,0.00022675111540593207
1,1,0.00012567952217068523,0.9995899796485901,0.0001600236864760518,0.00012431107461452484
1,1,9.997163579100743e-05,0.999594509601593,0.00017578498227521777,0.00012978083395864815
0,0,0.9992049336433411,0.0002594945253804326,0.0004458544426597655,8.978416735772043e-05
2,1,9.811409836402163e-05,0.9996216297149658,0.000142820252222009,0.0001373451086692512
1,1,9.916550334310159e-05,0.9996139407157898,0.00014236808056011796,0.00014456897042691708
2,1,8.446796709904447e-05,0.9992876648902893,0.0004709537897724658,0.00015690622967667878
0,0,0.999484658241272,0.0001234834489878267,0.00024113032850436866,0.0001506339613115415
2,1,0.00022850286040920764,0.9990456700325012,0.0005785672692582011,0.0001471883588237688
0,0,0.9994791150093079,0.00017814242164604366,0.00022444396745413542,0.00011825100227724761
1,1,9.501739987172186e-05,0.9995902180671692,0.00016857350419741124,0.0001461916690459475
2,1,0.00019539987260941416,0.9992716908454895,0.00035331581602804363,0.00017968149040825665
1,1,0.0001545902923680842,0.9995693564414978,0.00014198262942954898,0.00013406939979176968
0,0,0.9994877576828003,0.00012786922161467373,0.000240470384596847,0.00014393088349606842
2,0,0.9847919940948486,0.00031665657297708094,0.014694523997604847,0.00019684917060658336
1,1,0.0002104044979205355,0.9994781613349915,0.00020251507521606982,0.0001088782082661055
0,0,0.9995235204696655,0.00014425758854486048,0.00020029980805702507,0.00013192626647651196
0,0,0.999515175819397,0.00010811312677105889,0.00024012084759306163,0.00013665504229720682
1,1,0.00021203362848609686,0.9994958639144897,0.0001562706020195037,0.00013580119411926717
2,2,0.00045051181223243475,0.00020797223260160536,0.9990672469139099,0.0002742634969763458
1,2,0.0008226352510973811,0.00027754754410125315,0.9986892342567444,0.00021054963872302324
0,0,0.999480664730072,0.00011815693869721144,0.0002571915101725608,0.000143936718814075
2,1,9.442306327400729e-05,0.9995744824409485,0.00018342919065617025,0.0001475806493544951
2,0,0.9993589520454407,0.0001261541765416041,0.0003897951391991228,0.00012504692131187767
1,1,9.735603089211509e-05,0.9996129870414734,0.00015258128405548632,0.000137159091536887
2,2,0.00026021632947959006,0.000453160610049963,0.9990273714065552,0.00025930150877684355
1,1,0.0001238653203472495,0.9995865225791931,0.00016655381477903575,0.00012307042197789997
2,2,0.0002396789495833218,0.0003794125805143267,0.9991077780723572,0.0002731151762418449
0,0,0.9994658827781677,0.00012325945135671645,0.00026060405070893466,0.00015032661031000316
0,0,0.9994854927062988,0.00011648872896330431,0.00025541966897435486,0.00014252746768761426
2,1,0.008202183991670609,0.9880252480506897,0.0035779192112386227,0.00019473754218779504
1,1,0.00011928666936000809,0.9995960593223572,0.0001552841713419184,0.00012942816829308867
2,1,0.0002909213653765619,0.9965502023696899,0.002979040378704667,0.0001798437297111377
0,0,0.9995098114013672,0.00011228908260818571,0.0002345889515709132,0.00014328652468975633
1,1,0.00012294331099838018,0.9995726943016052,0.00016923707153182477,0.00013510989083442837
1,1,0.0001111930760089308,0.9995917677879333,0.0001580173266120255,0.00013901785132475197
0,0,0.9994514584541321,0.00011808567796833813,0.00028489914257079363,0.00014563136210199445
2,0,0.9957571625709534,0.0025117159821093082,0.001617365749552846,0.0001137543804361485
0,0,0.999482274055481,0.00013177648361306638,0.000251793913776055,0.0001341935567324981
3,2,0.0006659927894361317,0.0005155390244908631,0.9986225366592407,0.0001959377696039155
1,1,7.164799171732739e-05,0.9995286464691162,0.00024844653671607375,0.000151315878611058
0,0,0.9992840886116028,8.83616812643595e-05,0.0005000819801352918,0.00012754503404721618
1,1,0.00010051402205135673,0.9995978474617004,0.0001684532908257097,0.00013319525169208646
2,2,0.0003063301555812359,0.000245699193328619,0.9991123080253601,0.0003355911758262664
0,0,0.9994638562202454,0.00016472792776767164,0.0002389214059803635,0.00013248271716292948
0,0,0.999496579170227,0.0001221259153680876,0.00023462119861505926,0.00014668868971057236
1,0,0.990646481513977,0.008802223019301891,0.00035052295424975455,0.00020084527204744518
0,0,0.9993519186973572,0.00024403918359894305,0.0002960591809824109,0.00010804517660290003
0,0,0.9869616031646729,0.012397772632539272,0.0003831479116342962,0.00025745335733518004
1,0,0.9798080325126648,0.019409336149692535,0.00046352489152923226,0.00031912271515466273
2,0,0.9994832277297974,0.00017844256944954395,0.00019600175437517464,0.00014235911658033729
1,1,8.655620331410319e-05,0.9996144771575928,0.00016225341823883355,0.0001366219512419775
1,0,0.9994743466377258,0.00013202322588767856,0.00024817397934384644,0.00014552751963492483
1,1,0.0001033315493259579,0.9995954632759094,0.00016211731417570263,0.0001390480756526813
2,0,0.9976534247398376,0.0017583498265594244,0.00048625285853631794,0.00010195087088504806
0,0,0.9975817203521729,0.00011578219709917903,0.0021436091046780348,0.00015895279648248106
2,1,9.303059778176248e-05,0.9977396726608276,0.0018467075424268842,0.00032054216717369854
1,2,0.00032218993874266744,0.0002644420019350946,0.9990922212600708,0.000321153667755425
0,0,0.9994389414787292,0.00012498776777647436,0.00028697046218439937,0.0001490379945607856
3,0,0.9994420409202576,0.00015014479868113995,0.00029543208074755967,0.0001123062102124095
0,0,0.9995086193084717,0.00011318550969008356,0.00024120094894897193,0.00013698059774469584
1,2,0.0036548662465065718,0.000653328257612884,0.9954246878623962,0.00026711111422628164
1,2,0.0006447113119065762,0.00018843813450075686,0.998906135559082,0.00026078394148498774
2,2,0.0004415979783516377,0.00021191113046370447,0.9990556836128235,0.0002907823654823005
0,0,0.9994943141937256,0.00012434185191523284,0.0002392545429756865,0.00014202872989699244
0,0,0.9994621872901917,0.00014480904792435467,0.00024049196508713067,0.00015261210501194
1,0,0.9919852018356323,0.0070333657786250114,0.0006099953898228705,0.0003714582126121968
2,2,0.0003879311552736908,0.00032668415224179626,0.9990022778511047,0.0002831525052897632
0,0,0.9994805455207825,0.00012277251516934484,0.00026169695775024593,0.00013510837743524462
2,2,0.00034931054688058794,0.0004417266172822565,0.9989578723907471,0.00025110275601036847
1,1,9.11475217435509e-05,0.9995935559272766,0.000161253527039662,0.0001541142992209643
0,0,0.9994773268699646,0.00012714351760223508,0.00024310573644470423,0.0001524464023532346
2,1,7.446781819453463e-05,0.9995105266571045,0.0002734804875217378,0.00014157651457935572
2,2,0.00027072257944382727,0.000432946952059865,0.9990425705909729,0.00025373284006491303
2,2,0.00034585496177896857,0.00029182102298364043,0.9991344809532166,0.00022782290761824697
1,1,8.473310299450532e-05,0.999612033367157,0.00015371509653050452,0.00014953993377275765
0,0,0.9994810223579407,0.00011144965537823737,0.00027039414271712303,0.00013723858864977956
2,0,0.9993971586227417,0.00017361162463203073,0.0003212777082808316,0.00010786927305161953
1,1,0.00013746159675065428,0.9995595812797546,0.00017167073383461684,0.00013128126738592982
2,1,0.0004002517380286008,0.9990390539169312,0.0004308747302275151,0.0001297665003221482
1,1,9.916337876347825e-05,0.9995982050895691,0.00016109118587337434,0.00014158217527437955
2,2,0.00024725584080442786,0.002953700255602598,0.9964415431022644,0.0003574448055587709
0,0,0.99949049949646,0.0001451610296498984,0.00022063306823838502,0.00014360960631165653
1,1,8.917937520891428e-05,0.999574601650238,0.00019350684306118637,0.00014276111323852092
2,2,0.0003338201204314828,0.00022409889788832515,0.999148964881897,0.00029312114929780364
0,0,0.9994943141937256,0.00010912810830632225,0.00025052676210179925,0.0001460218772990629
0,0,0.9995119571685791,0.00012201835488667712,0.00022079334303271025,0.00014527507300954312
2,1,0.00010211103654000908,0.999583899974823,0.00018269837892148644,0.0001313455868512392
1,1,0.00010374364501331002,0.9995786547660828,0.0001841236517066136,0.00013347194180823863
2,2,0.0004117935604881495,0.006366480141878128,0.9929168224334717,0.0003049347142223269
1,1,0.0001982265675906092,0.9870331287384033,0.012306525371968746,0.00046212252345867455
0,0,0.9994080066680908,0.00011245950008742511,0.0003434040118008852,0.00013623169797938317
1,2,0.00043310574255883694,0.002688898239284754,0.9966241121292114,0.00025389829534105957
2,1,0.0014861898962408304,0.9281374216079712,0.06995373219251633,0.0004226155288051814
0,0,0.959918200969696,0.004574436694383621,0.035174231976270676,0.00033319415524601936
1,0,0.9994692206382751,0.00014099304098635912,0.00025437967269681394,0.00013536687765736133
2,2,0.00035437894985079765,0.0002325020614080131,0.9991287589073181,0.00028446243959479034
0,0,0.999483585357666,0.00012500588491093367,0.00025411759270355105,0.00013726355973631144
0,0,0.9994391798973083,0.0001308551145484671,0.00027860517730005085,0.00015143414202611893
1,1,0.00010577711509540677,0.9996103644371033,0.00015105889178812504,0.00013288315676618367
2,2,0.0007318343268707395,0.0016230718465521932,0.997485876083374,0.00015915320545900613
1,2,0.0006683687097392976,0.0052509065717458725,0.9938769936561584,0.00020382451475597918
0,0,0.9994874000549316,0.0001285702019231394,0.0002564968599472195,0.00012751978647429496
2,2,0.00033225322840735316,0.00020676397252827883,0.999152421951294,0.00030844227876514196
0,0,0.9994547963142395,0.0001424861402483657,0.0002631557872518897,0.0001395077124470845
1,1,0.00015838675608392805,0.9995065927505493,0.00020973895152565092,0.0001252273505087942
2,2,0.000435114634456113,0.00804850086569786,0.9912315011024475,0.00028493188438005745
0,0,0.9994921684265137,0.00011686493962770328,0.00026306076324544847,0.00012785197759512812
2,0,0.9990891218185425,0.0006043612957000732,0.0001915029133670032,0.00011499114771140739
1,1,0.00011916803487110883,0.9996100068092346,0.00014533006469719112,0.00012549507664516568
0,0,0.9995120763778687,9.662791126174852e-05,0.0002718564646784216,0.00011935947986785322
0,0,0.9995255470275879,0.00011301657650619745,0.00023064218112267554,0.00013078944175504148
1,1,0.00010982987441821024,0.9995777010917664,0.0001726701739244163,0.00013980416406411678
0,0,0.9995003938674927,0.00012025752221234143,0.0002355913893552497,0.00014374642341863364
1,1,9.644419333199039e-05,0.9996021389961243,0.00016091678116936237,0.00014051575271878392
2,2,0.00033605092903599143,0.00024776216014288366,0.9991366267204285,0.0002796106564346701
0,0,0.9994418025016785,0.0001582294498803094,0.000272207020316273,0.00012776290532201529
2,2,0.00036954114330001175,0.00038790638791397214,0.9990237951278687,0.00021875502716284245
1,1,9.30180394789204e-05,0.9996172189712524,0.00015084486221894622,0.00013895433221478015
1,0,0.9994794726371765,0.00021234217274468392,0.00017438596114516258,0.00013380276504904032
2,2,0.2927986681461334,0.005854133050888777,0.7006109356880188,0.0007363333133980632
0,0,0.9994766116142273,0.0001607563899597153,0.00021183649369049817,0.00015086450730450451
0,0,0.9994609951972961,0.00014786451356485486,0.00024404138093814254,0.00014709754032082856
2,2,0.00044779968447983265,0.0002992990775965154,0.9990180730819702,0.00023483429686166346
1,1,9.56674266490154e-05,0.9995903372764587,0.00018658852786757052,0.00012741281534545124
0,0,0.9995003938674927,0.00012422871077433228,0.00023972422059159726,0.0001356520369881764
2,2,0.0003826978208962828,0.0005169780342839658,0.9988880753517151,0.00021219630434643477
1,2,0.0005241507897153497,0.0008907993324100971,0.9984312653541565,0.00015375712246168405
1,1,0.00013004297215957195,0.9995895028114319,0.0001529401633888483,0.00012747578148264438
2,2,0.00025373761309310794,0.0004306064802221954,0.9990671277046204,0.00024855713127180934
0,0,0.999504566192627,0.00010845917859114707,0.00024893839145079255,0.00013805727940052748
1,1,0.00010873086284846067,0.9996030926704407,0.00015316744975280017,0.00013503400259651244
0,0,0.9994813799858093,0.00012050699297105893,0.0002514771476853639,0.00014666307833977044
2,1,0.00010822302283486351,0.9996013045310974,0.00015675472968723625,0.0001337276044068858
1,1,8.971187344286591e-05,0.9995606541633606,0.0001928368874359876,0.0001567679428262636
0,0,0.9994530081748962,0.00013350021617952734,0.0002875010250136256,0.00012593802239280194
2,2,0.0006519931484945118,0.0002176839770982042,0.9989204406738281,0.00020992801000829786
0,0,0.9994996786117554,0.0001076178959920071,0.0002415703347651288,0.00015121152682695538
1,1,8.689927199156955e-05,0.9994474053382874,0.00033048781915567815,0.0001352582185063511
2,1,9.758987289387733e-05,0.9992989301681519,0.0004518491623457521,0.00015162659110501409
2,2,0.00026697234716266394,0.00027918891282752156,0.9991777539253235,0.0002761581854429096
1,1,0.00011732632265193388,0.9996080994606018,0.00014570726489182562,0.00012892043741885573
0,0,0.999512791633606,0.0001611630286788568,0.00021121498139109462,0.00011477909720269963
1,1,9.411898645339534e-05,0.9996009469032288,0.00016112926823552698,0.00014376868784893304
0,0,0.9987971782684326,0.0006516783614642918,0.00035334291169419885,0.00019768319907598197
2,1,0.00821947306394577,0.9892102479934692,0.0023221035953611135,0.00024812048650346696
2,2,0.0002996341499965638,0.0004271814541425556,0.998970627784729,0.00030262625659815967
0,0,0.9994714856147766,0.00012457485718186945,0.00025113459560088813,0.0001527439890196547
1,2,0.0023164122831076384,0.00025531285791657865,0.9972342848777771,0.00019408568914514035
1,1,0.381487101316452,0.6157296299934387,0.0018285206751897931,0.0009548095404170454
2,0,0.9994699358940125,0.0001264160528080538,0.0002638984296936542,0.00013978441711515188
2,1,8.160100696841255e-05,0.999208390712738,0.0005669333622790873,0.00014301876944955438
0,0,0.9995114803314209,0.00010435633885208517,0.0002553951053414494,0.0001287787308683619
1,1,9.93972280411981e-05,0.9995961785316467,0.00016594563203398138,0.00013848375238012522
2,1,0.0035053417086601257,0.9959763884544373,0.0003182021901011467,0.0002000552776735276
2,1,9.826780296862125e-05,0.9996200799942017,0.00015624873049091548,0.00012537064321804792
0,0,0.9994986057281494,0.0001230262714670971,0.00023519137175753713,0.00014314315922092646
1,1,0.0001100801455322653,0.9995717406272888,0.00017356166790705174,0.00014470273163169622
3,0,0.9993615746498108,0.00019842897017952055,0.00032696378184482455,0.00011299544712528586
2,1,0.00016619804955553263,0.9995492100715637,0.00016265911108348519,0.00012193542352179065
1,1,0.00016050749400164932,0.9995341300964355,0.0001767718931660056,0.00012862354924436659
1,1,0.0002112676593242213,0.999431312084198,0.00017028547881636769,0.00018708605784922838
2,2,0.0004100915102753788,0.0002333580341655761,0.999103307723999,0.0002532420330680907
0,0,0.9994471669197083,0.00012448335473891348,0.0002818807843141258,0.00014646128693129867
2,2,0.0003068404330406338,0.0005624675541184843,0.9989296793937683,0.0002009487507166341
0,0,0.9994828701019287,0.00015132539556361735,0.0002314657176611945,0.00013424843200482428
1,1,0.00010416609438834712,0.999576985836029,0.00017912105249706656,0.00013971877342555672
0,0,0.9994791150093079,0.00012450893700588495,0.00024794047931209207,0.00014848343562334776
1,1,0.00011508203169796616,0.9996041655540466,0.00014687188377138227,0.00013394893903750926
2,1,7.424243813147768e-05,0.9994864463806152,0.0002880221582017839,0.00015126014477573335
1,1,0.00011583311425056309,0.9995748400688171,0.00016276430687867105,0.00014655808627139777
0,0,0.9994968175888062,0.0001390859397361055,0.00022195283963810652,0.00014211649249773473
2,2,0.00036128287320025265,0.00020702782785519958,0.999147891998291,0.0002838676155079156
1,1,9.917073475662619e-05,0.9995941519737244,0.00017380753706675023,0.0001329129299847409
0,0,0.9994195699691772,0.0002352891897317022,0.00024078256683424115,0.00010439341713208705
2,1,6.66217238176614e-05,0.9993269443511963,0.0004475124296732247,0.00015890866052359343
1,1,0.0019725144375115633,0.5492605566978455,0.44816961884498596,0.0005973093211650848
0,0,0.9994984865188599,0.00012519217852968723,0.00025025891955010593,0.00012613208673428744
2,2,0.0004702112637460232,0.00022456998704001307,0.9990450739860535,0.0002601549495011568
0,0,0.9994586110115051,0.00013598974328488111,0.0002549253695178777,0.000150454870890826
2,2,0.0003135915903840214,0.00021432110224850476,0.999167799949646,0.0003042508033104241
1,1,0.0013413430424407125,0.9421489834785461,0.056097984313964844,0.000411692337365821
1,1,8.54684694786556e-05,0.9996128678321838,0.00015353619528468698,0.00014813242887612432
2,2,0.0002511927450541407,0.0006783517310395837,0.9988595247268677,0.00021088376524858177
0,0,0.9994686245918274,0.00014567331527359784,0.0002490963670425117,0.00013661140110343695
2,2,0.0004961388185620308,0.00553551223129034,0.9937371015548706,0.00023120197874959558
0,0,0.9994567036628723,0.00011619312863331288,0.0002829257573466748,0.00014418124919757247
1,0,0.6271451711654663,0.3667393624782562,0.0051874807104468346,0.0009279849473387003
0,0,0.9991279244422913,0.0002548613992985338,0.0005065485020168126,0.00011062870180467144
1,1,9.440390567760915e-05,0.9995470643043518,0.00020334013970568776,0.00015508756041526794
2,1,0.00021676272444892675,0.985426664352417,0.013372596353292465,0.0009839743142947555
1,1,0.00012137326848460361,0.999600350856781,0.0001443524961359799,0.00013389758532866836
2,2,0.0003151694836560637,0.0002153499808628112,0.9991714954376221,0.0002980477875098586
2,1,0.011561157181859016,0.9866626858711243,0.00150144356302917,0.0002748125698417425
1,1,0.00013048590335529298,0.9995661377906799,0.00017737502639647573,0.00012593473365996033
0,2,0.0005174681427888572,0.00020583371224347502,0.9990272521972656,0.00024941202718764544
2,2,0.0003906698548234999,0.00028413598192855716,0.9990876913070679,0.0002374701580265537
0,0,0.9995044469833374,0.00010209416359430179,0.0002517325337976217,0.0001416658633388579
2,0,0.9978392720222473,0.0017943085404112935,0.0002307401882717386,0.00013563480752054602
1,1,0.00010633662895997986,0.9995606541633606,0.0001796587457647547,0.00015330754104070365
1,1,9.098849113797769e-05,0.999609649181366,0.00015179513138718903,0.0001476387697039172
2,1,0.00010102423402713612,0.9995645880699158,0.00019118319323752075,0.0001432110439054668
0,1,0.47028598189353943,0.5264984369277954,0.0025216201320290565,0.0006939933518879116
2,1,0.00011397797061363235,0.9995429515838623,0.00021336924692150205,0.00012981239706277847
1,1,0.00020459479128476232,0.999517560005188,0.0001544514234410599,0.0001234392257174477
2,2,0.00039148624637164176,0.0010392747353762388,0.998396098613739,0.00017312043928541243
0,0,0.9994693398475647,0.00019368287757970393,0.0002155062393285334,0.00012144257925683632
2,1,0.0004886546521447599,0.9334661960601807,0.0652979239821434,0.0007472377037629485
1,0,0.9853361248970032,0.011370822787284851,0.0030517110135406256,0.00024130022211465985
1,1,0.00011583376181079075,0.9995881915092468,0.00016027265519369394,0.00013570704322773963
2,1,0.00014958236715756357,0.9995476603507996,0.0001829913235269487,0.00011971520143561065
0,0,0.9994590878486633,0.00012104276538593695,0.00027287687407806516,0.0001469806011300534
0,0,0.9993019104003906,9.188562398776412e-05,0.0004891682765446603,0.00011710250691976398
2,2,0.0003105723299086094,0.00021488664788194,0.9991785883903503,0.0002960030687972903
1,1,0.0001063197196344845,0.9996009469032288,0.00016065283853095025,0.0001320945011684671
2,0,0.9994445443153381,0.00010439383913762867,0.0003085080243181437,0.00014254542475100607
1,1,0.00010343320172978565,0.9995973706245422,0.0001663273578742519,0.00013283835141919553
2,2,0.00036212956183589995,0.00022969632118474692,0.9991298317909241,0.0002784286334645003
1,1,0.00010124329128302634,0.9995848536491394,0.00017781532369554043,0.00013605246203951538
0,0,0.9994958639144897,0.00011653505498543382,0.00025934248697012663,0.0001281682780245319
2,2,0.00037782095023430884,0.00029497776995413005,0.9990801811218262,0.0002470316831022501
0,0,0.9994383454322815,0.0001239982375409454,0.000306605186779052,0.00013111084990669042
0,0,0.9994797110557556,0.000134635076392442,0.00023527418670710176,0.00015035405522212386
1,1,0.00025142048252746463,0.9993600249290466,0.0002342841908102855,0.000154329594806768
1,2,0.0004071079601999372,0.00823356956243515,0.9909334182739258,0.0004260095884092152
0,0,0.9994675517082214,0.00011637738498393446,0.0002670912945177406,0.00014894903870299459
2,2,0.0008963089785538614,0.0020907269790768623,0.9968096613883972,0.00020325451623648405
2,2,0.00020355278684291989,0.0014825392281636596,0.9980059266090393,0.0003079414600506425
0,0,0.9994745850563049,0.00010797530558193102,0.0002677355951163918,0.00014974368968978524
1,1,0.00011569452908588573,0.9995784163475037,0.0001675364765105769,0.00013832263357471675
1,1,8.688415982760489e-05,0.9996206760406494,0.0001519242796348408,0.0001405049697495997
0,0,0.9994812607765198,0.00013592488539870828,0.0002441848337184638,0.00013870466500520706
2,2,0.0009052038658410311,0.1349693089723587,0.8632962107658386,0.0008291887934319675
0,0,0.9994673132896423,0.00011222863395232707,0.00027142773615196347,0.00014900910900905728
1,0,0.9991394281387329,0.00010425274376757443,0.0006287353462539613,0.0001275301183341071
2,0,0.9993863105773926,0.00012326751311775297,0.00035766296787187457,0.00013275547826196998
0,0,0.9971666932106018,0.00015216115571092814,0.0025655729696154594,0.00011558402184164152
2,1,0.00017407439008820802,0.9976328611373901,0.0019640433602035046,0.00022910317056812346
1,1,0.00012917048297822475,0.9993484616279602,0.0003871944500133395,0.00013523503730539232
1,1,8.923218410927802e-05,0.9995695948600769,0.00019710970809683204,0.00014410007861442864
2,2,0.00304879411123693,0.02565707080066204,0.9709703326225281,0.00032375153386965394
0,0,0.9994528889656067,0.00012387888273224235,0.00027324078837409616,0.00015005165187176317
2,0,0.9994043111801147,0.00010980694787576795,0.0003673213650472462,0.0001186391746159643
2,2,0.0003194337768945843,0.00044789479579776525,0.9989620447158813,0.0002706468221731484
0,0,0.9994663596153259,0.00011339204502291977,0.0002788328565657139,0.0001414810394635424
2,2,0.0003802190185524523,0.0004335345875006169,0.9990023970603943,0.00018383210408501327
0,0,0.9993890523910522,0.0001011454951367341,0.0003941480244975537,0.00011562705913092941
1,1,9.897906420519575e-05,0.999618411064148,0.00014169405039865524,0.00014082083362154663
1,1,9.012797818286344e-05,0.9995743632316589,0.0001820586621761322,0.00015342546976171434
1,2,0.0012556746369227767,0.028613753616809845,0.9698633551597595,0.00026723879273049533
0,0,0.9994989633560181,0.00010538041533436626,0.000245284492848441,0.0001502708182670176
1,1,0.00012075472477590665,0.9995226860046387,0.00022010803513694555,0.0001363886403851211
2,2,0.00025317136896774173,0.00034192154998891056,0.9991188645362854,0.00028600575751625
0,0,0.9994920492172241,0.0001234565716003999,0.00023707786749582738,0.00014742359053343534
0,2,0.0005727148964069784,0.00016082626825664192,0.9989493489265442,0.00031722933636046946
1,1,7.8144708822947e-05,0.9995996356010437,0.0001726788905216381,0.00014954250946175307
2,1,0.0011763280490413308,0.9975383281707764,0.001174290431663394,0.00011107953469036147
2,2,0.00041362212505191565,0.00022584269754588604,0.9991039633750916,0.0002565263712313026
0,0,0.9994534850120544,0.00013393232075031847,0.00027037353720515966,0.0001422802306478843
1,1,9.701210365165025e-05,0.9996187686920166,0.00016249150212388486,0.00012162000348325819
0,0,0.9994988441467285,0.00011767991964006796,0.00023633858654648066,0.0001470789866289124
3,2,0.0003328337916173041,0.00042533769737929106,0.9990272521972656,0.00021449459018185735
1,1,8.316988532897085e-05,0.9994207620620728,0.00032014475436881185,0.00017602935258764774
2,1,7.746969640720636e-05,0.9995187520980835,0.0002675110590644181,0.00013633034541271627
1,1,8.198682917281985e-05,0.9996059536933899,0.00017405874677933753,0.0001379617751808837
0,0,0.9994662404060364,0.00011651893146336079,0.00026965365395881236,0.00014759069017600268
0,0,0.9994644522666931,0.00012503340258263052,0.00026724563213065267,0.00014328042743727565
1,1,8.494791836710647e-05,0.999555766582489,0.00022476409503724426,0.00013453993597067893
2,2,0.00036991469096392393,0.00024887153995223343,0.9991247057914734,0.0002564683381933719
0,1,9.124080679612234e-05,0.9995655417442322,0.00020916723588015884,0.00013406672223936766
2,1,7.511511648772284e-05,0.9995822310447693,0.0002146792394341901,0.00012795852671843022
1,1,8.33460726425983e-05,0.9995933175086975,0.00018994994752574712,0.00013333202514331788
1,1,0.00016153253091033548,0.9995369911193848,0.00015592717682011425,0.0001456385653000325
0,0,0.9994639754295349,0.00012914770923089236,0.00025588495191186666,0.00015099860320333391
2,2,0.00036275284946896136,0.0005086720921099186,0.9989080429077148,0.00022057535534258932
0,0,0.9992978572845459,0.00039128551725298166,0.00019602129759732634,0.0001147221410064958
0,0,0.9994766116142273,0.0001592746120877564,0.00023486881400458515,0.00012928241631016135
1,1,0.0001116426574299112,0.9995957016944885,0.0001666935859248042,0.00012589462858159095
2,2,0.00036951134097762406,0.00021122611360624433,0.99913090467453,0.0002884061250369996
0,1,0.0033768564462661743,0.9960298538208008,0.0003111116820946336,0.0002822236274369061
1,1,7.870970148360357e-05,0.9995146989822388,0.00025646373978815973,0.0001500879880040884
0,0,0.9994879961013794,0.00011455437197582796,0.00025551850558258593,0.00014190639194566756
1,1,0.00011234056728426367,0.9995924830436707,0.00015374990471173078,0.0001414558500982821
2,0,0.9912673830986023,0.0075172060169279575,0.0008622223394922912,0.0003531980619300157
1,1,8.628686919109896e-05,0.9996032118797302,0.00016839684394653887,0.00014221416495274752
2,2,0.00035222573205828667,0.0002947967150248587,0.9991194605827332,0.00023356663587037474
0,0,0.9994822144508362,0.00011403835378587246,0.0002589676878415048,0.00014480102981906384
2,2,0.00610766839236021,0.31472042202949524,0.6784961819648743,0.0006757404189556837
0,0,0.9994768500328064,0.0001259764248970896,0.00025245858705602586,0.0001446763053536415
1,1,9.357623639516532e-05,0.9996168613433838,0.00014611362712457776,0.00014349895354826003
0,0,0.9994580149650574,0.0001360912574455142,0.00026383111253380775,0.0001421464839950204
1,1,9.450226207263768e-05,0.9996138215065002,0.00015679839998483658,0.00013486917305272073
2,2,0.0003039457369595766,0.0006785941659472883,0.9988068342208862,0.00021057120466139168
2,0,0.9994801878929138,0.00022144551621749997,0.00017582991858944297,0.00012252450687810779
2,2,0.0005061166593804955,0.0009208538685925305,0.9983946681022644,0.00017843430396169424
0,0,0.9994518160820007,0.00011124262528028339,0.0003047985373996198,0.00013217306695878506
1,1,7.013674621703103e-05,0.9995802044868469,0.00020168247283436358,0.0001479522616136819
0,2,0.05524264648556709,0.030825141817331314,0.913568377494812,0.00036383623955771327
2,2,0.0003990405530203134,0.00033283187076449394,0.9990414977073669,0.0002265173097839579
2,2,0.0003312192566227168,0.0003453337703831494,0.9990788698196411,0.00024451964418403804
1,1,0.00011571877257665619,0.9996010661125183,0.00015634413284715265,0.00012686273839790374
0,0,0.9995030164718628,0.00011103569704573601,0.00024636744637973607,0.0001395361323375255
2,0,0.9994567036628723,0.00021092695533297956,0.0002144758909707889,0.00011792840086854994
1,1,0.00014830147847533226,0.9995707869529724,0.00015461690782103688,0.00012628456170205027
2,0,0.9994401335716248,0.00011816905316663906,0.00029819051269441843,0.0001434966834494844
0,0,0.9994412064552307,0.00012792315101251006,0.00028868395020253956,0.00014220591401681304
1,2,0.00022928108228370547,0.0015765450662001967,0.9978612065315247,0.0003329891769681126
2,2,0.00029415235621854663,0.00047278983402065933,0.9989979863166809,0.00023503882403019816
1,1,0.00012191027781227604,0.9995947480201721,0.00014706994988955557,0.00013629964087158442
0,2,0.0006840819260105491,0.00023021806555334479,0.9988594055175781,0.00022626832651440054
2,2,0.0009294418850913644,0.00036903697764500976,0.9985188841819763,0.00018267157429363579
2,2,0.0008950628689490259,0.00043845101026818156,0.9983797073364258,0.0002867573930416256
0,0,0.999451220035553,0.00011634352267719805,0.0002778576163109392,0.00015458838606718928
1,1,0.0001229949702974409,0.999518871307373,0.00022038255701772869,0.0001377005537506193
1,1,0.00015713655739091337,0.9995688796043396,0.00014893303159624338,0.00012501249148044735
2,2,0.00031401810701936483,0.00028022672631777823,0.9991412162780762,0.0002646174398250878
0,0,0.999506950378418,0.00013134648906998336,0.00022756056569050997,0.00013407789811026305
2,1,0.0008693665149621665,0.989382266998291,0.009522338397800922,0.00022615239140577614
0,0,0.9994557499885559,0.00012587866513058543,0.00027075395337305963,0.0001476860197726637
1,1,0.00013263554137665778,0.9953916072845459,0.004134368151426315,0.0003413835947867483
0,1,0.005082607734948397,0.9943181872367859,0.0002925904409494251,0.000306664063828066
2,1,0.00010417492740089074,0.9995768666267395,0.00017304110224358737,0.000145955549669452
1,1,0.00013289514754433185,0.9995890259742737,0.00014593268861062825,0.00013219613174442202
2,2,0.00026135481311939657,0.0009155900916084647,0.9985841512680054,0.0002388725697528571
1,1,9.878222044790164e-05,0.9996113181114197,0.00014451109746005386,0.00014532305067405105
0,0,0.9994875192642212,0.00013710081111639738,0.00025098322657868266,0.0001244139566551894
1,1,0.00010535802721278742,0.9996067881584167,0.0001591863256180659,0.0001287413906538859
2,2,0.0005534252850338817,0.00037674495251849294,0.9988377690315247,0.00023204895842354745
2,1,0.0007373469998128712,0.9985652565956116,0.0005223376792855561,0.00017510127509012818
0,2,0.00043678542715497315,0.00024252217554021627,0.9990807771682739,0.00023990024055819958
1,1,0.0005436167703010142,0.9789279699325562,0.020214121788740158,0.0003142638015560806
2,2,0.00032512942561879754,0.00026516406796872616,0.999163031578064,0.00024660371127538383
2,2,0.0002661616599652916,0.0004209500038996339,0.9990567564964294,0.00025607013958506286
0,0,0.9994839429855347,0.0001251228095497936,0.0002406961575616151,0.00015018859994597733
1,1,0.00013200486137066036,0.9996059536933899,0.0001425056398147717,0.00011952584463870153
1,1,0.00015015543613117188,0.9953010082244873,0.0042640878818929195,0.0002847452706191689
3,0,0.9994875192642212,0.00014969352923799306,0.0002477799716871232,0.0001149941235780716
2,0,0.9994140863418579,0.00019938826153520495,0.00028906509396620095,9.74644863163121e-05
1,1,0.00010334944818168879,0.9996092915534973,0.00013915465387981385,0.0001482791849412024
2,0,0.9994226694107056,0.00011735983571270481,0.00032286930945701897,0.00013709963241126388
2,1,0.0001471785071771592,0.9994619488716125,0.00023103786224965006,0.00015986943617463112
0,0,0.997140645980835,0.0024642671924084425,0.00024401200062129647,0.00015108758816495538
1,1,8.831497689243406e-05,0.9995819926261902,0.0001911929139168933,0.00013849842071067542
2,2,0.000285743095446378,0.0003258319338783622,0.9991136193275452,0.0002748451952356845
2,1,8.096965029835701e-05,0.9995348453521729,0.0002134159585693851,0.00017076726362574846
0,0,0.9995143413543701,0.000126569444546476,0.00022298315889202058,0.00013618629600387067
1,0,0.9966393709182739,0.000551101635210216,0.0026167803443968296,0.00019273410725872964
1,1,0.00011461142275948077,0.999586284160614,0.00017185926844831556,0.000127248844364658
0,0,0.999496579170227,0.00011334985902067274,0.00024930466315709054,0.00014077158994041383
2,1,0.00014148265472613275,0.9995244741439819,0.0001784953783499077,0.00015557823644485325
2,2,0.0004068549897056073,0.000302085536532104,0.9990609288215637,0.00023016594059299678
1,0,0.934614896774292,0.06434077769517899,0.0006061139865778387,0.00043826515320688486
0,0,0.9994568228721619,0.00012978288577869534,0.00027172479894943535,0.00014164764434099197
2,0,0.999450147151947,0.00011142112634843215,0.0003091910039074719,0.00012923142639920115
1,1,9.13892436074093e-05,0.9996137022972107,0.00015240164066199213,0.00014256044232752174
0,0,0.9994888305664062,0.00011018654913641512,0.0002577772829681635,0.00014327162352856249
2,2,0.000422086741309613,0.0002468176244292408,0.9991003274917603,0.00023073390184435993
1,1,0.00022910897678229958,0.9994266033172607,0.00019677125965245068,0.00014755161828361452
0,0,0.9995037317276001,0.00012484731269069016,0.00022604622063226998,0.00014542358985636383
0,0,0.9994516968727112,0.0001228799083037302,0.00027575931744650006,0.00014964121510274708
1,1,0.00014884273696225137,0.9995707869529724,0.00014235582784749568,0.00013797639985568821
2,2,0.0006022591842338443,0.00023175985552370548,0.9989137649536133,0.00025214365450665355
2,0,0.9994184970855713,0.00010147270950255916,0.00033402800909243524,0.00014595581160392612
1,1,9.247373964171857e-05,0.9996089339256287,0.00015663518570363522,0.0001420731859980151
2,2,0.00035572779597714543,0.00024629314430058,0.9991406202316284,0.000257251929724589
1,1,0.0001105348055716604,0.9996013045310974,0.0001490825234213844,0.00013905709784012288
0,0,0.9994921684265137,0.00012259400682523847,0.0002444470883347094,0.00014066993026062846
2,2,0.0003884094476234168,0.00039787220885045826,0.9989976286888123,0.00021613914577756077
0,0,0.9994667172431946,0.0001299880532315001,0.00026036406052298844,0.00014298809401225299
1,1,0.0021154112182557583,0.9965007305145264,0.0006929340306669474,0.0006909536314196885
2,2,0.004627167712897062,0.0008014258928596973,0.9943960905075073,0.0001753925607772544
2,2,0.0004017782339360565,0.00022518736659549177,0.9991105198860168,0.00026257612626068294
1,1,0.001532178372144699,0.8643878102302551,0.133366659283638,0.0007134130573831499
0,0,0.9993458390235901,0.00014146977628115565,0.0003987711388617754,0.00011390747386030853
1,1,8.682149928063154e-05,0.9996088147163391,0.00015821377746760845,0.00014625283074565232
2,2,0.0003400506975594908,0.0003359102993272245,0.999083399772644,0.00024070411745924503
0,0,0.9994555115699768,0.00011636954150162637,0.0002820068330038339,0.0001460550702176988
0,0,0.9994252920150757,0.00011747996177291498,0.00032243444002233446,0.00013487601245287806
2,0,0.9811418652534485,0.01788300834596157,0.0007566619315184653,0.0002184583863709122
1,1,0.00038815749576315284,0.9851941466331482,0.01410888321697712,0.0003088013327214867
1,1,0.00011721900227712467,0.9994950294494629,0.00022046096273697913,0.00016730935021769255
2,1,0.00012005961616523564,0.9995689988136292,0.00016612306353636086,0.00014480862591881305
0,0,0.9994832277297974,0.00014649296645075083,0.0002317160106031224,0.00013852886331733316
1,1,0.005446276627480984,0.9940826296806335,0.00028866907814517617,0.00018242817895952612
2,1,0.0015573666896671057,0.997938334941864,0.0003638833004515618,0.00014042886323295534
0,0,0.9994667172431946,0.00012449469068087637,0.00025559880305081606,0.0001532584719825536
2,2,0.0006754021742381155,0.0003339818213135004,0.9988135099411011,0.0001771265669958666
2,2,0.0004703262820839882,0.0002782043593470007,0.9990249872207642,0.00022656733926851302
1,1,0.00011519355030031875,0.9995885491371155,0.00015810968761797994,0.00013813276018481702
0,0,0.9995130300521851,0.00012036001135129482,0.00023012452584225684,0.00013649166794493794
3,0,0.999491810798645,0.0001250011846423149,0.00025514568551443517,0.00012808319297619164
1,1,0.00012089585652574897,0.999596893787384,0.00015630442067049444,0.00012591037375386804
2,2,0.00029403663938865066,0.00023668434005230665,0.9991642236709595,0.0003050361992791295
0,0,0.9994856119155884,0.00014591745275538415,0.00023861034424044192,0.00012975939898751676
1,1,9.35478019528091e-05,0.9995943903923035,0.00016855217108968645,0.00014345766976475716
0,0,0.9994558691978455,0.00011091373744420707,0.00029217806877568364,0.0001410388940712437
2,0,0.9994174242019653,0.00012981813051737845,0.0003391088976059109,0.00011372664448572323
1,1,0.00011071542394347489,0.9986617565155029,0.0010415943106636405,0.0001859430776676163
2,0,0.9995100498199463,0.00012930697994306684,0.00022268577595241368,0.0001379093446303159
0,0,0.9994584918022156,0.00014211157395038754,0.00027734311879612505,0.00012204336235299706
1,0,0.9994750618934631,0.0001291019725613296,0.00025859466404654086,0.00013735548418480903
1,1,0.01474052108824253,0.9846324920654297,0.00038785627111792564,0.00023910542950034142
0,0,0.9994151592254639,0.00011267716035945341,0.0003248779394198209,0.00014727523375768214
2,1,0.00016290348139591515,0.9995521903038025,0.0001570322347106412,0.0001279097778024152
1,1,0.00027605946525000036,0.9837047457695007,0.015441181138157845,0.0005780544015578926
0,1,0.00968390516936779,0.9897426962852478,0.00033821299439296126,0.00023518592934124172
2,2,0.002447685459628701,0.00821905117481947,0.9891138076782227,0.00021939945872873068
0,0,0.9995201826095581,0.0001342794275842607,0.00020971680351067334,0.00013579516962636262
2,2,0.0003182826330885291,0.00023828173289075494,0.9991625547409058,0.0002809648576658219
1,2,0.00048258810420520604,0.0004917329060845077,0.9988207221031189,0.00020491535542532802
2,2,0.0009855098323896527,0.00016747899644542485,0.9986189603805542,0.00022813053510617465
2,2,0.00045098576811142266,0.00020452446187846363,0.9990768432617188,0.0002676402509678155
0,0,0.9994935989379883,0.00010487305553397164,0.00026484462432563305,0.0001366832439089194
0,0,0.9995163679122925,0.00010414507414679974,0.00023580485139973462,0.00014365717652253807
1,0,0.9995203018188477,0.00013167544966563582,0.00022215733770281076,0.00012591033009812236
2,1,8.344333036802709e-05,0.9994091987609863,0.00027896102983504534,0.00022844041814096272
1,1,0.00014098525571171194,0.999578058719635,0.0001446694222977385,0.0001363273913739249
1,1,9.243975364370272e-05,0.9996150732040405,0.00015739654190838337,0.0001350696402369067
2,2,0.0005266533698886633,0.0008599980501458049,0.9984351992607117,0.0001781434693839401
1,2,0.0013425429351627827,0.3371768295764923,0.6605713963508606,0.0009092341642826796
1,1,9.384047734783962e-05,0.9996101260185242,0.00016247195890173316,0.00013355813280213624
0,0,0.9994992017745972,0.00011064891441492364,0.0002579617139417678,0.00013223216228652745
2,2,0.0012692788150161505,0.0005199473816901445,0.9980443716049194,0.00016642711125314236
1,1,0.00010275574459228665,0.9995949864387512,0.00016664626309648156,0.0001356555731035769
0,0,0.9994532465934753,0.00013738247798755765,0.0002940931008197367,0.00011531842756085098
1,1,0.00011353378067724407,0.9995519518852234,0.0001915585744427517,0.00014293620188254863
2,1,0.0005183055181987584,0.9351568818092346,0.06355098634958267,0.000773794949054718
0,0,0.9994296431541443,0.00010561135422904044,0.00032130812178365886,0.0001433406287105754
1,1,7.809778617229313e-05,0.9994233846664429,0.0003293600748293102,0.00016915112792048603
2,2,0.00041278303251601756,0.004780127201229334,0.9945909976959229,0.0002160549338441342
0,0,0.9994625449180603,0.00011893951159436256,0.0002887121227104217,0.00012980838073417544
0,0,0.9994754195213318,0.00012796228111255914,0.0002495922090020031,0.00014700990868732333
1,1,9.798369137570262e-05,0.9995343685150146,0.0002248222881462425,0.0001428635005140677
2,1,0.00010670463962014765,0.9995927214622498,0.00016827193030621856,0.0001322294119745493
0,0,0.9979252815246582,0.00011282970808679238,0.0018322579562664032,0.0001295774563914165
0,0,0.9995131492614746,0.00011291950795566663,0.0002403540420345962,0.00013358669821172953
1,1,0.00011967944010393694,0.9995741248130798,0.0001699919084785506,0.000136154965730384
0,0,0.9994756579399109,0.00013906892854720354,0.00024462700821459293,0.00014062935952097178
0,1,0.00019921069906558841,0.9995168447494507,0.00015997140144463629,0.0001239975681528449
1,1,0.00021371313778217882,0.999480664730072,0.00015631515998393297,0.00014928560995031148
0,0,0.9994643330574036,0.00012160480400780216,0.0002670450776349753,0.00014712159463670105
1,1,7.607493898831308e-05,0.9995611310005188,0.00021399813704192638,0.0001488513662479818
0,2,0.2370956540107727,0.0009259129292331636,0.7611367702484131,0.0008416675846092403
1,1,0.0002243764029117301,0.9994783997535706,0.0001649445912335068,0.00013228364696260542
2,2,0.00033578186412341893,0.00019648729357868433,0.999159574508667,0.00030822245753370225
0,0,0.9994983673095703,0.00011208452633582056,0.0002482185373082757,0.00014137914695311338
1,1,0.00010433277930133045,0.9996175765991211,0.00014805504179093987,0.00013001004117541015
2,2,0.0003759522514883429,0.0003429030766710639,0.9990513920783997,0.0002297273458680138
0,0,0.9994885921478271,0.00010663117427611724,0.00027259544003754854,0.00013217075320426375
3,2,0.0009535677963867784,0.00027269896236248314,0.998529314994812,0.0002443453122396022
2,2,0.0016806760104373097,0.0002469312457833439,0.9978742599487305,0.00019812742539215833
0,0,0.9994829893112183,0.00010859594476642087,0.00027708738343790174,0.0001312771055381745
2,2,0.0003540724574122578,0.00021499823196791112,0.9991551637649536,0.0002757000911515206
0,0,0.9995154142379761,0.00011280480248387903,0.00022722399444319308,0.00014458243094850332
1,1,0.03610437735915184,0.9590057134628296,0.004545826464891434,0.00034407287603244185
1,1,9.915680129779503e-05,0.9995642304420471,0.00020299719471950084,0.00013353773101698607
2,2,0.0003180983185302466,0.00020105918520130217,0.9991517066955566,0.0003291471512056887
0,0,0.9995068311691284,0.00012330777826718986,0.0002332308649783954,0.0001366898650303483
2,0,0.9994668364524841,0.00011857748177135363,0.0002768076956272125,0.0001378434244543314
0,0,0.999467670917511,0.00012003370648017153,0.00026395771419629455,0.00014843203825876117
1,1,0.00011319771874696016,0.9995782971382141,0.00016738138219807297,0.00014109356561675668
1,1,9.45619831327349e-05,0.9996151924133301,0.00014555470261257142,0.0001446899987058714
2,2,0.0004144875274505466,0.0002829758159350604,0.9990655779838562,0.00023703297483734787
2,0,0.9994497895240784,0.00011264302884228528,0.00030967366183176637,0.00012794058420695364
2,2,0.25240546464920044,0.002334412420168519,0.7447794675827026,0.00048068506293930113
1,1,0.0001070931539288722,0.9996145963668823,0.00014608891797252,0.0001321807358181104
0,0,0.9994921684265137,0.00012861975119449198,0.00024009952903725207,0.000139082912937738
2,2,0.00029050264856778085,0.000261688488535583,0.9991612434387207,0.0002866197028197348
1,1,0.00013699661940336227,0.9992651343345642,0.00045408966252580285,0.0001438292529201135
0,0,0.9994939565658569,0.00012082141620339826,0.0002419627708150074,0.00014316801389213651
1,1,8.361830987269059e-05,0.9996165037155151,0.00015830692427698523,0.0001415639853803441
2,2,0.0006961485487408936,0.00019062909996137023,0.9988466501235962,0.00026659059221856296
0,0,0.9992755055427551,9.045583283295855e-05,0.0005046339356340468,0.00012948639050591737
1,1,0.00013585016131401062,0.9995951056480408,0.0001452112483093515,0.00012378714745864272
0,0,0.9992552399635315,0.00013084551028441638,0.0004902625805698335,0.00012361131666693836
2,2,0.0002951701753772795,0.000325072614941746,0.999128520488739,0.00025130927679128945
2,2,0.0003170865529682487,0.000438745686551556,0.9990178346633911,0.00022625026758760214
1,1,0.00011799876665463671,0.9995676875114441,0.00014403976092580706,0.00017025918350555003
0,0,0.9994688630104065,0.0001609738974366337,0.0002419227676000446,0.00012833101209253073
2,2,0.004898661281913519,0.023005323484539986,0.9718729853630066,0.00022305705351755023
0,0,0.9994621872901917,0.00011485125287435949,0.000266292248852551,0.00015668419655412436
1,1,0.00012531850370578468,0.9995647072792053,0.00015762759721837938,0.00015231034194584936
0,0,0.9982075691223145,0.0011632570531219244,0.0005111596547067165,0.00011802106746472418
2,2,0.0002567516639828682,0.0002743317745625973,0.9991596937179565,0.00030915363458916545
2,1,0.0015751556493341923,0.6648345589637756,0.33258384466171265,0.001006478094495833
1,1,9.780590335140005e-05,0.9972555041313171,0.0024165953509509563,0.00023014034377411008
0,2,0.0007851631380617619,0.00020258373115211725,0.9987924098968506,0.00021991346147842705
2,2,0.0003599139454308897,0.0002583740570116788,0.9991253018379211,0.00025644502602517605
2,2,0.00037059379974380136,0.00034365427563898265,0.9990358352661133,0.0002499668626114726
1,2,0.0008222240139730275,0.017919572070240974,0.9809040427207947,0.0003541406767908484
0,0,0.9994128942489624,0.00011070743494201452,0.00035146670415997505,0.00012497283751145005
1,1,9.8059703304898e-05,0.9996172189712524,0.00014612091763410717,0.00013861602928955108
0,0,0.9994822144508362,0.0001263475714949891,0.0002440891694277525,0.0001472894655307755
2,2,0.0003337011148687452,0.0003050708619412035,0.9991214871406555,0.00023970601614564657
0,1,0.0006759024690836668,0.9987815022468567,0.0002483266871422529,0.0002942745923064649
2,1,0.0003760539402719587,0.9974763989448547,0.0019805682823061943,0.00016691445489414036
1,1,0.0002498714893590659,0.9994045495986938,0.00019064410298597068,0.00015491926751565188
1,1,0.00010834424028871581,0.9995972514152527,0.00016193249030038714,0.00013256433885544538
2,2,0.0003246221167501062,0.0002701587800402194,0.9991301894187927,0.0002751049178186804
0,0,0.9994749426841736,0.00012028887431370094,0.00025758350966498256,0.00014719052705913782
0,0,0.9994949102401733,0.0001207132518175058,0.00025107679539360106,0.00013328218483366072
2,2,0.000369668094208464,0.00024814356584101915,0.9991106390953064,0.000271541066467762
1,1,9.709266305435449e-05,0.9995953440666199,0.00017537287203595042,0.00013210042379796505
2,0,0.9994887113571167,0.00011650088708847761,0.0002453865890856832,0.00014933354395907372
2,2,0.0003157849423587322,0.00030205579241737723,0.9991301894187927,0.0002519811678212136
1,2,0.0003026044578291476,0.0004836435546167195,0.9990091323852539,0.0002045978035312146
0,0,0.9467649459838867,0.051655884832143784,0.0006688003777526319,0.0009104005875997245
1,1,9.112757834373042e-05,0.9996026158332825,0.00015329117013607174,0.00015305567649193108
0,0,0.999466598033905,0.0001235625968547538,0.00025983492378145456,0.0001500279613537714
0,0,0.9995201826095581,0.00016143493121489882,0.00019776668341364712,0.00012064771726727486
2,2,0.00036774418549612164,0.0002266548399347812,0.999135434627533,0.000270127464318648
1,1,0.00011939336400246248,0.999569833278656,0.00017002881213556975,0.00014073170314077288
0,2,0.0003446427872404456,0.0003575270529836416,0.9990461468696594,0.0002515974047128111
1,1,0.00011026559513993561,0.9991886019706726,0.0005412222817540169,0.00015979782619979233
2,2,0.0007926381658762693,0.00026187236653640866,0.9987196922302246,0.00022575625916942954
2,2,0.0021517251152545214,0.00023898572544567287,0.9973293542861938,0.0002799667709041387
1,1,0.00022510511917062104,0.9994897842407227,0.00016040091577451676,0.00012468875502236187
0,0,0.9994858503341675,0.00013694391236640513,0.00023212692758534104,0.00014510416076518595
1,0,0.9993422627449036,0.00034605327527970076,0.00020124699221923947,0.00011043589620385319
3,1,0.18230538070201874,0.7879465222358704,0.02903021313250065,0.000717773858923465
0,0,0.9995088577270508,0.00012026886543026194,0.0002288924006279558,0.00014202510647010058
0,0,0.9994164705276489,0.0001197948440676555,0.0003172974684275687,0.00014651349920313805
1,1,0.0001169550814665854,0.9995936751365662,0.0001553729671286419,0.00013409591338131577
2,2,0.00035342216142453253,0.00031561453943140805,0.9991092085838318,0.00022172630997374654
0,0,0.9994969367980957,9.937333379639313e-05,0.0002657342702150345,0.00013791951641906053
2,2,0.10194113105535507,0.0005968871992081404,0.8969598412513733,0.0005020744283683598
2,0,0.9981860518455505,0.0007060369825921953,0.000983554869890213,0.00012435426469892263
2,2,0.00024277050397358835,0.001022400800138712,0.9984789490699768,0.0002558254054747522
1,1,0.00019607169087976217,0.9995204210281372,0.0001698890991974622,0.00011368100967956707
0,1,0.0001310348161496222,0.9995230436325073,0.0002122694131685421,0.00013365785707719624
1,1,9.850777860265225e-05,0.9995825886726379,0.00016743176092859358,0.00015149444516282529
0,0,0.9994578957557678,0.0001258221745956689,0.0002667537482921034,0.00014956893573980778
2,2,0.3523803651332855,0.2514370083808899,0.39558225870132446,0.0006003317539580166
2,0,0.9994811415672302,0.00012153077841503546,0.00027327454881742597,0.00012406930909492075
1,1,9.469039650866762e-05,0.9995760321617126,0.00019178527873009443,0.00013750750804319978
0,0,0.9994372725486755,0.00012415052333381027,0.0002988908963743597,0.00013967647100798786
1,1,0.0001182646956294775,0.9995805621147156,0.00016657139349263161,0.0001346265635220334
2,1,0.0005650712992064655,0.9986761212348938,0.0006449957727454603,0.00011377297778381035
0,0,0.9993041753768921,0.0003395824460312724,0.00025161344092339277,0.00010458793258294463
2,2,0.0005199062870815396,0.00044689697097055614,0.9988362193107605,0.00019708571198862046
0,0,0.9994792342185974,0.00011088649625889957,0.0002734286244958639,0.00013644227874465287
1,1,0.00014754147559870034,0.9995371103286743,0.00019629461166914552,0.00011903576523764059
1,1,0.00011178777640452608,0.9995891451835632,0.00016621181566733867,0.00013287109322845936
0,2,0.02632313035428524,0.003947142511606216,0.9695132970809937,0.00021641234343405813
0,0,0.9995129108428955,0.00014434303739108145,0.0002115383540512994,0.0001312942913500592
1,2,0.0006430070498026907,0.038946233689785004,0.9597037434577942,0.0007070565479807556
2,2,0.008018633350729942,0.0003810541529674083,0.9912934899330139,0.0003068537334911525
0,0,0.9994736313819885,0.00011503364657983184,0.0002663664345163852,0.00014499601093120873
0,0,0.9986878037452698,0.0001919753703987226,0.000990366912446916,0.00012987460650037974
2,0,0.9683189392089844,0.00023439338838215917,0.031149299815297127,0.00029745191568508744
1,2,0.0008347299299202859,0.01124608889222145,0.9876706600189209,0.00024845360894687474
2,1,0.00031741466955281794,0.9993947744369507,0.00016590760787948966,0.00012184986553620547
1,0,0.937534749507904,0.06109653040766716,0.0010670825140550733,0.0003015980473719537
0,0,0.9994606375694275,0.00012568759848363698,0.000260649889241904,0.00015300213999580592
0,0,0.9977700710296631,0.001527267275378108,0.0005651479586958885,0.0001376410509692505
2,1,0.011488239280879498,0.986527144908905,0.0017459047958254814,0.0002387246349826455
1,1,9.564920037519187e-05,0.999603807926178,0.00016280346608255059,0.00013774915714748204
1,2,0.00021287855634000152,0.0007903321529738605,0.9986138343811035,0.00038297410355880857
0,0,0.9994660019874573,0.00011828305287053809,0.00028193288017064333,0.00013380874588619918
2,2,0.000276658043731004,0.0004491575818974525,0.9990274906158447,0.0002466881414875388
2,2,0.00029737898148596287,0.00029451711452566087,0.9991451501846313,0.00026284781051799655
0,0,0.9994834661483765,0.0001351622777292505,0.00023318426974583417,0.00014812711742706597
2,2,0.0002660590980667621,0.0011410623556002975,0.9983671307563782,0.00022571918088942766
0,0,0.9995032548904419,0.0001257059193449095,0.00022915015870239586,0.00014188648492563516
1,1,0.00010896458843490109,0.9996026158332825,0.00015625657397322357,0.00013220953405834734
2,1,0.00010610940807964653,0.9995854496955872,0.0001583965349709615,0.0001499662612332031
0,0,0.9994950294494629,0.00011964281293330714,0.00024274933093693107,0.00014261368778534234
1,2,0.0003378125838935375,0.00031527801183983684,0.9990923404693604,0.000254561600740999
2,2,0.0009204090456478298,0.2726605236530304,0.72536700963974,0.0010520718060433865
0,0,0.9994207620620728,0.00010503997327759862,0.0003305785940028727,0.0001436341117369011
2,2,0.00037955783773213625,0.00021384832507465035,0.9991509914398193,0.0002555158862378448
1,2,0.0003101664478890598,0.0009957300499081612,0.9984706044197083,0.00022352064843289554
0,0,0.9993956089019775,0.00020499166566878557,0.00025977485347539186,0.00013968301936984062
2,1,8.645925117889419e-05,0.999583899974823,0.00015804909344296902,0.00017153758381027728
1,1,9.589816181687638e-05,0.9996225833892822,0.00014801498036831617,0.00013345616753213108
1,1,8.683387568453327e-05,0.9996054768562317,0.00016717998369131237,0.00014043692499399185
2,2,0.00025525770615786314,0.0003690313606057316,0.9990956783294678,0.0002800127840600908
0,2,0.004368375521153212,0.0003832244547083974,0.9950060248374939,0.00024237549223471433
2,1,9.290505113312975e-05,0.9995900988578796,0.00016649358440190554,0.00015055591939017177
1,1,0.00011308539978927001,0.9996089339256287,0.0001408209791406989,0.0001372057740809396
2,2,0.0005360403447411954,0.00021800000104121864,0.9990310668945312,0.0002149610809283331
0,0,0.9995455145835876,0.00010091523290611804,0.00021961319725960493,0.00013394428242463619
2,1,0.025327017530798912,0.972910463809967,0.0010533719323575497,0.0007092577870935202
2,1,0.00011283269850537181,0.9995566010475159,0.00019531526777427644,0.0001352157414657995
2,2,0.004541659727692604,0.0003047793288715184,0.9948594570159912,0.00029417959740385413
0,0,0.9994275569915771,0.00012022089504171163,0.0003293677291367203,0.0001228245673701167
1,1,9.9823773780372e-05,0.9995935559272766,0.00016534286260139197,0.00014127074973657727
0,0,0.9995003938674927,0.0001514835748821497,0.0002154475951101631,0.00013265862071420997
2,1,0.00010594711056910455,0.9995662569999695,0.0001947350101545453,0.00013313339150045067
1,1,0.0011974782682955265,0.9981876015663147,0.0003015061665792018,0.0003133745049126446
2,1,0.00012343206617515534,0.999592125415802,0.0001614588691154495,0.0001229824119945988
0,0,0.9771759510040283,0.00012576561130117625,0.022324029356241226,0.00037415881524793804
1,0,0.999153733253479,0.0005316177266649902,0.00019773395615629852,0.00011697743320837617
2,2,0.0006734875496476889,0.0003062050382141024,0.998816728591919,0.00020358918118290603
2,0,0.9983232617378235,0.00032047773129306734,0.0012529822997748852,0.00010334531543776393
1,2,0.0010479503544047475,0.03800227865576744,0.9605494737625122,0.0004003033391200006
0,2,0.0005270476685836911,0.00023771503765601665,0.999024510383606,0.00021062152518425137
2,2,0.00034011172829195857,0.00026227289345115423,0.9991232752799988,0.00027434059302322567
1,1,0.00010825067874975502,0.999594509601593,0.00016716652316972613,0.00013010724796913564
0,0,0.9992639422416687,0.000444111559772864,0.00018113166152033955,0.00011078778334194794
2,2,0.00025861975154839456,0.0005214759148657322,0.9989792108535767,0.00024063148885034025
1,1,0.00010073011799249798,0.999566376209259,0.00019063860236201435,0.00014229901717044413
0,0,0.9995039701461792,0.00011871541209984571,0.00023720416356809437,0.00014006100536789745
2,1,0.00013611956092063338,0.9995449185371399,0.00017009431030601263,0.00014884895063005388
1,0,0.9994151592254639,0.00027037400286644697,0.00019570282893255353,0.00011879274825332686
2,2,0.00029819668270647526,0.00025359034771099687,0.9991387128829956,0.00030946190236136317
0,0,0.9994345307350159,0.0001397100422764197,0.00029766943771392107,0.0001281496515730396
1,1,9.16928329388611e-05,0.9996179342269897,0.00015056974370963871,0.00013982287782710046
1,1,0.00010340644075768068,0.9996094107627869,0.00015553447883576155,0.0001316522975685075
0,0,0.9994361996650696,0.00016500418132636696,0.0002703626814763993,0.00012843101285398006
2,2,0.00030756238265894353,0.00026741978945210576,0.9991395473480225,0.00028550808201543987
0,0,0.9980528354644775,0.0010519764618948102,0.0007650595507584512,0.00013016091543249786
0,0,0.9995137453079224,0.0001301759184570983,0.00022185839770827442,0.00013421082985587418
1,1,7.575112249469385e-05,0.9996060729026794,0.00017122105055022985,0.0001469506387365982
1,1,0.00012665512622334063,0.9995654225349426,0.00015303991676773876,0.00015492335660383105
0,0,0.999498724937439,0.00012143515050411224,0.00024526574998162687,0.00013461991329677403
2,2,0.000468467827886343,0.0002537961699999869,0.9990259408950806,0.00025173870380967855
1,0,0.9994872808456421,0.00011463899136288092,0.0002566103357821703,0.00014140494749881327
2,2,0.000290955271339044,0.00034636229975149035,0.9991053938865662,0.0002572178200352937
0,0,0.999487042427063,0.00015526989591307938,0.0002154311368940398,0.00014228296640794724
0,0,0.9994341731071472,0.00019863991474267095,0.00022270985937211663,0.00014443094551097602
1,1,7.872688729548827e-05,0.999606192111969,0.00017211890371982008,0.00014301322516985238
2,2,0.0003291228786110878,0.0003842664009425789,0.9990561604499817,0.00023056248028296977
1,1,0.0001096916530514136,0.9995447993278503,0.00020676018903031945,0.00013864075299352407
1,1,0.00011039651144528762,0.9996205568313599,0.00013264635344967246,0.00013628535089083016
0,0,0.9995065927505493,0.00010764635953819379,0.00023965092259459198,0.00014619228022638708
1,1,0.00010018644388765097,0.9996103644371033,0.00014599190035369247,0.00014347104297485203
0,0,0.9994785189628601,0.00018482065934222192,0.00020151928765699267,0.0001351596729364246
2,2,0.00030156024149619043,0.0002911699120886624,0.9991419315338135,0.00026528621674515307
0,0,0.9994480013847351,0.00011512277706060559,0.000301907304674387,0.00013498551561497152
1,1,0.00010177525109611452,0.9995954632759094,0.00016751904331613332,0.0001351897808490321
2,2,0.00033537030685693026,0.0006299757515080273,0.9988365769386292,0.00019808259094133973
2,2,0.40125805139541626,0.06224394217133522,0.5358114838600159,0.0006865652976557612
0,0,0.9994878768920898,0.00011256312427576631,0.00026381309726275504,0.00013575426419265568
1,1,8.472356421407312e-05,0.999545156955719,0.00019992608577013016,0.00017011884483508766
1,1,0.00010646769078448415,0.9996070265769958,0.00014166244363877922,0.00014494056813418865
0,0,0.9994176626205444,0.00014993964578025043,0.0002968097396660596,0.00013560615479946136
2,2,0.00026411889120936394,0.00029618246480822563,0.9990712404251099,0.00036841491237282753
0,1,0.0015053929528221488,0.9981517195701599,0.00018251892470289022,0.00016040967602748424
1,1,0.00010885514348046854,0.9996066689491272,0.00015069660730659962,0.00013379797746893018
2,1,8.048571180552244e-05,0.9995806813240051,0.00018834753427654505,0.00015054903633426875
0,0,0.9994926452636719,0.00010581480455584824,0.0002638316946104169,0.00013776629930362105
1,1,0.00015240149514283985,0.99950110912323,0.00021379436657298356,0.00013278414553496987
3,0,0.9994595646858215,0.00013012008275836706,0.0002704855869524181,0.00013984205725137144
1,0,0.999462902545929,0.00012420200800988823,0.00027744166436605155,0.00013536406913772225
2,1,0.0001068369674612768,0.9995999932289124,0.00015454800450243056,0.0001385446375934407
0,1,0.016167007386684418,0.9815872311592102,0.0016662641428411007,0.000579620769713074
1,1,0.01247385237365961,0.9869192242622375,0.00032937643118202686,0.0002775307802949101
2,1,0.00011386651749489829,0.9995868802070618,0.00016974184836726636,0.00012954836711287498
0,0,0.9977157115936279,0.00012271830928511918,0.0019850300159305334,0.0001764706539688632
2,1,8.546621393179521e-05,0.9995216131210327,0.00020528750610537827,0.00018768466543406248
1,0,0.9994726777076721,0.00017438708164263517,0.00023900147061794996,0.0001139751766459085
0,0,0.9994773268699646,0.00011724833893822506,0.00025349706993438303,0.0001519139186711982
1,1,0.00010811648826347664,0.9993603825569153,0.0003466918133199215,0.00018479775462765247
0,0,0.9995505213737488,9.728629083838314e-05,0.00022334689856506884,0.00012882574810646474
0,0,0.9994926452636719,0.00012886192416772246,0.00023228970530908555,0.00014607903722207993
1,1,0.00013781740562990308,0.9995231628417969,0.00018125816131941974,0.0001577935618115589
0,0,0.9994640946388245,0.00020758550090249628,0.0001985276903724298,0.0001298686402151361
2,2,0.0002504766162019223,0.0002943465078715235,0.9991074204444885,0.000347707187756896
1,1,0.00011482102854643017,0.9995842576026917,0.0001596613583387807,0.00014131203352008015
0,0,0.9994064569473267,0.00014933176862541586,0.00030682235956192017,0.0001374529820168391
2,2,0.0004190509207546711,0.00026494410121813416,0.9990646243095398,0.0002513224317226559
0,2,0.0328342579305172,0.0012111390242353082,0.9656102657318115,0.0003443522728048265
1,2,0.002182893455028534,0.40949276089668274,0.5874531865119934,0.0008712238632142544
2,2,0.00030537170823663473,0.002003603847697377,0.9974350333213806,0.00025604633265174925
1,1,9.601663623470813e-05,0.9994850158691406,0.00027804673300124705,0.00014093330537434667
0,0,0.9993435740470886,0.00011299470497760922,0.0004059641796629876,0.00013745077012572438
2,1,0.0004706193576566875,0.9419509172439575,0.05694315582513809,0.0006353416247293353
2,1,7.431989797623828e-05,0.9993638396263123,0.0004060512001160532,0.0001558854419272393
1,1,7.917096809251234e-05,0.9996035695075989,0.0001796537690097466,0.00013767887139692903
0,0,0.999468982219696,0.0001362969196634367,0.00024845704319886863,0.00014629527868237346
0,0,0.9994760155677795,0.0001263240264961496,0.00025819914299063385,0.00013947302068118006
1,1,9.511347161605954e-05,0.999427855014801,0.0003279611119069159,0.0001490933500463143
2,2,0.000275494676316157,0.0012436937540769577,0.998244047164917,0.00023683106701355428
1,2,0.0002795966574922204,0.0008965110755525529,0.9985912442207336,0.0002325412497157231
0,0,0.9994404911994934,0.00012879425776191056,0.0002896876248996705,0.00014103403373155743
2,2,0.00033398461528122425,0.0003176832105964422,0.9991152882575989,0.00023308325035031885
1,0,0.9993402361869812,0.00021588463278021663,0.00031633125036023557,0.0001275168324355036
2,0,0.9991797804832458,0.0001804789644666016,0.0005237474688328803,0.00011600373545661569
0,2,0.00040761331911198795,0.00024557122378610075,0.9991100430488586,0.00023679679725319147
1,1,9.225383109878749e-05,0.9996084570884705,0.00014838883362244815,0.00015103525947779417
2,0,0.9978582262992859,0.00012979705934412777,0.0018831838387995958,0.00012876350956503302
2,2,0.02140067145228386,0.003136699553579092,0.9752362966537476,0.00022642074327450246
0,0,0.9994631409645081,0.00012927944771945477,0.00026701396564021707,0.00014062826812732965
2,2,0.0003804955049417913,0.00036666489904746413,0.9990273714065552,0.00022551203437615186
1,1,0.0004451895074453205,0.9991868138313293,0.00019534732564352453,0.00017254242266062647
0,0,0.9995063543319702,0.00010762785677798092,0.00024019155534915626,0.0001458336628274992
1,1,9.395402594236657e-05,0.9995518326759338,0.00019553929450921714,0.00015865411842241883
2,2,0.0005277575110085309,0.0008009900338947773,0.9983709454536438,0.0003003720776177943
0,0,0.9754400849342346,0.0010080025531351566,0.023242125287652016,0.0003098576271440834
1,1,0.00026787517708726227,0.9993826150894165,0.0001991564204217866,0.00015034920943435282
2,1,0.00022573475143872201,0.9964203834533691,0.0030923716258257627,0.00026152050122618675
0,0,0.9994920492172241,0.00011140423157485202,0.000254773476626724,0.00014184416795615107
2,2,0.0032100083772093058,0.317747563123703,0.6781665086746216,0.000875948288012296
1,2,0.0009482134482823312,0.013781671412289143,0.9849536418914795,0.0003164126828778535
2,2,0.0003533914277795702,0.0003248979046475142,0.9990781545639038,0.00024361333635170013
0,0,0.9994224309921265,0.00018347791046835482,0.0002529738412704319,0.0001411781704518944
1,1,9.475097613176331e-05,0.9996147155761719,0.00015084966435097158,0.00013966410188004375
0,0,0.9994969367980957,0.00011052306217607111,0.00026875128969550133,0.00012374596553854644
2,0,0.971991240978241,0.003957732580602169,0.02379094623029232,0.00026009028078988194
2,2,0.0005921182455495,0.005451919045299292,0.9935801029205322,0.0003759128740057349
1,1,7.782167085679248e-05,0.9995971322059631,0.00017610860231798142,0.00014897702203597873
0,0,0.9994136095046997,0.00012092096585547552,0.00032980978721752763,0.0001357203582301736
2,2,0.0003836546093225479,0.0002493592619430274,0.9991188645362854,0.00024812997435219586
2,1,0.0011489798780530691,0.7285340428352356,0.2693454325199127,0.0009715934866108
1,1,0.00010762934834929183,0.9995812773704529,0.00016891669656615704,0.00014217619900591671
0,0,0.9994878768920898,0.0001258582342416048,0.00024979462614282966,0.00013639872486237437
2,2,0.0002821595116984099,0.00026453149621374905,0.9991644620895386,0.0002888606395572424
0,0,0.9994408488273621,0.00012190953566459939,0.00028187123825773597,0.0001553675829200074
1,1,0.00013764898176304996,0.9995362758636475,0.0002071223279926926,0.00011898470984306186
2,1,9.227088594343513e-05,0.9995081424713135,0.00025452376576140523,0.00014505066792480648
0,0,0.9994910955429077,0.0001145043715951033,0.00025077981990762055,0.00014359684428200126
2,2,0.00023500215320382267,0.00041252499795518816,0.9990630745887756,0.0002893935306929052
0,0,0.9994366765022278,0.00010952894081128761,0.0003440891741774976,0.00010972299060085788
2,0,0.8319694995880127,0.003429870121181011,0.16433024406433105,0.0002704283979255706
1,1,0.004974978975951672,0.9395309686660767,0.05511126667261124,0.0003828727931249887
2,2,0.00029069080483168364,0.00020942847186233848,0.9991679191589355,0.00033189798705279827
0,0,0.9994264841079712,0.00010986573761329055,0.00032047988497652113,0.0001432217104593292
1,1,0.00011034892668249086,0.9995699524879456,0.00018261985678691417,0.0001370508107356727
2,0,0.9992608428001404,0.00011398037167964503,0.0004983203252777457,0.00012685137335211039
0,0,0.9994732737541199,0.00012108351074857637,0.0002534559171181172,0.00015221131616272032
1,0,0.9066019058227539,0.09218892455101013,0.0006073002004995942,0.0006018780404701829
0,0,0.9994956254959106,0.00010823914635693654,0.00025364465545862913,0.00014244738849811256
0,0,0.9994833469390869,9.949430386768654e-05,0.00028209458105266094,0.00013498564658220857
1,0,0.9992427825927734,0.00034201404196210206,0.00030781893292441964,0.00010739157733041793
0,1,0.00016502747894264758,0.9994314312934875,0.0002485363802406937,0.0001549578591948375
2,2,0.19787266850471497,0.06993641704320908,0.7314395308494568,0.0007513637538067997
1,1,0.00010405097418697551,0.9995574355125427,0.00020478040096350014,0.0001336766144959256
0,0,0.9995131492614746,0.00011843650281662121,0.0002261033223476261,0.00014225466293282807
2,2,0.0003774474316742271,0.0003668252029456198,0.9990090131759644,0.00024678639601916075
1,1,0.00010735042451415211,0.9995726943016052,0.0001849639811553061,0.00013498715998139232
0,1,0.1354491114616394,0.8620296716690063,0.0021545900963246822,0.0003667054697871208
2,2,0.00023400863574352115,0.0003694882325362414,0.999099850654602,0.0002966833708342165
1,1,9.612844587536529e-05,0.9996054768562317,0.00015758909285068512,0.00014085526345297694
2,2,0.0004659780242945999,0.000290730909910053,0.9990189075469971,0.00022433573030866683
1,1,0.00010679586557671428,0.9995623230934143,0.00019046012312173843,0.00014040045789442956
0,0,0.999450147151947,0.00010829328675754368,0.00029277749126777053,0.00014882491086609662
0,0,0.9995040893554688,0.00012916828563902527,0.00023692655668128282,0.0001299160794587806
2,2,0.00033856002846732736,0.0002493277715984732,0.9991470575332642,0.00026510321185924113
1,1,0.000187289624591358,0.9995174407958984,0.00015320970851462334,0.0001420186017639935
2,1,0.11224263161420822,0.44643935561180115,0.44054776430130005,0.0007702205330133438
0,1,0.0036354479379951954,0.8907706141471863,0.10501039028167725,0.0005835159099660814
1,1,0.0001044107266352512,0.9995890259742737,0.00017311997362412512,0.0001334206317551434
0,0,0.9994913339614868,0.00012227398110553622,0.0002455618523526937,0.00014077810919843614
2,2,0.0014160923892632127,0.0134437782689929,0.9845203757286072,0.0006196930771693587
1,1,0.00012076074199285358,0.9995562434196472,0.00018281863594893366,0.00014009706501383334
0,0,0.9994137287139893,0.0001055889151757583,0.0003460976586211473,0.00013454390864353627
1,1,0.00013256366946734488,0.9995692372322083,0.00016711671196389943,0.000131068256450817
0,0,0.9994354844093323,0.0001254681556019932,0.00030200547189451754,0.00013705159653909504
0,0,0.9993875026702881,0.00012701551895588636,0.00035360234323889017,0.0001318582653766498
2,2,0.0003185243112966418,0.00041800286271609366,0.9990290403366089,0.00023444548423867673
1,1,0.19066260755062103,0.8048688769340515,0.002931654918938875,0.0015368795720860362
0,0,0.999451220035553,0.0001237779506482184,0.00026915836497209966,0.0001559074007673189
1,1,0.00011222276225453243,0.999567449092865,0.00017540829139761627,0.00014493220078293234
2,2,0.0018970259698107839,0.30590882897377014,0.6914992928504944,0.0006948431837372482
1,1,0.00010462252976140007,0.999610960483551,0.0001449499832233414,0.00013958659837953746
2,2,0.0003440419095568359,0.00029652100056409836,0.9991235136985779,0.0002358907222514972
0,0,0.9994789958000183,0.00011699509195750579,0.00026313355192542076,0.00014091712364461273
0,0,0.9994439482688904,0.00015219248598441482,0.00026954582426697016,0.00013436269364319742
1,2,0.0004244592855684459,0.0013989575672894716,0.9979709982872009,0.00020560646953526884
2,1,0.00010304953320883214,0.9996071457862854,0.0001407003146596253,0.00014911965990904719
2,1,7.460852793883532e-05,0.998938262462616,0.0007941294461488724,0.0001930265425471589
0,0,0.9994751811027527,0.00011562841973500326,0.0002742506912909448,0.00013490719720721245
2,2,0.0002709219988901168,0.00032770936377346516,0.9991388320922852,0.00026247292407788336
1,1,8.140876889228821e-05,0.9996123909950256,0.00015910329238977283,0.00014722341438755393
2,2,0.0004620942927431315,0.015974372625350952,0.98322993516922,0.00033368446747772396
1,1,8.314895239891484e-05,0.9995972514152527,0.00018576702859718353,0.00013379084703046829
2,0,0.9994356036186218,0.00012891896767541766,0.00031777049298398197,0.00011772208381444216
0,0,0.9994800686836243,0.00012078135478077456,0.0002636774443089962,0.00013547837443184108
0,0,0.9994848966598511,0.0001205623775604181,0.000249606731813401,0.00014491028559859842
0,0,0.9994831085205078,0.00011377307964721695,0.00027270885766483843,0.00013030818081460893
0,2,0.22436568140983582,0.0027171429246664047,0.7724300622940063,0.0004872232966590673
1,1,0.00010619282693369314,0.9995911717414856,0.0001601991825737059,0.00014244673366192728
1,1,8.705688378540799e-05,0.9996181726455688,0.00014890871534589678,0.00014582577568944544
0,0,0.9994947910308838,0.00014884944539517164,0.00022784509928897023,0.00012847445032093674
2,1,7.27329243090935e-05,0.9995781779289246,0.0001972037134692073,0.0001518986828159541
2,1,8.734979928703979e-05,0.9995984435081482,0.00015142548363655806,0.00016277185932267457
0,0,0.9994776844978333,0.00011963857105001807,0.00025836584973149,0.00014441064558923244
1,0,0.9994134902954102,0.00024337111972272396,0.00021745065168943256,0.0001256659597856924
0,1,0.0001294753747060895,0.9995716214179993,0.00016005586076062173,0.00013886598753742874
1,2,0.000296309677651152,0.0002492119383532554,0.9990515112876892,0.0004028996336273849
2,2,0.0004357718862593174,0.0003239382349420339,0.9990317821502686,0.00020851573208346963
0,2,0.014245938509702682,0.4183715283870697,0.5667422413825989,0.0006402654689736664
2,2,0.00023454536858480424,0.0007070647552609444,0.9986086487770081,0.00044977685320191085
1,1,0.00011930712207686156,0.9995710253715515,0.00018845747399609536,0.00012113347474951297
2,2,0.0005656616995111108,0.0017261868342757225,0.9975290894508362,0.0001790296082617715
0,0,0.9994884729385376,0.00013126393605489284,0.00024071377993095666,0.0001395995932398364
1,1,7.253952935570851e-05,0.9995793700218201,0.00020674012193921953,0.00014128937618806958
1,1,0.00010870033293031156,0.9996045231819153,0.00015806485316716135,0.0001286593615077436
2,0,0.9990456700325012,0.00022230313334148377,0.0005640899762511253,0.0001679325505392626
0,0,0.9994887113571167,0.00011819418432423845,0.000254092738032341,0.0001389429671689868
0,0,0.9994887113571167,0.00012730754679068923,0.00026023597456514835,0.00012372536002658308
2,0,0.9994352459907532,0.0001209095207741484,0.0002884725108742714,0.0001553907204652205
1,2,0.0005234582349658012,0.0002391032612649724,0.9989928603172302,0.00024446105817332864
2,2,0.0003344954166095704,0.0002400102384854108,0.999138593673706,0.0002868962474167347
1,1,8.600595174357295e-05,0.9996009469032288,0.00017824587121140212,0.00013473040598910302
0,0,0.9994254112243652,0.0001245986932190135,0.0003341373521834612,0.00011587556218728423
1,1,0.00018075481057167053,0.9994833469390869,0.00020219985162839293,0.00013371680688578635
2,2,0.00030355097260326147,0.00026322659687139094,0.9991546869277954,0.0002785322139970958
0,0,0.9994614720344543,0.00011559166159713641,0.0002823866088874638,0.0001406284427503124
1,1,0.0004781644092872739,0.999224066734314,0.00017450973973609507,0.00012328253069426864
0,2,0.0009765945142135024,0.0002339039056096226,0.9985717535018921,0.00021778677182737738
2,1,9.537726873531938e-05,0.9987868666648865,0.0008758940966799855,0.00024176921579055488
0,2,0.000742447329685092,0.0002213452971773222,0.9988049268722534,0.00023126986343413591
0,0,0.9993712306022644,0.0001079823705367744,0.0004000726039521396,0.00012071293167537078
1,1,7.700542482780293e-05,0.9996140599250793,0.00015934559633024037,0.0001496258337283507
0,0,0.9904195666313171,0.0037168513517826796,0.005723081529140472,0.00014054686471354216
2,2,0.0003614041779655963,0.00029979622922837734,0.999087929725647,0.00025086518144235015
1,1,0.0001247168838744983,0.9995666146278381,0.00017517678497824818,0.00013350673543754965
0,0,0.9995074272155762,0.00011782377259805799,0.0002414506016066298,0.00013337437121663243
1,2,0.0040611568838357925,0.14999820291996002,0.8453985452651978,0.0005421031964942813
2,2,0.0006674944888800383,0.0010655272053554654,0.9980829954147339,0.00018402757996227592
0,0,0.9994403719902039,0.000114972579467576,0.00029618002008646727,0.00014846323756501079
1,1,0.00018861715216189623,0.9995195865631104,0.00015562021872028708,0.0001361916947644204
2,2,0.0003583240613806993,0.0002562098088674247,0.9991346001625061,0.00025090083363465965
2,2,0.00024391243641730398,0.00039038926479406655,0.9991196990013123,0.0002459854003973305
2,2,0.00027725749532692134,0.0004742341989185661,0.9990203380584717,0.00022819718287792057
0,0,0.9995049238204956,0.0001222215360030532,0.0002321178326383233,0.000140692776767537
1,1,9.940840391209349e-05,0.9995971322059631,0.00016737384430598468,0.00013613991905003786
2,1,8.632319077150896e-05,0.9995977282524109,0.00017577028484083712,0.00014021502283867449
0,0,0.9994478821754456,0.00011373434972483665,0.0002917052188422531,0.00014670798555016518
2,2,0.0003323193814139813,0.0034594654571264982,0.9958502054214478,0.00035799152101390064
0,0,0.9994184970855713,9.364254947286099e-05,0.00036015844671055675,0.0001276796538149938
1,2,0.0003623248776420951,0.00034633901668712497,0.9989824891090393,0.00030893940129317343
1,1,0.0001276576513191685,0.9995446801185608,0.0001760144077707082,0.00015161471674218774
0,2,0.0006176848546601832,0.00021402360289357603,0.9989271759986877,0.00024114365805871785
2,2,0.000796689186245203,0.00023385544773191214,0.9987629652023315,0.00020656632841564715
2,2,0.0005435768398456275,0.0002608346694614738,0.998984158039093,0.00021144661877769977
1,2,0.013789159245789051,0.0008699417230673134,0.9849847555160522,0.00035616144305095077
0,0,0.9995087385177612,9.421159484190866e-05,0.00025863200426101685,0.0001384103816235438
1,2,0.0002457887458149344,0.0018858093535527587,0.9975908994674683,0.000277482729870826
0,0,0.9993488192558289,0.00022253795759752393,0.00032406486570835114,0.00010455938900122419
2,1,0.00020492254407145083,0.9995065927505493,0.00017209304496645927,0.00011636382987489924
0,0,0.9994882345199585,0.0001459075283491984,0.00025305853341706097,0.00011272312985965982
1,1,0.0001475493481848389,0.9995540976524353,0.0001694697275524959,0.00012881368456874043
0,0,0.9993276596069336,0.00013571268937084824,0.0004079951613675803,0.00012869366037193686
2,2,0.0004094287287443876,0.00037705968134105206,0.9989883303642273,0.00022522661311086267
0,0,0.9994671940803528,0.0001310428633587435,0.0002556503750383854,0.00014604801253881305
1,1,9.53218768700026e-05,0.9995861649513245,0.00017805142852012068,0.00014045015268493444
1,1,0.00019305058231111616,0.9962472319602966,0.003340579569339752,0.00021908212511334568
0,0,0.9993256330490112,0.00012041125592077151,0.0004304766480345279,0.0001234663650393486
2,2,0.00045418462832458317,0.00026018789503723383,0.9990752935409546,0.00021029883646406233
0,0,0.9134929180145264,0.0018849038751795888,0.08435888588428497,0.0002632838150020689
0,2,0.0005477951490320265,0.0005156631232239306,0.9987629652023315,0.00017354133888147771
1,1,8.770123531576246e-05,0.9996215105056763,0.00015254475874826312,0.00013824367488268763
2,2,0.0004182644479442388,0.0002877100196201354,0.9990556836128235,0.00023832853185012937
1,1,0.00011129891208838671,0.9994865655899048,0.0002645231725182384,0.00013758584100287408
2,1,0.00010918826592387632,0.9996104836463928,0.0001569111191201955,0.00012345776485744864
1,1,0.0001221143320435658,0.9987664222717285,0.0009063999750651419,0.00020519578538369387
2,2,0.0007923843222670257,0.030701786279678345,0.9680321216583252,0.00047366711078211665
0,0,0.9698118567466736,0.00044050876749679446,0.029279185459017754,0.00046837428817525506
2,2,0.0002851682365871966,0.00030219522886909544,0.9991340041160583,0.00027871219208464026
1,2,0.0003740151005331427,0.025570185855031013,0.973566472530365,0.0004892806755378842
0,0,0.9994753003120422,0.00012560484174173325,0.00025140176876448095,0.00014772763825021684
0,0,0.9994788765907288,0.00011155085667269304,0.0002669965324457735,0.00014257301518227905
1,1,0.00010062738874694332,0.9995949864387512,0.0001705145405139774,0.00013398424198385328
2,2,0.00030877895187586546,0.00043234258191660047,0.9990381002426147,0.00022074024309404194
1,1,0.00012175716983620077,0.9995301961898804,0.000189809943549335,0.00015819787222426385
0,0,0.9995172023773193,0.00011146580800414085,0.00022340312716551125,0.00014787493273615837
2,2,0.4138524830341339,0.11078544706106186,0.47474396228790283,0.0006182119250297546
0,0,0.9994901418685913,0.0001344567135674879,0.0002290398842887953,0.00014643027679994702
1,1,8.280088513856754e-05,0.9990447163581848,0.0006922229658812284,0.00018018252740148455
2,1,0.005241542588919401,0.9940745234489441,0.0003327508457005024,0.00035125823342241347
1,0,0.9955944418907166,0.0001555420458316803,0.004094381351023912,0.00015559558232780546
0,2,0.001984009286388755,0.0003113368002232164,0.9974019527435303,0.00030272151343524456
2,0,0.9994737505912781,0.0001399435568600893,0.00025246405857615173,0.00013386696809902787
0,0,0.9992772936820984,0.00011981015268247575,0.0004710760258603841,0.00013175008643884212
1,1,0.00013724976452067494,0.9995662569999695,0.00015875507961027324,0.00013773690443485975
2,2,0.0007024783408269286,0.006889789365231991,0.9921098351478577,0.0002979093696922064
1,1,0.00010433463467052206,0.9995905756950378,0.00016608751320745796,0.00013900377962272614
0,0,0.9994449019432068,0.00010895216837525368,0.0003322449920233339,0.0001138010629802011
2,2,0.0003544360224623233,0.00023571899509988725,0.9990723133087158,0.0003374786756467074
0,0,0.9994850158691406,0.00012479201541282237,0.00024634681176394224,0.00014377411571331322
1,1,8.599266584496945e-05,0.9990348815917969,0.0006469338550232351,0.00023224441974889487
2,2,0.0006317305378615856,0.00032391984132118523,0.9988064765930176,0.00023782002972438931
0,0,0.9994497895240784,0.0001229375775437802,0.00029119240934960544,0.00013611985195893794
1,1,0.0002002955152420327,0.9995001554489136,0.0001662013091845438,0.00013331719674170017
2,2,0.00044163945131003857,0.000402549107093364,0.9989527463912964,0.00020303578639868647
3,0,0.9994623064994812,0.00013103047967888415,0.0002802828385028988,0.00012639664055313915
0,0,0.9994937181472778,0.00012117621372453868,0.0002461207041051239,0.00013888988178223372
1,1,8.135950338328257e-05,0.9995859265327454,0.00017938694509211928,0.00015334314957726747
1,1,0.00010247023601550609,0.9996040463447571,0.00015761081886012107,0.00013586330169346184
2,2,0.0004087564011570066,0.00026118694222532213,0.9991005659103394,0.0002295308222528547
0,0,0.9994888305664062,0.00010759826545836404,0.00026164049631915987,0.00014185928739607334
2,2,0.0042311097495257854,0.002651193179190159,0.9929350018501282,0.0001826631632866338
1,0,0.8977712988853455,0.00038253958337008953,0.10136677324771881,0.00047943295794539154
0,0,0.9994565844535828,0.00011184321920154616,0.00028307794127613306,0.00014843989629298449
1,1,0.00012161258200649172,0.9995577931404114,0.00018375740910414606,0.00013685128942597657
2,2,0.0013496570754796267,0.0012474826071411371,0.9972150325775146,0.00018787205044645816
0,0,0.9993360638618469,0.00021973559341859072,0.0003434921381995082,0.00010077397746499628
2,2,0.000340636441251263,0.00019606815476436168,0.9991222023963928,0.0003411183424759656
0,0,0.9994925260543823,0.00010573933832347393,0.0002630162052810192,0.0001387755764881149
1,1,9.52026093727909e-05,0.9996131062507629,0.00014657221618108451,0.0001451294228900224
1,1,8.276354492409155e-05,0.9988828301429749,0.0008201972232200205,0.00021419255062937737
0,0,0.9994564652442932,0.00015353075286839157,0.00026313489070162177,0.00012680640793405473
2,2,0.00040904569323174655,0.0011888911249116063,0.9982427358627319,0.00015934721159283072
2,2,0.0015935045666992664,0.03300345689058304,0.9651200175285339,0.0002830602752510458
1,2,0.0033923054579645395,0.09376895427703857,0.9024326801300049,0.00040608790004625916
0,0,0.999502420425415,0.00011257400183239952,0.00023932289332151413,0.00014561464195139706
2,1,0.00015732363681308925,0.9993664622306824,0.0003515170537866652,0.0001247567415703088
1,1,9.561450133332983e-05,0.999618649482727,0.00015237770276144147,0.00013334826508071274
0,1,0.0006772176129743457,0.9067001938819885,0.09139914065599442,0.0012233940651640296
2,2,0.0003821602731477469,0.00022398783767130226,0.9991282820701599,0.00026548554887995124
0,2,0.0003779232210945338,0.00026792610879056156,0.9990484118461609,0.00030569915543310344
1,1,0.00010576283239061013,0.99956876039505,0.00019205824355594814,0.00013343841419555247
2,0,0.9994718432426453,0.0001140303211286664,0.0002689796674530953,0.0001450747367925942
1,2,0.00033824596903286874,0.0002556708932388574,0.9991289973258972,0.000277139333775267
2,2,0.0005614310503005981,0.00020167307229712605,0.9990171194076538,0.00021978259610477835
0,0,0.9995275735855103,0.00012127176159992814,0.0002218762820120901,0.00012935069389641285
1,1,0.00011463976989034563,0.999562680721283,0.00018269500287715346,0.00014001235831528902
2,2,0.0004111730959266424,0.00020589717314578593,0.9991017580032349,0.00028119381750002503
0,0,0.9995042085647583,0.00012516090646386147,0.00023224986216519028,0.00013845833018422127
2,1,0.0005588844651356339,0.9917221665382385,0.007476557977497578,0.00024237934849224985
1,1,0.00012186963431304321,0.9995855689048767,0.00015859970881137997,0.00013394812413025647
2,2,0.0005895181093364954,0.008192531764507294,0.9909949898719788,0.00022304573212750256
1,1,0.00012608847464434803,0.9977960586547852,0.0018730463925749063,0.00020480764214880764
0,0,0.9994520545005798,0.00012479157885536551,0.00027809428866021335,0.00014510021719615906
2,0,0.998999297618866,0.0001444621739210561,0.0007409255485981703,0.00011523043212946504
1,1,0.0001042140502249822,0.9995976090431213,0.00016044851508922875,0.00013770247460342944
0,0,0.9994999170303345,0.00012375458027236164,0.0002309646806679666,0.00014544939040206373
2,1,0.0013739208225160837,0.8959175944328308,0.10203368216753006,0.0006747378502041101
0,0,0.9994699358940125,0.00011755536252167076,0.00026131587219424546,0.00015120644820854068
1,1,0.00011349225678713992,0.9995972514152527,0.00016100594075396657,0.00012822382268495858
0,0,0.9995204210281372,0.0001295207184739411,0.00021839838882442564,0.00013167510041967034
1,1,0.00012986829096917063,0.9995775818824768,0.00015868846094235778,0.0001338254805887118
2,1,9.428841440239921e-05,0.9994761347770691,0.00031148389098234475,0.00011807496048277244
2,2,0.00031805032631382346,0.00029200862627476454,0.9991353154182434,0.00025469830143265426
1,1,0.00010671003838069737,0.9995966553688049,0.00016003147175069898,0.00013670527550857514
0,0,0.9994322657585144,0.0001095488405553624,0.0003054009866900742,0.00015275197802111506
0,2,0.1702045202255249,0.0012875637039542198,0.8278669714927673,0.0006408877670764923
1,1,0.0002118774427799508,0.9984197616577148,0.0011013641487807035,0.00026691818493418396
2,2,0.0003532010596245527,0.0003762075793929398,0.9990580677986145,0.00021246427786536515
1,1,8.585515024606138e-05,0.9996254444122314,0.00013839275925420225,0.000150240957736969
2,2,0.0002213058469351381,0.0006256232154555619,0.9988887906074524,0.0002642381878104061
0,0,0.9994638562202454,0.00010418490273877978,0.0002974823582917452,0.00013449408288579434
2,2,0.00031573334126733243,0.0003280769451521337,0.9991164803504944,0.0002396399067947641
0,0,0.999458372592926,0.00011710531543940306,0.00027958283317275345,0.00014487659791484475
1,1,8.684868953423575e-05,0.9995307922363281,0.00025358947459608316,0.00012885012256447226
1,1,0.0007249696063809097,0.9606262445449829,0.03769933432340622,0.0009494422120042145
0,0,0.9988375306129456,0.0002681156329344958,0.0007881217752583325,0.00010629811004037037
2,1,8.944917499320582e-05,0.9995788931846619,0.0002014325000345707,0.00013023457722738385
2,1,9.72202469711192e-05,0.9996009469032288,0.0001776085264282301,0.00012424628948792815
1,0,0.9992469549179077,0.00014539329276885837,0.0004892188590019941,0.00011849962902488187
2,0,0.9994587302207947,0.0001250307832378894,0.0002738998446147889,0.000142293720273301
2,2,0.0003020543372258544,0.00023870255972724408,0.9991636276245117,0.00029560987604781985
1,1,0.00011231561802560464,0.9996020197868347,0.00015965734201017767,0.00012601613707374781
0,0,0.9994662404060364,0.00012885346950497478,0.000259185180766508,0.0001457778998883441
2,2,0.00037929677637293935,0.00024954084074124694,0.9991257786750793,0.00024535617558285594
0,0,0.9994677901268005,0.00012390295160003006,0.0002749098639469594,0.00013345204934012145
1,1,7.783218461554497e-05,0.9995900988578796,0.000195300584891811,0.0001367935910820961
2,2,0.00031744028092361987,0.00022922421339899302,0.9991113543510437,0.00034203409450128675
2,2,0.00033244502265006304,0.008780542761087418,0.9902262091636658,0.0006608549738302827
0,2,0.0006056061829440296,0.00018618117610458285,0.9989311099052429,0.00027709000278264284
0,0,0.9994400143623352,0.0001272547378903255,0.00027674456941895187,0.0001559458178235218
1,1,8.82857566466555e-05,0.9995600581169128,0.00019551723380573094,0.00015608893590979278
2,2,0.0003552909765858203,0.0033216397278010845,0.9960881471633911,0.00023494588094763458
2,0,0.999477207660675,0.00010608991578919813,0.00030069745844230056,0.0001160425745183602
0,0,0.9995049238204956,0.0001272178633371368,0.00023271497047971934,0.00013517096522264183
1,0,0.9992693066596985,0.0002099893317790702,0.000410202716011554,0.00011042372352676466
0,2,0.0007320670410990715,0.00022735926904715598,0.998638927936554,0.0004016835882794112
1,1,0.00010943851521005854,0.9995843768119812,0.00016861141193658113,0.0001376178115606308
2,0,0.9993447661399841,9.373481589136645e-05,0.00041874771704897285,0.00014276857837103307
1,1,0.00010709970956668258,0.9996224641799927,0.00013822020264342427,0.00013214962382335216
2,2,0.00037610874278470874,0.0001905428507598117,0.9990490078926086,0.0003843862214125693
0,0,0.9994396567344666,0.00024690479040145874,0.00019834080012515187,0.00011502984852995723
2,1,0.0009608584805391729,0.6329860091209412,0.36511415243148804,0.0009389771148562431
0,0,0.9990935325622559,0.0005855827475897968,0.00020474234770517796,0.00011617428390309215
1,1,0.00010434989962959662,0.9996147155761719,0.0001507113192928955,0.00013028632383793592
0,0,0.9995033740997314,0.00011930905748158693,0.00023897415667306632,0.00013833509001415223
2,2,0.00023443970712833107,0.0015215231105685234,0.9980044960975647,0.0002394932962488383
1,1,0.00011486400762805715,0.9995731711387634,0.00017747763195075095,0.00013452496204990894
1,1,0.00016669908654876053,0.9995476603507996,0.00017038230726029724,0.00011520004773046821
0,2,0.00791172031313181,0.0024572517722845078,0.9894490242004395,0.00018204755906481296
2,0,0.9990260601043701,0.00010835247667273507,0.0007547619752585888,0.00011083114804932848
2,2,0.00044314481783658266,0.0007725756149739027,0.998611330986023,0.0001729282084852457
0,0,0.9994774460792542,0.00012493586109485477,0.00024928111815825105,0.00014838212518952787
1,1,0.00012477912241593003,0.9995514750480652,0.00017475115600973368,0.00014891510363668203
0,0,0.9995100498199463,0.00014860136434435844,0.00022044850629754364,0.00012089388474123552
1,1,0.0001244818267878145,0.9995664954185486,0.00016613976913504303,0.00014282205665949732
2,2,0.0003114037390332669,0.0002968500484712422,0.9991274476051331,0.0002641995088197291
0,2,0.0003969769168179482,0.00039327371632680297,0.9990144968032837,0.00019531568977981806
1,1,0.00010220037802355364,0.9996248483657837,0.0001458346814615652,0.0001271293149329722
2,1,0.00011624414764810354,0.9996161460876465,0.00013728045450989157,0.00013023371866438538
0,0,0.9992214441299438,0.00011596266995184124,0.0005352523294277489,0.000127275925478898
2,1,9.73688147496432e-05,0.999554455280304,0.0001982659741770476,0.000149935731315054
1,1,0.00010411979019409046,0.9996005892753601,0.00016342144226655364,0.00013187630975153297
0,0,0.9994739890098572,0.00013332934759091586,0.000243564645643346,0.00014921401452738792
1,1,9.878230048343539e-05,0.9995988011360168,0.00017045049753505737,0.00013197258522268385
1,1,0.00010258187830913812,0.9995895028114319,0.0001725209440337494,0.00013541866792365909
2,2,0.0007888379623182118,0.009958209469914436,0.9889953136444092,0.0002575887774582952
1,2,0.0011638039723038673,0.15154986083507538,0.8466390371322632,0.0006473370012827218
0,1,0.010894274339079857,0.9881584048271179,0.0007203887216746807,0.00022700463887304068
1,1,0.00012197249452583492,0.9994945526123047,0.00019991843146272004,0.00018347488366998732
0,2,0.006208161823451519,0.0002177180867874995,0.9932485818862915,0.0003255578048992902
2,2,0.00023965854779817164,0.0003408060874789953,0.9990208148956299,0.0003987677046097815
0,0,0.999487042427063,0.00015440430433955044,0.00022131571313366294,0.00013726978795602918
1,1,8.765555685386062e-05,0.9996041655540466,0.0001666166353970766,0.00014151188952382654
2,0,0.8716127872467041,0.07014739513397217,0.057720035314559937,0.0005198498256504536
2,2,0.09030548483133316,0.0006778778624720871,0.9080404043197632,0.0009762762347236276
1,2,0.00020444054098334163,0.0017732238629832864,0.9975597858428955,0.0004625256697181612
0,2,0.000259222841123119,0.0038669889327138662,0.9955112934112549,0.00036261422792449594
2,2,0.0003427195770200342,0.0002632249379530549,0.9991559982299805,0.0002381175581831485
0,0,0.9994516968727112,0.0001113459948101081,0.00029950038879178464,0.00013747415505349636
1,1,8.877606160240248e-05,0.9995889067649841,0.00018007001199293882,0.00014222678146325052
2,2,0.00028643719269894063,0.00024481493164785206,0.9990869760513306,0.0003817280230578035
0,0,0.9994751811027527,0.0001801302278181538,0.00020772464631590992,0.00013699312694370747
1,1,0.00010746505722636357,0.9996128678321838,0.00014827406266704202,0.00013139673683326691
1,1,0.00010820758325280622,0.9995939135551453,0.00015822169370949268,0.00013961936929263175
2,0,0.9985342025756836,0.0007888278341852129,0.0005732764839194715,0.00010370760719524696
0,0,0.999467670917511,0.00012132325355196372,0.00026021411758847535,0.0001508494751760736
0,0,0.9994353652000427,0.00013800508168060333,0.0002796206681523472,0.00014693086268380284
1,1,9.76314113358967e-05,0.9995622038841248,0.00020336861780378968,0.0001367745135212317
2,2,0.2308325618505478,0.002395140239968896,0.7656821608543396,0.00109002529643476
2,0,0.9994714856147766,0.00011633621761575341,0.0002659318270161748,0.00014622617163695395
0,0,0.9994563460350037,0.00013592862524092197,0.0002756793692242354,0.00013207450683694333
0,0,0.9994927644729614,0.00011054515925934538,0.0002606200287118554,0.0001361089525744319
1,1,9.140290057985112e-05,0.9995266199111938,0.00022551952861249447,0.00015642897051293403
0,0,0.9993578791618347,9.492639946984127e-05,0.00041666399920359254,0.00013059090997558087
0,0,0.9992280006408691,0.00029004423413425684,0.00034908708767034113,0.00013277774269226938
0,0,0.9994737505912781,0.0001318268768955022,0.00024687786935828626,0.00014759333862457424
2,1,0.00011430802987888455,0.9983959794044495,0.0013002147898077965,0.00018951935635413975
1,1,0.0001059981805155985,0.9995799660682678,0.00017087826563511044,0.00014309774269349873
0,2,0.0038033064920455217,0.024014994502067566,0.9718495607376099,0.0003320900141261518
0,0,0.9994982481002808,0.00011293547868262976,0.000242490743403323,0.0001463714288547635
1,1,0.0001275725953746587,0.9991044402122498,0.0006233644671738148,0.00014454311167355627
2,0,0.9617448449134827,0.02309640310704708,0.01497405394911766,0.00018464044842403382
0,0,0.9994646906852722,0.00012232833250891417,0.00027063192101195455,0.00014243372424971312
1,1,0.00013429579848889261,0.9995676875114441,0.00016140365914907306,0.00013658743409905583
0,0,0.9986708164215088,0.00010568716970738024,0.0011009909212589264,0.00012251942825969309
1,1,0.00012497325951699167,0.999565064907074,0.00018188862304668874,0.0001281397562706843
0,0,0.9994625449180603,0.00012057405547238886,0.00027087071794085205,0.00014611375809181482
0,0,0.9994851350784302,0.00012745907588396221,0.0002433345071040094,0.00014403871318791062
1,1,0.00013054042938165367,0.9995939135551453,0.00014846480917185545,0.0001270953071070835
2,2,0.0003130357072222978,0.00019332714146003127,0.9991264939308167,0.0003671247395686805
1,1,9.904283069772646e-05,0.9996101260185242,0.0001537237549200654,0.00013721469440497458
2,2,0.00034008699003607035,0.00052147067617625,0.9988580942153931,0.00028040341567248106
0,0,0.9994685053825378,0.00011676002031890675,0.0002658673911355436,0.0001488764537498355
2,2,0.0004633552161976695,0.0003659563371911645,0.9989511966705322,0.00021944535546936095
0,0,0.9994749426841736,0.00014330011617857963,0.0002337645273655653,0.00014803081285208464
1,1,0.0024592620320618153,0.639037013053894,0.3577493727207184,0.0007542890962213278
2,2,0.0002910270413849503,0.0002431698376312852,0.9991632699966431,0.0003026231424883008
1,1,9.691954619484022e-05,0.9995902180671692,0.00017945529543794692,0.00013343962200451642
0,0,0.9994738698005676,0.00012332417827565223,0.0002573879901319742,0.00014547347382176667
1,1,0.014459321275353432,0.9842798709869385,0.0010010917903855443,0.0002596664126031101
0,1,0.019216815009713173,0.9663541316986084,0.014068148098886013,0.0003609240229707211
0,0,0.999468982219696,0.00012986567162442952,0.00024981467868201435,0.00015128547966014594
0,2,0.00036072556395083666,0.0002905045112129301,0.9990923404693604,0.0002563624584581703
1,1,8.614360558567569e-05,0.9996132254600525,0.00015982775948941708,0.0001407990203006193
0,1,0.00017078316886909306,0.999510645866394,0.00018358828674536198,0.00013497413601726294
1,1,0.0006912407116033137,0.9546799063682556,0.044078994542360306,0.0005499618710018694
0,0,0.9988885521888733,0.0001803905761335045,0.0008251391700468957,0.00010600205860100687
2,2,0.0003239555808249861,0.00027492313529364765,0.9991357922554016,0.00026528837042860687
2,2,0.0002579014690127224,0.00027913119993172586,0.9991437196731567,0.0003192536532878876
0,0,0.9994912147521973,0.00015344374696724117,0.00021745843696407974,0.00013785033661406487
1,1,0.0001193784482893534,0.999537467956543,0.00019569935102481395,0.0001474697928642854
2,0,0.9993218183517456,7.87106400821358e-05,0.0004656884993892163,0.00013378179573919624
0,0,0.9994482398033142,0.00012671324657276273,0.00027164240600541234,0.00015342426195275038
1,1,0.00012866263568866998,0.9995623230934143,0.00016858920571394265,0.0001403877540724352
1,0,0.9994718432426453,0.00012036457337671891,0.00028299211408011615,0.00012487023195717484
0,0,0.9994809031486511,0.00013101367221679538,0.00024150384706445038,0.00014658218424301594
2,2,0.00040106658707372844,0.00032551641925238073,0.9990518689155579,0.00022150900622364134
2,2,0.0002532187500037253,0.0003189807175658643,0.9991113543510437,0.0003164226363878697
1,2,0.00032322597689926624,0.00024666680837981403,0.9991003274917603,0.0003297777730040252
0,2,0.0010125994449481368,0.00021635465964209288,0.9985414743423462,0.00022960921342018992
0,0,0.999474823474884,0.0001259576965821907,0.00025020906468853354,0.0001490872527938336
1,1,0.0001243290025740862,0.9995853304862976,0.00015214290760923177,0.00013820240565109998
2,2,0.0005024989368394017,0.0030968310311436653,0.9961913824081421,0.0002093305520247668
1,1,9.780081018107012e-05,0.9996058344841003,0.00016146802227012813,0.00013485357339959592
2,2,0.00049992511048913,0.0002615464909467846,0.9989582300186157,0.0002803489041980356
0,0,0.9994369149208069,0.00015561164764221758,0.00028042038320563734,0.00012701137166004628
0,0,0.9994698166847229,0.00010215159272775054,0.0002939762780442834,0.00013414068962447345
1,1,0.00011674122652038932,0.9995773434638977,0.00016450863040518016,0.00014148675836622715
2,2,0.0003730207390617579,0.00021619875042233616,0.9991492033004761,0.000261537148617208
2,0,0.9992436170578003,0.00017081276746466756,0.00046478514559566975,0.00012079677981091663
1,1,0.0001092977327061817,0.9996102452278137,0.00014671137614641339,0.0001338368747383356
0,0,0.9995014667510986,0.00011960685515077785,0.00024352931359317154,0.00013538247731048614
1,1,0.00011170249490533024,0.9996127486228943,0.00014437314530368894,0.0001311425876338035
0,0,0.9994745850563049,0.00012998536112718284,0.0002528481127228588,0.00014258982264436781
0,0,0.9993434548377991,0.0001433148718206212,0.00038221562863327563,0.0001310636434936896
2,2,0.003369312034919858,0.00037647588760592043,0.9960418939590454,0.00021231084247119725
1,1,0.00010894257866311818,0.999603807926178,0.00014690504758618772,0.00014041177928447723
0,0,0.9993748068809509,0.00015006196917966008,0.0003291292814537883,0.000146009711897932
1,1,9.436299296794459e-05,0.9995933175086975,0.0001855018053902313,0.00012675665493588895
2,2,0.00030668219551444054,0.0002901170519180596,0.9991061091423035,0.0002971148060169071
0,0,0.9995174407958984,0.00010225256846752018,0.0002448151062708348,0.00013550113362725824
2,1,9.491134551353753e-05,0.9996140599250793,0.00015892264491412789,0.00013212405610829592
1,1,0.00010505899990675971,0.999602735042572,0.00016095800674520433,0.00013126527483109385
0,0,0.9994121789932251,0.0001259364653378725,0.0003172086726408452,0.0001446488604415208
2,1,0.00010374820703873411,0.99958735704422,0.00017313816351816058,0.00013572958414442837
0,0,0.9994580149650574,0.00010312735685147345,0.00030272710137069225,0.00013613096962217242
2,2,0.00036708478000946343,0.00029368451214395463,0.9990988969802856,0.00024031309294514358
1,1,0.00013530020078178495,0.9995660185813904,0.00016588129801675677,0.00013280061830300838
2,2,0.00038188305916264653,0.000252014200668782,0.9991106390953064,0.0002554470847826451
0,0,0.99946528673172,0.00012748705921694636,0.00025456142611801624,0.0001526192791061476
0,0,0.9994675517082214,0.00011434171028668061,0.000270893273409456,0.00014715940051246434
1,1,9.894882532535121e-05,0.9988728165626526,0.0007443507784046233,0.00028390641091391444
2,0,0.998957633972168,0.00023717107251286507,0.0006911244126968086,0.00011395838373573497
2,1,0.00010703315638238564,0.999300479888916,0.0003983018978033215,0.00019423055346123874
2,0,0.5188906788825989,0.04833941161632538,0.4323729872703552,0.0003969880344811827
0,0,0.999492883682251,0.00011422558600315824,0.00026992044877260923,0.00012301512470003217
0,0,0.9994698166847229,0.00015032604278530926,0.00024658418260514736,0.0001332706888206303
1,1,0.004899162333458662,0.994647204875946,0.00025084291701205075,0.00020275865972507745
2,2,0.0003337315283715725,0.0003093198174610734,0.9990934133529663,0.00026358047034591436
0,0,0.9993652701377869,0.00012171131675131619,0.0003646309196483344,0.00014835470938123763
2,2,0.0003967075317632407,0.0002477245288901031,0.9990819692611694,0.0002735416346695274
3,1,7.498062041122466e-05,0.9989417195320129,0.0007401391630992293,0.00024319429940078408
1,0,0.9995174407958984,0.0001079551293514669,0.0002391872985754162,0.0001354467385681346
3,1,8.253914711531252e-05,0.9994527697563171,0.0003080351743847132,0.0001566549326526001
2,2,0.00022236364020500332,0.0004405667132232338,0.9990574717521667,0.0002796341141220182
0,0,0.9995114803314209,0.00011363250814611092,0.00023835472529754043,0.00013664345897268504
0,0,0.9995195865631104,0.00011304036888759583,0.00022982447990216315,0.00013752322411164641
2,2,0.0009049514774233103,0.00021322675456758589,0.9986792206764221,0.00020266625506337732
2,2,0.0008023366681300104,0.011691861785948277,0.9871296286582947,0.00037622248055413365
0,0,0.9994588494300842,0.0001300229923799634,0.00027975073317065835,0.00013135606423020363
1,1,7.451399142155424e-05,0.9995266199111938,0.00024018956173676997,0.00015876347606536
3,1,0.061246179044246674,0.9371299147605896,0.0009365852456539869,0.0006873098318465054
2,2,0.006622180808335543,0.0013204766437411308,0.9918283224105835,0.00022902237833477557
2,0,0.994429886341095,0.00029894537874497473,0.00511259725317359,0.00015849819465074688
1,1,9.680952643975616e-05,0.9995825886726379,0.00017861048399936408,0.00014198708231560886
0,0,0.9994718432426453,0.00013422429037746042,0.00024151131219696254,0.00015249660646077245
1,2,0.00032818084582686424,0.0008001172100193799,0.9986697435379028,0.00020188192138448358
0,0,0.999514102935791,0.0001275847462238744,0.00021976823336444795,0.00013857080193702132
2,2,0.0003087857912760228,0.00023671092640142888,0.9991612434387207,0.0002933098585344851
1,1,0.0001950589648913592,0.9994069337844849,0.00025600919616408646,0.0001419603795511648
1,1,0.00012381993292365223,0.9995737671852112,0.00017002347158268094,0.00013236618542578071
2,2,0.0003682448004838079,0.0005061717238277197,0.998909592628479,0.00021606549853459
0,0,0.999505877494812,0.00010964240209432319,0.00024301277881022543,0.00014136324170976877
1,2,0.0010810935636982322,0.0004704710154328495,0.9982642531394958,0.00018414000805933028
0,0,0.9993352293968201,0.00012161275662947446,0.0004070582799613476,0.0001360735041089356
2,2,0.000403466634452343,0.0002602645836304873,0.9990296363830566,0.0003066648496314883
1,0,0.9892805218696594,0.00982475746423006,0.0006830482161603868,0.0002116719406330958
0,0,0.9994631409645081,0.00014379275671672076,0.0002434781490592286,0.00014954034122638404
2,0,0.9868739247322083,0.012529673986136913,0.00029816615278832614,0.00029828218976035714
1,1,0.0001276166149182245,0.9995825886726379,0.00016308471094816923,0.00012667627015616745
0,0,0.9994624257087708,0.00012247373524587601,0.00027178594609722495,0.0001433893630746752
2,2,0.00040278752567246556,0.00020643547759391367,0.999122679233551,0.00026802392676472664
1,1,0.00010495197057025507,0.999609649181366,0.00014829535211902112,0.00013716753164771944
2,1,0.0049250200390815735,0.9945622086524963,0.00031086723902262747,0.0002019597595790401
0,0,0.9995343685150146,0.00012324709678068757,0.00021307762654032558,0.0001294035027967766
2,1,0.001426842762157321,0.9130575060844421,0.08503048121929169,0.000485185970319435
1,1,0.0001165751091320999,0.9996020197868347,0.0001545990235172212,0.0001267557090613991
0,0,0.9995124340057373,0.00013154250336810946,0.00022110319696366787,0.0001348895748378709
1,1,0.00010357463906984776,0.9995676875114441,0.00018452981021255255,0.00014420330990105867
2,1,9.052877430804074e-05,0.9995922446250916,0.00018573846318759024,0.0001315444678766653
0,0,0.9994716048240662,0.00010976753401337191,0.000291208183625713,0.00012746767606586218
0,0,0.999467670917511,0.00011933984205825254,0.00027800927637144923,0.00013499820488505065
1,1,0.00013285543536767364,0.9995391368865967,0.0001847182138590142,0.00014330014528241009
2,2,0.00023762500495649874,0.0005172374658286572,0.9989882111549377,0.00025701013510115445
2,0,0.9720622897148132,0.026286987587809563,0.001387407653965056,0.00026329714455641806
1,1,0.00015589733084198087,0.9995563626289368,0.00017489437595941126,0.0001128870208049193
0,0,0.9994018077850342,0.0002458229137118906,0.00024912459775805473,0.00010323107562726364
2,2,0.0007135013584047556,0.00029316599830053747,0.9987865090370178,0.00020678939472418278
1,1,9.251882147509605e-05,0.9996271133422852,0.0001461723877582699,0.0001341330207651481
0,0,0.9994372725486755,0.00013777245476376265,0.00030211402918212116,0.00012279156362637877
2,1,8.763839286984876e-05,0.9995266199111938,0.0002578101702965796,0.0001279126008739695
1,1,7.619460666319355e-05,0.9991208910942078,0.0006341717089526355,0.0001687764161033556
0,0,0.9994837045669556,0.00011633575923042372,0.0002651070826686919,0.00013478155597113073
2,2,0.0010009689722210169,0.0002708591928239912,0.998551070690155,0.00017706045764498413
1,1,0.00012453459203243256,0.999548614025116,0.00018778069352265447,0.00013902259524911642
0,0,0.999468982219696,0.00010950240539386868,0.00027957939892075956,0.00014193887182045728
1,1,9.90553671726957e-05,0.9996127486228943,0.0001489193964516744,0.0001393468992318958
0,2,0.000336723227519542,0.0003279214142821729,0.9991047978401184,0.0002305279631400481
2,2,0.001505967346020043,0.00033867190359160304,0.9979767203330994,0.00017862276581581682
0,0,0.9995090961456299,0.000125452148495242,0.00022845172497909516,0.00013708090409636497
1,1,9.44437924772501e-05,0.9996252059936523,0.0001349281083093956,0.00014538370305672288
2,2,0.08183640986680984,0.001541575533337891,0.9163157939910889,0.0003062505857087672
2,0,0.9982175230979919,0.0003531589172780514,0.0012243370292708278,0.0002049807517323643
1,1,0.00016970654542092234,0.9991617202758789,0.000536533014383167,0.00013214731006883085
0,0,0.999462902545929,0.0001317990681855008,0.0002692950365599245,0.00013600627426058054
1,1,0.26797789335250854,0.7293816804885864,0.0018381307600066066,0.0008022781112231314
2,1,0.00011565387831069529,0.9995760321617126,0.00017181015573441982,0.00013658204989042133
1,1,0.0005385776166804135,0.9755511283874512,0.023485669866204262,0.0004246476455591619
2,1,8.814706234261394e-05,0.9995785355567932,0.00017892892356030643,0.00015442284347955137
1,1,0.000513449776917696,0.9528663158416748,0.046024978160858154,0.000595279096160084
0,2,0.0005716641899198294,0.00020237310673110187,0.9990070462226868,0.00021898116392549127
0,0,0.9994568228721619,0.00012099079322069883,0.00027322728419676423,0.00014893438492435962
1,1,9.892870730254799e-05,0.9996168613433838,0.00014639242726843804,0.00013780195149593055
2,1,0.00010729318455560133,0.9996029734611511,0.00015699915820732713,0.00013280438724905252
2,2,0.00028413019026629627,0.00034483219496905804,0.9991082549095154,0.0002627554058562964
0,0,0.9988943934440613,0.0003054389962926507,0.0006779510877095163,0.00012233213055878878
1,1,8.469898602925241e-05,0.9996135830879211,0.00016554119065403938,0.00013615759962704033
1,1,0.00012580788461491466,0.9995521903038025,0.00016663801216054708,0.0001554254995426163
2,2,0.00030618131859228015,0.000300860294373706,0.9991337656974792,0.00025917458697222173
0,0,0.9994876384735107,0.0001324622571701184,0.0002409190929029137,0.00013896137534175068
2,2,0.00037367045297287405,0.0002404742845101282,0.9990704655647278,0.00031547140679322183
1,1,0.010090241208672523,0.9616296291351318,0.026034492999315262,0.0022456396836787462
0,0,0.9994956254959106,0.0001135684215114452,0.00024668348487466574,0.00014411084703169763
2,2,0.000459192757261917,0.00026927751605398953,0.9990290403366089,0.00024250151182059199
1,1,7.831562106730416e-05,0.9996166229248047,0.0001559587981319055,0.00014911367907188833
0,0,0.9994029998779297,0.00012880405120085925,0.00034336347016505897,0.00012478558346629143
2,1,8.578471170039847e-05,0.9995219707489014,0.0002451619948260486,0.00014699334860779345
2,0,0.9994620680809021,0.00013973255408927798,0.00026869066641665995,0.00012949698430020362
1,1,0.00011126980098197237,0.9995834231376648,0.0001752091193338856,0.00013006897643208504
2,0,0.9995132684707642,0.00011936121882172301,0.00023585000599268824,0.00013154424959793687
1,1,0.0001230177003890276,0.9995700716972351,0.00017753751308191568,0.00012943751062266529
2,2,0.00046160179772414267,0.004588474985212088,0.9946804642677307,0.0002693935530260205
1,1,0.00010563524119788781,0.9996023774147034,0.0001562175020808354,0.00013582654355559498
2,2,0.00033515653922222555,0.00031875172862783074,0.9990713596343994,0.0002747549442574382
0,0,0.9995037317276001,0.00011151831859024242,0.0002562656009104103,0.00012848722690250725
2,2,0.0006276735221035779,0.0267171747982502,0.972279965877533,0.00037527078529819846
1,1,0.00014287543308455497,0.9994404911994934,0.00029341448680497706,0.00012319722736719996
0,2,0.0007257220568135381,0.0001807715161703527,0.9988791346549988,0.00021433991787489504
2,2,0.0005833519389852881,0.033927951008081436,0.9649973511695862,0.0004913093871437013
0,0,0.9994969367980957,0.0001191912597278133,0.0002511218190193176,0.00013263299479149282
1,1,0.0001129283118643798,0.9996083378791809,0.00015372683992609382,0.0001249520864803344
0,2,0.000802478811237961,0.00020191975636407733,0.9987806677818298,0.00021491087682079524
2,2,0.12436848878860474,0.0011574258096516132,0.8738718032836914,0.0006023065070621669
1,1,0.00020231574308127165,0.9994718432426453,0.0001695573009783402,0.00015632616123184562
1,2,0.0002644286723807454,0.00038087693974375725,0.9990942478179932,0.00026049098232761025
2,2,0.00026461403467692435,0.00033540205913595855,0.9991198182106018,0.00028016383294016123
0,0,0.9994660019874573,0.00014418740465771407,0.00024159216263797134,0.00014816407929174602
0,0,0.9994854927062988,0.00013900308113079518,0.00023323034110944718,0.00014226431085262448
1,2,0.00019457550661172718,0.0018411236815154552,0.9976261258125305,0.0003382502181921154
2,2,0.00046979309991002083,0.0002972926595248282,0.9990112781524658,0.0002215857821283862
0,0,0.9994791150093079,0.00012295407941564918,0.00025711164926178753,0.00014088636089581996
2,1,9.011640213429928e-05,0.9995699524879456,0.0002041708503384143,0.00013576942728832364
1,2,0.0004911951255053282,0.0002950712514575571,0.9989938139915466,0.00021983447368256748
1,1,0.00012596657325048,0.9995729327201843,0.00015523674665018916,0.00014584115706384182
2,2,0.0011203974718227983,0.0002133572706952691,0.9984741806983948,0.00019203410192858428
0,2,0.03928668051958084,0.0020126337185502052,0.9584484100341797,0.00025228256708942354
0,0,0.9994739890098572,0.0001388540113111958,0.00024461752036586404,0.00014253398694563657
0,0,0.9994661211967468,0.00011979816918028519,0.00027075907564722,0.0001432219287380576
1,1,0.00010495111928321421,0.9995834231376648,0.00017843647219706327,0.00013319042045623064
2,2,0.0003020678705070168,0.0002618398575577885,0.9991520643234253,0.00028401261079125106
2,2,0.0007057277834974229,0.00029020808869972825,0.9988042116165161,0.0001999152882490307
0,0,0.9994505047798157,0.00011427827121224254,0.00028464035131037235,0.00015057882410474122
1,2,0.00022275542141869664,0.00044284536852501333,0.9990468621253967,0.00028759799897670746
2,2,0.0003293904010206461,0.00022719017579220235,0.9991694688796997,0.0002740512718446553
0,0,0.9994810223579407,0.00010194290371146053,0.00027374536148272455,0.00014331095735542476
2,2,0.00030185829382389784,0.000273645156994462,0.99915611743927,0.0002684488717932254
0,0,0.9994935989379883,0.0001209168040077202,0.00024106648925226182,0.00014446860586758703
1,1,0.0005983391311019659,0.9990554451942444,0.0002205666824011132,0.0001256874529644847
0,0,0.9994816184043884,0.00011113745858892798,0.00025306918541900814,0.0001542180252727121
1,1,9.966825018636882e-05,0.9996126294136047,0.0001514670584583655,0.0001363681221846491
2,2,0.23163679242134094,0.0007335807313211262,0.7669824361801147,0.0006471756496466696
0,0,0.9955173134803772,9.702485840534791e-05,0.004185887519270182,0.00019978750788141042
1,1,9.960562601918355e-05,0.9995781779289246,0.0001875356974778697,0.0001347061333945021
2,1,0.021002208814024925,0.9747977256774902,0.003993517253547907,0.00020657101413235068
2,0,0.9975875616073608,0.00010641667904565111,0.0021624655928462744,0.00014349896810017526
1,1,0.0001119027947424911,0.9995808005332947,0.0001742187887430191,0.00013314117677509785
0,0,0.9994848966598511,0.00012006497127003968,0.00024767511058598757,0.00014728805399499834
1,1,9.032399248098955e-05,0.9995877146720886,0.00018156207806896418,0.0001403304049745202
2,1,0.005936784669756889,0.992925763130188,0.0009618058102205396,0.00017570955969858915
2,2,0.0003347430902067572,0.00031045597279444337,0.9990814924240112,0.0002731942222453654
0,0,0.9993738532066345,0.00011256027210038155,0.0003960593312513083,0.00011756335152313113
1,1,0.0001086943520931527,0.9995513558387756,0.00019943313964176923,0.00014047030708752573
0,0,0.9994968175888062,0.00011186297342646867,0.0002623939944896847,0.00012897323176730424
1,1,0.0002457423252053559,0.9993323683738708,0.00027421151753515005,0.00014754320727661252
0,2,0.0036093606613576412,0.43401557207107544,0.5616878867149353,0.0006871630903333426
0,0,0.9989323019981384,0.0005404488765634596,0.0004412003618199378,8.609921496827155e-05
0,0,0.9995355606079102,0.00011148623889312148,0.00021591776749119163,0.00013704571756534278
3,1,9.950705134542659e-05,0.9996114373207092,0.00015502108726650476,0.00013401929754763842
1,0,0.9933087825775146,0.0026322095654904842,0.003865383332595229,0.00019358588906470686
0,0,0.9994780421257019,0.0001473141455790028,0.0002388942812103778,0.0001357638102490455
1,1,0.00010716966062318534,0.9996050000190735,0.0001575920032337308,0.00013019549078308046
2,2,0.0004065106331836432,0.0039041757117956877,0.9954062700271606,0.0002830633311532438
