label,prediction,0,1,2,3
2,2,0.0002995847607962787,0.00026766597875393927,0.9991680383682251,0.0002647916553542018
0,0,0.9993225336074829,0.00013761260197497904,0.0002928048779722303,0.00024708028649911284
1,1,0.00014326150994747877,0.9995231628417969,8.236637222580612e-05,0.0002511952188797295
0,0,0.9957398176193237,0.000160209892783314,0.0038106334395706654,0.00028933840803802013
2,2,0.0004305518523324281,0.00021774083143100142,0.9991222023963928,0.0002295384183526039
1,2,0.000378017604816705,0.08556526154279709,0.9130421876907349,0.0010145057458430529
1,1,0.0001665282470639795,0.9995055198669434,7.865547377150506e-05,0.00024923126329667866
2,0,0.7073171138763428,0.0028228822629898787,0.2894469201564789,0.00041299837175756693
0,0,0.9993470311164856,0.00014084101712796837,0.0002574915997684002,0.0002547277545090765
0,0,0.9993233680725098,0.0001567184808664024,0.0002518943801987916,0.00026807317044585943
1,1,0.00018200045451521873,0.9994577765464783,8.531580533599481e-05,0.00027491836226545274
2,2,0.0008757468895055354,0.4027029871940613,0.5957493185997009,0.0006719068042002618
2,2,0.00030869897454977036,0.00040439103031530976,0.9990622401237488,0.00022462975175585598
0,0,0.9975392818450928,0.0018611691193655133,0.0003797957906499505,0.00021978210133966058
1,1,0.00017677708819974214,0.9994643330574036,8.222199539886788e-05,0.00027663441142067313
0,0,0.9993257522583008,0.00014005233242642134,0.0003003358142450452,0.00023389887064695358
2,2,0.0004668851906899363,0.00019877334125339985,0.9989626407623291,0.00037163973320275545
1,0,0.9975831508636475,0.0013682381249964237,0.0008628724026493728,0.00018571126565802842
0,0,0.9993183612823486,0.00013195177598390728,0.00024914374807849526,0.000300548505038023
1,1,0.00012214605521876365,0.9995661377906799,8.867825818015262e-05,0.00022308173356577754
1,1,0.0006047069909982383,0.9987672567367554,0.0004021639470010996,0.00022591970628127456
0,0,0.9992755055427551,0.00015911126683931798,0.0002838943910319358,0.00028157205088064075
2,0,0.998706579208374,0.00043050223030149937,0.000708204519469291,0.00015462220471818
1,2,0.00026927536237053573,0.027509091421961784,0.9716840982437134,0.0005374975735321641
2,2,0.001605788478627801,0.44911953806877136,0.547516942024231,0.0017577351536601782
0,0,0.9993175268173218,0.00020013593893963844,0.00025066285161301494,0.00023170765780378133
1,1,0.0001702940498944372,0.9994912147521973,8.887504372978583e-05,0.00024962995667010546
1,1,0.00021603715140372515,0.9614590406417847,0.03752126544713974,0.0008036470389924943
1,0,0.9898843765258789,0.008760543540120125,0.0009631236898712814,0.0003919723385479301
1,1,0.0001396130828652531,0.9995260238647461,0.00012029237404931337,0.00021413086506072432
0,0,0.9961991906166077,0.00014597958943340927,0.003378260415047407,0.0002765383687801659
1,2,0.00020383379887789488,0.0042160917073488235,0.9953042268753052,0.0002758620830718428
2,2,0.00030089085339568555,0.0004386418149806559,0.9990160465240479,0.00024440520792268217
0,0,0.9992891550064087,0.0001931919832713902,0.0002595040714368224,0.0002581356093287468
1,1,0.0001267018378712237,0.9995098114013672,0.00010962317901430652,0.000253900681855157
2,2,0.0003211642906535417,0.0002803206443786621,0.9991557598114014,0.00024284495157189667
0,0,0.9993184804916382,0.00015394733054563403,0.00024405753356404603,0.0002834377810359001
1,0,0.9993172883987427,0.00017173096421174705,0.0002325889654457569,0.000278445309959352
2,2,0.0007592863985337317,0.00021260653738863766,0.9987645149230957,0.00026362063363194466
1,1,0.00029193004593253136,0.99932861328125,0.00010642078268574551,0.00027307498385198414
2,1,0.00019882012566085905,0.9994474053382874,0.0001972595346160233,0.00015657940821256489
2,0,0.9992889165878296,0.00015070763765834272,0.0002950582711491734,0.0002653014671523124
1,1,9.308818698627874e-05,0.9993670582771301,0.0003785598382819444,0.00016134371981024742
0,0,0.9992871880531311,0.0001399482716806233,0.0003417686966713518,0.0002311486314283684
2,1,0.0295335091650486,0.9098853468894958,0.06015210598707199,0.00042894622310996056
1,1,0.0002839972439687699,0.9993715882301331,8.81829546415247e-05,0.0002562600711826235
0,0,0.9993054866790771,0.0001375383435515687,0.00028171748272143304,0.00027519097784534097
2,2,0.0003700410306919366,0.0011088259052485228,0.9982699155807495,0.0002511536586098373
2,2,0.00038663079612888396,0.0002290341362822801,0.9991477727890015,0.00023653602693229914
1,1,0.00013973875320516527,0.9994872808456421,0.00013473643048200756,0.00023818785848561674
0,0,0.9993139505386353,0.00013259252591524273,0.00033045909367501736,0.0002229971723863855
2,2,0.000497862696647644,0.00022736260143574327,0.9990479350090027,0.00022681857808493078
1,1,0.00013425431097857654,0.9897972345352173,0.009791562333703041,0.0002769444545265287
0,0,0.9993312358856201,0.00013762692105956376,0.0002910004695877433,0.00024015152303036302
2,1,0.00021766185818705708,0.999452531337738,9.110780956689268e-05,0.00023869166034273803
0,0,0.9989908337593079,0.00018761774117592722,0.0006180598866194487,0.00020352857245597988
1,1,0.00016175760538317263,0.9993035793304443,0.0003806168388109654,0.00015402917051687837
0,0,0.9993010759353638,0.0001426933304173872,0.0003222087398171425,0.00023393682204186916
1,0,0.9985607266426086,0.00046191716683097184,0.0007892472785897553,0.00018810243636835366
2,2,0.00029408064438030124,0.0002454290515743196,0.9991545677185059,0.000305963825667277
1,1,0.00025301193818449974,0.9994557499885559,9.799646068131551e-05,0.00019324464665260166
2,1,0.0002570616779848933,0.9992876648902893,0.0001541589736007154,0.0003011159133166075
0,0,0.9993274211883545,0.0001439517072867602,0.00031098758336156607,0.00021763917175121605
1,1,0.00015941192395985126,0.9995334148406982,8.029744640225545e-05,0.00022683964925818145
2,2,0.0019443035125732422,0.00019968945707660168,0.9974761605262756,0.0003799291735049337
0,0,0.9993359446525574,0.0001496479962952435,0.0002572899393271655,0.00025705446023494005
3,0,0.9993318915367126,0.00014960057160351425,0.00026330770924687386,0.00025520194321870804
1,1,0.00012060021254001185,0.9991418123245239,0.0005636715795844793,0.00017394573660567403
2,2,0.0003209182759746909,0.0002626239729579538,0.9991324543952942,0.00028411808307282627
1,2,0.0004122499958612025,0.0002808990830089897,0.9990647435188293,0.0002421579702058807
0,0,0.9991533756256104,0.0003351213817950338,0.000313664844725281,0.00019786160555668175
2,2,0.00041057413909584284,0.0002768521080724895,0.999091625213623,0.0002209747035522014
1,1,0.0001577219518367201,0.9994545578956604,0.00012705479457508773,0.0002606374036986381
0,0,0.9992744326591492,0.000175607405253686,0.000252276542596519,0.00029764504870399833
2,2,0.0004298114508856088,0.0002639845188241452,0.9990668892860413,0.00023928201699163765
1,1,0.00016574730398133397,0.9994865655899048,8.405234257224947e-05,0.0002635617565829307
0,0,0.9993294477462769,0.0001780800666892901,0.0002392611640971154,0.0002533124352339655
2,2,0.00022872535919304937,0.0002682059130165726,0.9991890788078308,0.0003140244516544044
2,2,0.0004583248228300363,0.044874947518110275,0.953173041343689,0.0014936705119907856
1,1,0.00020019712974317372,0.9994571805000305,8.765739039517939e-05,0.0002550110511947423
0,0,0.9993182420730591,0.00015418179100379348,0.00025353627279400826,0.0002741114003583789
2,2,0.0005755340680480003,0.0002877241058740765,0.9989073276519775,0.0002294118021382019
0,0,0.9990779161453247,0.00020491398754529655,0.0005388225545175374,0.00017831800505518913
1,1,0.00017824671522248536,0.9994198083877563,0.00010289786587236449,0.0002989979984704405
1,1,0.00013686616148333997,0.9994949102401733,0.00011509447358548641,0.0002530209021642804
0,0,0.9993095397949219,0.0001242889993591234,0.0002800131915137172,0.000286092545138672
2,2,0.0004048406262882054,0.00031549035338684916,0.9990532994270325,0.00022642387193627656
0,0,0.9991415739059448,0.00028634059708565474,0.00040224831900559366,0.00016988205607049167
0,0,0.9991822838783264,0.00012230846914462745,0.00042648427188396454,0.00026879689539782703
1,1,0.00014873397594783455,0.9983585476875305,0.0013522566296160221,0.00014040402311366051
2,2,0.0003759154351428151,0.0002387466374784708,0.9991518259048462,0.00023353277356363833
1,1,0.00016264345322269946,0.9994634985923767,0.00010713897063396871,0.0002667407097760588
0,0,0.9991881251335144,0.00036284729139879346,0.00025339258718304336,0.00019563190289773047
2,2,0.0002954654337372631,0.0196243729442358,0.9796881079673767,0.0003920606104657054
1,1,0.00011270699906162918,0.9995654225349426,0.00010757038398878649,0.00021419260883703828
0,0,0.999292254447937,0.000121538651001174,0.00032660577562637627,0.0002595786063466221
0,0,0.9987354874610901,0.0003308324085082859,0.0007756688282825053,0.00015804315626155585
1,1,0.003977430518716574,0.9955000281333923,0.00018769691814668477,0.00033478965633548796
0,0,0.9991233944892883,0.00018022763833869249,0.0005210120580159128,0.00017538304382469505
2,2,0.00045421242248266935,0.0005493070348165929,0.9988158941268921,0.0001805629872251302
1,1,0.0001378752785967663,0.9995137453079224,0.0001005556114250794,0.00024787342408671975
0,0,0.9993085861206055,0.00018109192023985088,0.00027184595819562674,0.00023845661780796945
2,1,0.00014842422388028353,0.9995083808898926,0.00017434991605114192,0.00016886087541934103
1,1,0.0001157797742052935,0.9994710087776184,0.00024713631137274206,0.00016609473095741123
0,0,0.9993211030960083,0.00014542862481903285,0.0002905585279222578,0.0002429391024634242
0,0,0.9992756247520447,0.00019835191778838634,0.0002539203269407153,0.0002720309712458402
2,2,0.0003576096205506474,0.00023695366689935327,0.9991514682769775,0.0002540089190006256
1,1,0.00014929559256415814,0.9994844198226929,0.00010373504483141005,0.0002624503104016185
2,2,0.00037601383519358933,0.00030773854814469814,0.9990274906158447,0.0002887541486416012
1,1,0.00018114059639628977,0.9994847774505615,7.881406781962141e-05,0.0002552390214987099
0,0,0.9993026256561279,0.0002126782783307135,0.0002402878599241376,0.00024444152950309217
0,0,0.999321699142456,0.00015647434338461608,0.00025452070985920727,0.0002672418486326933
2,2,0.00039114049286581576,0.0003035268164239824,0.9990180730819702,0.00028724188450723886
1,1,0.0001343990588793531,0.9995505213737488,0.00013416650472208858,0.00018084404291585088
1,1,0.00016554378089495003,0.9994710087776184,8.155141404131427e-05,0.00028185604605823755
0,0,0.9992732405662537,0.0001452293072361499,0.00037516566226258874,0.00020637780835386366
2,1,8.581434667576104e-05,0.9993782043457031,0.00038192138890735805,0.0001539989752927795
0,0,0.9992297887802124,0.00024432348436675966,0.00033615180291235447,0.00018980012100655586
0,0,0.9460985064506531,0.008173872716724873,0.04532777890563011,0.0003998283063992858
1,1,0.00015078060096129775,0.9995192289352417,8.778296614764258e-05,0.00024217941972892731
1,1,0.00019094556046184152,0.9993966817855835,0.00012930057710036635,0.0002830596349667758
1,1,0.0001633002539165318,0.9995359182357788,8.867912401910871e-05,0.00021213979925960302
0,0,0.9991612434387207,0.00020102619600947946,0.0004631573101505637,0.00017455784836784005
0,0,0.9992732405662537,0.00022540516511071473,0.00030375001369975507,0.0001976279163500294
2,0,0.9992795586585999,0.0002348052803426981,0.0002371307637076825,0.0002485023869667202
1,0,0.9992154836654663,0.00021200264745857567,0.0003672623133752495,0.00020524949650280178
2,2,0.0010569219011813402,0.00023564297589473426,0.9984720349311829,0.00023532139312010258
1,1,0.00013161584502086043,0.9995253086090088,9.900534496409819e-05,0.0002440538228256628
0,1,0.00024170672986656427,0.9993746876716614,0.0001739924045978114,0.00020966006559319794
0,0,0.9992710947990417,0.00022819070727564394,0.00021831621415913105,0.000282376742688939
1,1,0.0001758549187798053,0.9995326995849609,0.00010951879085041583,0.00018195803568232805
2,0,0.9991638660430908,0.00023195476387627423,0.0004089010471943766,0.00019526180403772742
0,0,0.9992916584014893,0.00013835869322065264,0.0003405040188226849,0.00022944122611079365
1,1,0.0001428148098057136,0.9995406866073608,8.798491035122424e-05,0.00022853148402646184
2,1,0.00023578887339681387,0.985091507434845,0.014344941824674606,0.0003277159412391484
2,2,0.0006093108677305281,0.00021312020544428378,0.9989572763442993,0.0002202049654442817
1,1,0.00011477473162813112,0.9994900226593018,0.0002268808602821082,0.00016834470443427563
2,0,0.9985871315002441,9.997246525017545e-05,0.0010309048229828477,0.0002820529625751078
0,0,0.9993222951889038,0.00013886988745070994,0.0002668119268491864,0.000272008910542354
1,1,0.00016271435015369207,0.9994996786117554,8.330998389283195e-05,0.0002543209702707827
2,2,0.0003284514241386205,0.0003382163413334638,0.9991004467010498,0.0002328726986888796
2,1,0.00012219377094879746,0.9995132684707642,0.00016488869732711464,0.00019967636035289615
2,2,0.00028365710750222206,0.0002790807920973748,0.999187171459198,0.00025014279526658356
2,2,0.0001924651733133942,0.0005926035810261965,0.9989629983901978,0.00025194190675392747
2,2,0.0003218692436348647,0.0002598108840174973,0.9991815686225891,0.00023681396851316094
0,0,0.9984934329986572,0.00026758856256492436,0.0010446745436638594,0.00019429110398050398
1,1,0.000689466018229723,0.9164755344390869,0.08227343112230301,0.0005616116686724126
0,0,0.740591824054718,0.0003945671778637916,0.25725963711738586,0.0017539120744913816
1,1,0.00017962776473723352,0.999476969242096,7.701227150391787e-05,0.0002663554041646421
0,0,0.995895266532898,0.0033317203633487225,0.0005351416766643524,0.00023778629838488996
1,1,0.0013840100727975368,0.6273134350776672,0.3705108165740967,0.0007916976464912295
0,0,0.9992886781692505,0.00012571080878842622,0.00035356689477339387,0.0002320372877875343
2,2,0.002615927718579769,0.0007399668684229255,0.9965260624885559,0.00011811837612185627
1,1,0.00015358174277935177,0.9994509816169739,8.913094643503428e-05,0.00030626129591837525
2,1,0.00010012902930611745,0.9995673298835754,0.0001282040902879089,0.00020437018247321248
0,0,0.9993033409118652,0.00013650300388690084,0.0002733302244450897,0.0002868932206183672
2,1,0.00015000712301116437,0.9995317459106445,0.00012367049930617213,0.00019462226191535592
2,1,0.00019653754134196788,0.9923223853111267,0.007263260427862406,0.00021786695288028568
0,0,0.9993409514427185,0.0001337753055850044,0.0002669357636477798,0.0002583199238870293
1,1,0.0002430226159049198,0.9994385838508606,8.340879139723256e-05,0.00023490826424676925
0,1,0.0008128687040880322,0.9987307190895081,0.00020219155703671277,0.00025421063764952123
2,2,0.000297854479867965,0.0002868509036488831,0.9991359114646912,0.0002794014581013471
2,2,0.00040525736403651536,0.0030085269827395678,0.9964109063148499,0.00017524650320410728
0,0,0.9993040561676025,0.00013917773321736604,0.00030400080140680075,0.0002527562901377678
1,1,0.0008176818955689669,0.9986592531204224,0.00031355369719676673,0.00020951457554474473
2,2,0.0006368359318003058,0.0002394463081145659,0.9988712668418884,0.0002524411247577518
0,0,0.9993047714233398,0.00012260772928129882,0.00031034357380121946,0.00026231928495690227
1,1,0.0003753281198441982,0.9992389678955078,0.00017137506802100688,0.0002143510791938752
2,2,0.00038348775706253946,0.0003093243867624551,0.9990577101707458,0.0002494272484909743
0,0,0.999302864074707,0.0001160014362540096,0.0002941318671219051,0.00028698230744339526
1,1,0.00014927152369637042,0.9995483756065369,8.877652726368979e-05,0.00021351616305764765
2,2,0.0006815751548856497,0.0004461013013496995,0.9986631870269775,0.00020909502927679569
1,2,0.000920686055906117,0.00033427466405555606,0.9985878467559814,0.00015719237853772938
0,0,0.9993380904197693,0.00015330380119848996,0.00024054468667600304,0.00026806231471709907
1,1,0.00012613183935172856,0.9991668462753296,0.0005593131645582616,0.00014773952716495842
2,0,0.6980262994766235,0.1761232316493988,0.12516415119171143,0.0006863145972602069
0,1,8.835293556330726e-05,0.998944103717804,0.0007884858641773462,0.00017914666386786848
0,0,0.9993457198143005,0.00018815824296325445,0.00023202532611321658,0.000234071136219427
2,2,0.000366267777280882,0.013914518058300018,0.9852907657623291,0.0004285327158868313
1,1,0.00022353233362082392,0.9994297623634338,0.00012551266991067678,0.00022108491975814104
1,1,0.00017231104720849544,0.9995260238647461,9.754588245414197e-05,0.00020410833531059325
2,2,0.000337104604113847,0.0002348431444261223,0.9991557598114014,0.00027232200955040753
0,0,0.9993127584457397,0.00015088393411133438,0.0002604903420433402,0.00027578225126489997
1,2,0.0002507067401893437,0.00967174768447876,0.9897330403327942,0.00034452558611519635
0,0,0.9993399977684021,0.00017393512825947255,0.00025030109100043774,0.00023572324425913393
2,2,0.000233127546380274,0.0003771086048800498,0.9991336464881897,0.0002562212757766247
1,1,0.0003055522684007883,0.9993457198143005,0.0001031390784191899,0.00024554927949793637
2,2,0.4427655041217804,0.0008916524820961058,0.5554162859916687,0.0009265283588320017
0,0,0.9992901086807251,0.00016069314733613282,0.00031599125941284,0.00023308803793042898
1,1,0.00014136760728433728,0.9981718063354492,0.0015080993762239814,0.00017866960843093693
2,2,0.0003364947042427957,0.00023848103592172265,0.9991593360900879,0.00026565996813587844
0,2,0.0003485000634100288,0.00026575999800115824,0.9991419315338135,0.0002438364754198119
0,0,0.9992421865463257,0.00012886439799331129,0.00041845024679787457,0.00021052159718237817
2,2,0.00024043361190706491,0.00033770856680348516,0.9991481304168701,0.00027368421433493495
1,1,0.00010408870002720505,0.9994794726371765,0.00025590500445105135,0.00016064741066657007
1,1,8.837479981593788e-05,0.9994753003120422,0.0002691237605176866,0.0001673414808465168
0,2,0.05861346051096916,0.0003477920836303383,0.9399710297584534,0.0010676427045837045
2,2,0.0013013466959819198,0.00025289758923463523,0.9981212019920349,0.00032453620224259794
1,1,0.00014569255290552974,0.9994518160820007,0.00010106168338097632,0.0003014133544638753
0,0,0.9992691874504089,0.00013388425577431917,0.0003568650281522423,0.00023999626864679158
1,2,0.00026907987194135785,0.0002984331513289362,0.9992102384567261,0.0002221941394964233
3,0,0.9993259906768799,0.00013171453610993922,0.0002408587752142921,0.0003013940586242825
2,2,0.0004068284761160612,0.0002873766061384231,0.999046266078949,0.00025952188298106194
1,1,0.0002257768646813929,0.999445378780365,8.67614580783993e-05,0.0002420603996142745
1,1,0.00010836662113433704,0.9995490908622742,0.00016075425082817674,0.00018167040252592415
0,0,0.999295711517334,0.0001289551582885906,0.00024237479374278337,0.00033283972879871726
2,0,0.9991320967674255,0.00012366917508188635,0.0005193146062083542,0.0002249355020467192
1,1,0.00013649562606588006,0.9995229244232178,9.334256901638582e-05,0.0002472116320859641
0,0,0.9993053674697876,0.00014267257938627154,0.0003171799471601844,0.00023471572785638273
2,2,0.0003780251427087933,0.0002812012971844524,0.9990768432617188,0.0002638887381181121
1,1,0.00017643804312683642,0.9994890689849854,7.534910400863737e-05,0.0002591008960735053
2,1,0.00152678694576025,0.8156542778015137,0.1809445023536682,0.0018743649125099182
0,0,0.9993290901184082,0.00016286245954688638,0.00024891365319490433,0.00025924257352016866
1,1,0.00012634621816687286,0.9995705485343933,9.087567013921216e-05,0.00021217588800936937
2,1,0.00037542355130426586,0.9991508722305298,0.0001537033822387457,0.00032010197173804045
2,2,0.0001618239766685292,0.002033642493188381,0.9974234104156494,0.0003810847410932183
1,1,0.00020476558711379766,0.9994766116142273,9.926853817887604e-05,0.0002193477121181786
2,1,0.0001711442309897393,0.9994654059410095,0.0001777010184014216,0.0001857457245932892
0,0,0.9992953538894653,0.00012960015737917274,0.0003087668737862259,0.00026627170154824853
2,0,0.9993405938148499,0.00014356590691022575,0.00024603487690910697,0.0002698471653275192
2,2,0.00021177760208956897,0.012191010639071465,0.9871273040771484,0.00046984240179881454
3,1,0.0001069860954885371,0.9994727969169617,0.0002253411803394556,0.00019495797459967434
0,0,0.9475926756858826,0.0017216047272086143,0.05032864585518837,0.0003570094413589686
2,2,0.00033784768311306834,0.00025665771681815386,0.999183714389801,0.00022183696273714304
1,1,0.00011903489212272689,0.9995203018188477,0.00010516901966184378,0.0002555208920966834
0,0,0.9993196725845337,0.00013728986959904432,0.00023386311659123749,0.0003091875114478171
2,2,0.0001817094162106514,0.004195390269160271,0.9952118396759033,0.00041094812331721187
1,0,0.9993448853492737,0.00014789006672799587,0.0002568261988926679,0.0002503603172954172
1,1,0.00016282533761113882,0.999503493309021,8.1471043813508e-05,0.0002521878632251173
2,2,0.0002617647696752101,0.000443480908870697,0.9990713596343994,0.0002232928527519107
0,0,0.9993317723274231,0.00014985285815782845,0.00025934737641364336,0.00025897269370034337
0,0,0.9993247985839844,0.00015880544378887862,0.00022743210138287395,0.00028900097822770476
2,2,0.0002450879255775362,0.00028803214081563056,0.9992018342018127,0.00026503103435970843
1,1,0.0001560921809868887,0.9995656609535217,8.648291259305552e-05,0.00019170722225680947
1,0,0.9956578016281128,0.0015214883023872972,0.002577313454821706,0.00024343591940123588
0,2,0.005611071828752756,0.0002176325215259567,0.9938794374465942,0.000291825010208413
1,1,0.00025912083219736814,0.9993934631347656,8.136284304782748e-05,0.00026603788137435913
2,0,0.9992938041687012,0.0001831459376262501,0.00031809016945771873,0.00020500733808148652
2,0,0.99873286485672,0.00031016775756143034,0.0007873980212025344,0.00016953957674559206
1,1,0.0001269832137040794,0.9995679259300232,8.630885713500902e-05,0.0002187256031902507
1,1,0.00014045488205738366,0.9995311498641968,0.00011334598093526438,0.00021503257448785007
0,0,0.999329686164856,0.00015448454360011965,0.0002980097196996212,0.00021777172514703125
2,2,0.00031013766420073807,0.00034485134528949857,0.9991142153739929,0.00023079433594830334
2,2,0.00029827922116965055,0.0002617215795908123,0.9991884827613831,0.0002515478408895433
1,2,0.0003203172527719289,0.00033487423206679523,0.999097466468811,0.0002473940548952669
0,0,0.9992340803146362,0.00019370489462744445,0.00038126297295093536,0.00019091212016064674
1,1,0.0001557709911139682,0.9995028972625732,0.0001327085483353585,0.00020865307305939496
0,0,0.999326229095459,0.00015323079423978925,0.0002545056340750307,0.0002661283651832491
2,2,0.00038824952207505703,0.00026767843519337475,0.9991410970687866,0.00020294937712606043
0,0,0.999315619468689,0.0001397975138388574,0.0002896541845984757,0.00025497155729681253
0,0,0.9993125200271606,0.00012925527698826045,0.000315415469231084,0.00024278208729811013
1,1,0.00011801351502072066,0.9995335340499878,0.00010665314766811207,0.00024181962362490594
2,2,0.0004089862632099539,0.00019948562839999795,0.9991424083709717,0.00024911269429139793
1,1,0.00016718354891054332,0.9992226362228394,0.0004681408463511616,0.00014195939002092928
0,0,0.9992673993110657,0.00012038461136398837,0.0003327055892441422,0.0002794926112983376
1,1,0.00014894342166371644,0.9995126724243164,8.44288369989954e-05,0.00025396578712388873
2,0,0.99934321641922,0.00014550525520462543,0.0002679317840375006,0.00024335423950105906
2,2,0.0003138215688522905,0.00031161942752078176,0.9991236329078674,0.00025086241657845676
1,1,0.00014805923274252564,0.9995105266571045,8.513815555488691e-05,0.0002563135349191725
2,2,0.000941404199693352,0.0002108158660121262,0.9986311793327332,0.00021659707999788225
0,0,0.99931800365448,0.00013961864169687033,0.0002542221627663821,0.00028814421966671944
2,2,0.00042935082456097007,0.00025757538969628513,0.9991117119789124,0.00020131206838414073
0,0,0.999344527721405,0.0001564397243782878,0.00028593343449756503,0.00021314142213668674
1,1,8.961990533862263e-05,0.9989169836044312,0.0007707254844717681,0.00022272455680649728
0,0,0.9993150234222412,0.00013661646516993642,0.00023589185730088502,0.0003125527291558683
0,0,0.9992843270301819,0.00015438107948284596,0.00030959819559939206,0.0002516722888685763
1,1,0.00015823371359147131,0.9995430707931519,9.217947081197053e-05,0.0002064518484985456
2,2,0.07689967006444931,0.00040927360532805324,0.9218010306358337,0.0008900741231627762
1,1,0.00019354397954884917,0.9994441866874695,8.529674232704565e-05,0.00027705231332220137
0,0,0.9990090131759644,0.00010239537368761376,0.0006254935869947076,0.00026310968678444624
0,0,0.9992852807044983,0.0002134695096174255,0.00029866135446354747,0.00020260443852748722
1,1,0.001459426712244749,0.9980898499488831,0.00022513115254696459,0.00022558271302841604
0,2,0.014278500340878963,0.0003016884729731828,0.9851160645484924,0.0003037726564798504
1,1,0.0001476066536270082,0.9995208978652954,0.00010283714073011652,0.00022860326862428337
0,0,0.5380765199661255,0.0017490506870672107,0.4594043493270874,0.0007700841524638236
2,0,0.9979429841041565,0.00021436643146444112,0.0016603111289441586,0.00018242768419440836
2,0,0.9928909540176392,0.005982253234833479,0.0008005941053852439,0.00032622829894535244
0,0,0.9993388056755066,0.00015251034346874803,0.00026305325445719063,0.0002456817892380059
1,1,0.00014949524484109133,0.9995038509368896,0.00010832203406607732,0.00023824747768230736
0,0,0.999327540397644,0.00015083364269230515,0.0002663224295247346,0.0002552280784584582
2,2,0.0034042017068713903,0.00032857872429303825,0.9960839748382568,0.0001832564448704943
1,1,0.0002004222187679261,0.999485969543457,9.488715295447037e-05,0.0002186136262025684
2,2,0.00020156378741376102,0.006287852767854929,0.9932049512863159,0.0003057273861486465
3,2,0.0004505059332586825,0.0002606526541057974,0.999038577079773,0.00025023630587384105
1,1,0.00020904190023429692,0.9633050560951233,0.035736680030822754,0.0007492206641472876
2,2,0.00027983603649772704,0.00024951068917289376,0.9991832375526428,0.0002874719211831689
0,0,0.998813271522522,0.0006119508761912584,0.00040007714414969087,0.00017469703743699938
1,1,0.00021582971385214478,0.9994462132453918,8.543605508748442e-05,0.00025242340052500367
0,0,0.9992936849594116,0.00011966891906922683,0.0002931758644990623,0.0002934830554295331
1,1,0.0001488538400735706,0.9995367527008057,0.00010839224705705419,0.0002060276601696387
2,0,0.985981822013855,0.0001544575789012015,0.013297190889716148,0.0005665424396283925
0,1,0.0207455325871706,0.9758850932121277,0.002687971806153655,0.0006813220679759979
2,1,0.00011522729619173333,0.9995248317718506,0.000163747274200432,0.00019626373250503093
1,1,0.00011833209282485768,0.9995437264442444,0.00014955626102164388,0.00018842321878764778
0,2,0.0004599753301590681,0.00024914537789300084,0.9990085959434509,0.000282394903479144
1,1,0.00013900751946493983,0.9995622038841248,9.44972998695448e-05,0.00020424521062523127
2,2,0.0009068284998647869,0.0004595372884068638,0.9984760880470276,0.00015744738630019128
0,0,0.9992517828941345,0.00028453112463466823,0.00025340751744806767,0.00021032776567153633
2,2,0.00031145455432124436,0.0002443459816277027,0.9991856217384338,0.00025859943707473576
1,1,0.0001840952900238335,0.9994600415229797,8.574356616009027e-05,0.00027013380895368755
0,0,0.9987102746963501,0.00021422009740490466,0.0008972859941422939,0.0001781979954103008
2,2,0.0003577541501726955,0.00047602984705008566,0.9990045428276062,0.00016174373740796
1,1,0.0001527705608168617,0.9994823932647705,8.396682824240997e-05,0.0002808217250276357
1,1,0.0001645196753088385,0.9994528889656067,0.0001384623028570786,0.0002440924581605941
0,0,0.9993036985397339,0.0001296845730394125,0.00029446554253809154,0.0002720931370276958
1,0,0.9993202686309814,0.00016900323680602014,0.0002721458731684834,0.00023865005641710013
2,2,0.0003370819613337517,0.0005399705260060728,0.9989462494850159,0.0001766950445016846
0,0,0.9991614818572998,0.00011480640387162566,0.00048088302719406784,0.00024290448345709592
1,1,9.078312723431736e-05,0.9988698363304138,0.000869208131916821,0.00017010558804031461
1,1,0.0001392471167491749,0.999548614025116,9.198406769428402e-05,0.00022008897212799639
2,2,0.000375070987502113,0.00026063466793857515,0.9991449117660522,0.00021940232545603067
0,0,0.9992961883544922,0.00012739707017317414,0.0003065165947191417,0.00026994457584805787
2,2,0.000253731181146577,0.0002807019336614758,0.9991999268531799,0.00026569177862256765
1,1,0.00021360702521633357,0.9922497272491455,0.007232372183352709,0.0003043232427444309
0,0,0.9993258714675903,0.00014159288548398763,0.000280701438896358,0.00025188684230670333
2,2,0.00028768109041266143,0.00026930044987238944,0.9991705417633057,0.000272571574896574
1,1,8.422950486419722e-05,0.9995731711387634,0.00017035803466569632,0.000172160827787593
0,0,0.9993026256561279,0.00012000255810562521,0.0003264628176111728,0.0002509358455426991
0,0,0.9993098974227905,0.0001447401737095788,0.0002827851858455688,0.00026253313990309834
1,0,0.9991951584815979,0.00012405049346853048,0.0004551610618364066,0.00022562412777915597
2,1,0.0001544154656585306,0.999479353427887,0.00013874925207346678,0.0002274735743412748
2,2,0.0004105179978068918,0.00021157356968615204,0.9991093277931213,0.0002685223298612982
1,1,0.00017994431254919618,0.999477207660675,9.091702668229118e-05,0.00025203361292369664
0,0,0.9993206262588501,0.0001352268736809492,0.00029036588966846466,0.00025383036700077355
0,0,0.9989141225814819,0.0001254023372894153,0.0007129068835638463,0.0002475435903761536
2,2,0.0003537895972840488,0.00031522067729383707,0.999125063419342,0.0002059530233964324
1,1,0.0001368776138406247,0.9981847405433655,0.0014642276801168919,0.0002142321754945442
0,0,0.9993394017219543,0.0001538115757284686,0.0002553801459725946,0.0002513630606699735
2,2,0.00023446392151527107,0.0004284569586161524,0.9990618824958801,0.00027522831805981696
1,1,0.0001495029719080776,0.9995212554931641,8.526135206921026e-05,0.00024402420967817307
2,2,0.00019792679813690484,0.0023815224412828684,0.9971652626991272,0.00025530080893076956
0,0,0.9993155002593994,0.000149220519233495,0.00026871738373301923,0.00026656288537196815
3,1,0.00016698151011951268,0.9982293248176575,0.0014294760767370462,0.00017427117563784122
1,1,0.0001572638429934159,0.9994945526123047,8.485261059831828e-05,0.00026333073037676513
2,2,0.0002737859031185508,0.000340854749083519,0.9991505146026611,0.00023474426416214556
0,0,0.9992941617965698,0.00019574373436626047,0.00022569813882000744,0.00028427981305867434
1,2,0.0005044190911576152,0.010293172672390938,0.9887549877166748,0.0004475017194636166
2,2,0.0004382625047583133,0.00021066772751510143,0.9991064667701721,0.0002445038117002696
2,2,0.0005695783183909953,0.00021349840972106904,0.9989593029022217,0.000257572450209409
0,0,0.9993327260017395,0.0001377663284074515,0.0002717481111176312,0.0002576960250735283
1,2,0.0002994950336869806,0.026171648874878883,0.9724580645561218,0.0010707622859627008
2,2,0.0004711282963398844,0.05375942960381508,0.9450708031654358,0.0006986744119785726
2,0,0.9990257024765015,0.00013515862519852817,0.0006227879785001278,0.00021635515440721065
0,0,0.999256432056427,0.00013339455472305417,0.0003895882982760668,0.00022052985150367022
1,1,0.0001487522677052766,0.9995703101158142,0.00011168359196744859,0.00016924376541282982
2,2,0.0003184127854183316,0.00024783541448414326,0.99918133020401,0.0002524029405321926
0,0,0.9993348717689514,0.0001461850042687729,0.0002388325083302334,0.00028003312763758004
1,1,0.00011772498692153022,0.9995517134666443,9.509977098787203e-05,0.0002354303142055869
0,0,0.9980642199516296,0.00014291441766545177,0.0015456130495294929,0.0002471584884915501
1,1,0.00010806630598381162,0.9973391890525818,0.002352120354771614,0.00020058307563886046
2,2,0.0007975617190822959,0.47557133436203003,0.5221185684204102,0.0015125221107155085
0,1,0.0002819858491420746,0.9993687272071838,8.415856427745894e-05,0.00026513318880461156
2,2,0.00038785842480137944,0.0002289753028890118,0.9991388320922852,0.0002443233970552683
1,1,0.00016350489750038832,0.9994798302650452,9.487634088145569e-05,0.0002617080172058195
0,2,0.00032992055639624596,0.00024977303110063076,0.9991612434387207,0.00025908261886797845
0,2,0.0009539377060718834,0.0001883997902041301,0.9986181259155273,0.00023957931261975318
1,1,0.00015485318726859987,0.9995453953742981,0.00011349134729243815,0.0001862951321527362
1,1,0.0001667159958742559,0.9994736313819885,9.106568904826418e-05,0.0002685246872715652
0,0,0.9992982149124146,0.00014831279986537993,0.000256012863246724,0.00029748750966973603
0,0,0.9990394711494446,0.0004820304166059941,0.0002460693649481982,0.0002324003871763125
0,0,0.9991680383682251,0.00034718800452537835,0.0002767397090792656,0.0002081332786474377
2,1,0.000554971513338387,0.9577857255935669,0.04088085889816284,0.0007784306653775275
2,1,0.00014404953981284052,0.9994915723800659,0.000204019364900887,0.00016040763875935227
2,2,0.43835732340812683,0.0010772929526865482,0.5597336888313293,0.0008317299070768058
1,1,0.0001373589038848877,0.9989157915115356,0.0008074632496573031,0.0001394622668158263
2,1,0.0008072340860962868,0.715621829032898,0.2821449339389801,0.0014259404269978404
0,0,0.9986298084259033,0.0002790304715745151,0.0009086139034479856,0.0001825829822337255
2,2,0.0005201823660172522,0.00024458588450215757,0.9990054965019226,0.0002297198516316712
1,1,0.00014412114978767931,0.9995326995849609,0.00010930895223282278,0.00021383129933383316
0,0,0.999134361743927,0.00013833295088261366,0.000514476269017905,0.00021294402540661395
2,2,0.007103603333234787,0.0002476958616171032,0.992422878742218,0.00022592682216782123
1,1,8.720959885977209e-05,0.9995513558387756,0.00019236157822888345,0.0001690352219156921
1,1,0.00018270048894919455,0.9994850158691406,9.535078424960375e-05,0.00023680752201471478
3,2,0.06787237524986267,0.00034845113987103105,0.9309762716293335,0.0008029990713112056
3,1,0.020541563630104065,0.9781412482261658,0.0003625259269028902,0.0009546132059767842
1,1,0.00013275418314151466,0.9994719624519348,0.00010390622628619894,0.00029142695711925626
2,0,0.9725180268287659,0.0007962406962178648,0.026237767189741135,0.00044793265988118947
0,0,0.9992935657501221,0.00012852982035838068,0.0003204607928637415,0.0002574640966486186
0,0,0.9992994070053101,0.0001517707423772663,0.0003182057407684624,0.00023068040900398046
1,1,0.00016398368461523205,0.9995026588439941,8.499284012941644e-05,0.0002482532290741801
2,0,0.932828426361084,0.06523644924163818,0.001081614289432764,0.0008534124353900552
2,0,0.9993166923522949,0.00015521618479397148,0.00028302022838033736,0.0002450244501233101
0,0,0.9993023872375488,0.00014104697038419545,0.0002450286701787263,0.00031155513715930283
1,1,0.00015732547035440803,0.9993504881858826,0.0002286800736328587,0.0002635550044942647
2,1,0.00010412301344331354,0.999089241027832,0.0006517252768389881,0.0001549474982311949
0,0,0.9993464350700378,0.00013125577243044972,0.0002644833002705127,0.0002578851708676666
1,1,0.00011499044921947643,0.99957674741745,0.00011023040133295581,0.000198050620383583
1,1,0.0013099729549139738,0.9669426083564758,0.031415242701768875,0.0003321838448755443
2,2,0.0004970757872797549,0.0014009353471919894,0.9979764819145203,0.00012557266745716333
0,0,0.9993355870246887,0.00013277115067467093,0.0002651322283782065,0.0002664808416739106
0,0,0.9993159770965576,0.0001396258157910779,0.000260053580859676,0.0002844072296284139
2,1,0.00012052810052409768,0.998445451259613,0.0012096477439627051,0.00022440800967160612
1,1,0.00011050598550355062,0.9989690780639648,0.0007730237557552755,0.0001474112505093217
1,1,0.00016644409333821386,0.9994397759437561,9.106347715714946e-05,0.00030278199119493365
2,0,0.7629440426826477,0.07904195785522461,0.15759393572807312,0.00042005922296084464
0,0,0.999319314956665,0.00020339948241598904,0.0002430397435091436,0.00023428938584402204
1,1,0.00010828176891664043,0.9969174861907959,0.002786375815048814,0.00018785952124744654
2,2,0.0004156949871685356,0.00032726553035899997,0.9990063309669495,0.0002506483579054475
0,0,0.9993207454681396,0.00017991116328630596,0.00022191966127138585,0.00027741200756281614
0,0,0.9992769360542297,0.0002349623537156731,0.00022860914759803563,0.00025955159799195826
1,1,0.0003600266936700791,0.9992882609367371,0.00018291312153451145,0.0001687575422693044
2,2,0.00028599807410500944,0.0002564435708336532,0.9992006421089172,0.0002568903146311641
1,1,0.00011363349040038884,0.9994648098945618,0.00025654438650235534,0.0001649859332246706
2,2,0.0002626249042805284,0.00032955280039459467,0.9992017149925232,0.00020608612976502627
0,0,0.9990516304969788,0.00019849232921842486,0.0005834748153574765,0.0001664207229623571
1,1,0.00020181802392471582,0.9994472861289978,8.6684049165342e-05,0.0002642707258928567
2,2,0.00025093895965255797,0.0005211227107793093,0.9990082383155823,0.00021975129493512213
0,0,0.995355486869812,0.0002516106469556689,0.004187419079244137,0.0002054853830486536
2,2,0.00048645882634446025,0.00023500055249314755,0.9990068078041077,0.0002717265742830932
1,1,0.0002029367897193879,0.9994497895240784,8.58116545714438e-05,0.00026141779380850494
0,0,0.9993322491645813,0.00015913684910628945,0.0002509485639166087,0.00025753543013706803
0,0,0.9993428587913513,0.0001445441012037918,0.00026659408467821777,0.00024592847330495715
1,1,0.0001426148519385606,0.9995404481887817,0.000121472985483706,0.00019554694881662726
2,2,0.00020043922995682806,0.0012725472915917635,0.9982982277870178,0.0002288618852617219
1,1,0.00013106422557029873,0.999555766582489,0.00010334549006074667,0.0002098056866088882
2,1,0.00012539041927084327,0.9995642304420471,0.00010274611850036308,0.00020763164502568543
0,0,0.9993170499801636,0.00012532688560895622,0.0002792408922687173,0.0002784001117106527
1,1,0.00023958607926033437,0.9894763231277466,0.009937763214111328,0.000346277782227844
0,2,0.0011939408723264933,0.00023964619322214276,0.9982845187187195,0.0002818422217387706
2,2,0.047490645200014114,0.004357608966529369,0.947858989238739,0.00029279341106303036
1,1,0.000626200984697789,0.9952515363693237,0.0035350676625967026,0.0005871924804523587
0,0,0.9991624355316162,0.00016324922034982592,0.00046616318286396563,0.00020817102631554008
2,2,0.0002559593413025141,0.0003010170767083764,0.9991893172264099,0.000253641395829618
0,0,0.9993171691894531,0.00014555543020833284,0.0002421101526124403,0.0002951769274659455
1,1,0.00021799343812745064,0.9994755387306213,0.00011991005158051848,0.00018663080118130893
2,2,0.0002392037567915395,0.0002955195086542517,0.9991649389266968,0.00030032871291041374
0,0,0.9974752068519592,0.0016760631697252393,0.0006736596114933491,0.00017514449427835643
1,1,8.98125726962462e-05,0.9995019435882568,0.00023343133216258138,0.0001747696369420737
2,2,0.00025637331418693066,0.0013631455367431045,0.9981127977371216,0.00026769889518618584
2,2,0.00033862891723401845,0.00028275582008063793,0.9991374015808105,0.00024118565488606691
1,1,0.0001354582782369107,0.9995157718658447,8.642582542961463e-05,0.00026233491371385753
0,0,0.9993211030960083,0.00017318749451078475,0.0002688355161808431,0.00023681134916841984
3,2,0.4082864224910736,0.012569894082844257,0.5786911249160767,0.0004525795520748943
1,0,0.9992855191230774,0.00013906595995649695,0.0003431136137805879,0.00023240220616571605
3,2,0.0004537410568445921,0.0002287180395796895,0.9990637898445129,0.00025380286388099194
0,0,0.9991081357002258,0.0002875904319807887,0.00040314445504918694,0.00020105502335354686
0,1,0.00027924825553782284,0.9993348717689514,9.547912486596033e-05,0.00029034484759904444
1,1,0.00016199788660742342,0.9995061159133911,8.194033580366522e-05,0.00024995789863169193
0,0,0.9991621971130371,0.0001272272493224591,0.000470443774247542,0.00024013999791350216
1,1,0.0001777005527401343,0.9994743466377258,9.596984455129132e-05,0.00025200765230692923
2,1,0.00041429486009292305,0.7508887052536011,0.24755069613456726,0.0011462843976914883
0,0,0.9993374943733215,0.00016010126273613423,0.0002539123233873397,0.00024856466916389763
2,2,0.0005168089410290122,0.04482565447688103,0.9542995691299438,0.00035797731834463775
1,1,0.00014295328583102673,0.9995540976524353,8.737625466892496e-05,0.00021553109399974346
