label,prediction,0,1,2
0,0,0.9998940229415894,4.489483451664e-09,0.00010598133667372167
1,1,0.00010681331332307309,0.9997847676277161,0.00010845751239685342
0,0,0.9999998807907104,8.97763143825614e-08,2.4888315408588824e-08
0,0,0.9990168809890747,0.0003863871970679611,0.0005967675242573023
1,1,2.376437358009298e-08,0.9748474359512329,0.025152545422315598
0,0,0.9988453388214111,0.0005755707970820367,0.0005789885763078928
2,2,2.0336494799266802e-06,4.767918060366583e-09,0.9999979734420776
0,0,0.9997386336326599,0.0002614048426039517,7.403764268332225e-09
2,2,2.547956512444216e-08,7.36626680009067e-05,0.9999263286590576
0,0,0.9999845027923584,9.89273303275695e-07,1.4573342923540622e-05
1,1,3.695500083722436e-07,0.9996758699417114,0.0003237964119762182
2,2,6.511945230158744e-06,0.000726307334844023,0.9992671608924866
2,2,0.0042518978007137775,3.0482406145893037e-06,0.9957450032234192
2,2,0.0006778731476515532,2.5322683541162405e-06,0.9993196725845337
1,1,7.414366365310343e-08,0.9999998807907104,7.884968766802558e-08
1,1,0.0001368176453979686,0.9998631477355957,3.196627318402534e-08
0,0,1.0,1.1983231296142094e-08,6.365497018379074e-09
0,0,0.9834612607955933,0.00899121817201376,0.007547509390860796
1,1,0.0057788630947470665,0.9942212104797363,5.0422346298262255e-09
1,1,0.00023518085072282702,0.999764621257782,2.3361259593457362e-07
0,0,0.999870777130127,2.775349457806442e-05,0.00010142332757823169
1,1,1.313408915848413e-06,0.9999973773956299,1.2667989039982785e-06
2,2,6.985940126469359e-05,4.635646837414242e-05,0.999883770942688
1,1,5.20406956638908e-07,0.999998927116394,5.43530745744647e-07
2,2,9.452723048752887e-09,8.683659125097165e-09,1.0
0,0,0.9991973042488098,3.862106190410941e-09,0.000802649708930403
1,1,3.728460651331034e-09,1.0,3.7361203020225275e-09
2,2,0.2360237091779709,2.694997237995267e-05,0.7639493346214294
1,1,6.980723128435784e-07,0.9999817609786987,1.75774530362105e-05
2,2,0.023621559143066406,1.5195815876722918e-06,0.9763769507408142
0,0,1.0,1.2152383987995563e-08,1.6618484366404118e-08
2,2,0.0002425958082312718,4.6944020937189634e-07,0.9997568726539612
2,2,0.008628157898783684,0.005336881149560213,0.9860349893569946
1,1,2.9792900022584945e-05,0.9999583959579468,1.177636022475781e-05
2,2,1.1331317182339262e-06,3.935209406336071e-06,0.9999948740005493
0,0,0.9984303116798401,8.200057521889903e-09,0.001569664804264903
0,0,0.9995009899139404,6.247705641726498e-07,0.0004983973340131342
1,1,3.3175751923408825e-06,0.9999878406524658,8.89055991137866e-06
0,0,0.9999947547912598,5.153462552698329e-06,1.1442803327099682e-07
1,1,8.43212433210283e-09,1.0,4.654612695276228e-08
1,1,8.554854247222465e-08,0.9999994039535522,4.66350741135102e-07
1,1,3.4108720683434512e-06,0.999996542930603,9.063554351484981e-09
2,2,0.0013146569253876805,4.446268242475071e-09,0.9986853003501892
1,1,2.9486063795047812e-06,0.9999948740005493,2.137390765710734e-06
2,2,6.782874706345865e-09,2.409238391010149e-07,0.9999997615814209
1,1,1.2308612440392608e-07,0.9999997615814209,1.2256019488177117e-07
2,2,0.00014707582886330783,0.00012301217066124082,0.9997299313545227
1,1,2.0087269092528004e-07,0.9999996423721313,2.131240677272217e-07
0,0,0.9999793767929077,3.2628423696223763e-07,2.022568696702365e-05
1,1,0.0003599417977966368,0.999639630317688,3.9019829500830383e-07
1,1,4.561859867635576e-08,0.9999998807907104,1.1643584940657092e-07
2,2,3.9111082372755845e-08,6.7503909129129624e-09,1.0
0,0,0.9998323917388916,0.00016756307741161436,2.8176840416449522e-08
1,1,1.3844326574030674e-08,1.0,1.7667254326170223e-08
2,2,2.6352671156359975e-08,1.6884587239474058e-06,0.9999983310699463
0,0,0.9998717308044434,2.1026615286245942e-05,0.00010728232882684097
2,2,7.227359901662567e-07,4.2524953869360615e-07,0.9999988079071045
2,2,0.008971495553851128,0.017606083303689957,0.9734224081039429
0,0,0.3384452760219574,0.334145188331604,0.3274095356464386
1,1,0.005151126068085432,0.6411200165748596,0.3537288308143616
2,2,1.3584608993255642e-08,1.7630998883078064e-08,1.0
0,0,1.0,2.7592662377173838e-08,2.3602336085559728e-08
0,0,0.9999996423721313,2.0024245372951555e-07,1.2753895362038747e-07
0,0,0.9817917346954346,0.01820823922753334,4.538251374697211e-08
1,1,2.195378147007432e-05,0.9999779462814331,1.5147088561207056e-07
0,0,0.9999997615814209,1.4412193216628566e-08,2.3367176993360772e-07
0,0,0.9994304776191711,3.977779883257426e-09,0.0005694655701518059
0,0,1.0,3.4873210097430274e-08,3.523794234183697e-08
1,1,1.5556558707885415e-07,0.9992569088935852,0.0007428853423334658
2,2,1.6912174032768235e-05,0.001289244508370757,0.9986938834190369
1,1,0.00012422063446138054,0.9998025298118591,7.33015695004724e-05
0,0,0.9979923963546753,1.0847643494571457e-07,0.0020074567291885614
0,0,0.9999380111694336,5.5011350923450664e-05,7.075851044646697e-06
0,0,0.9995620846748352,0.00043459300650283694,3.3281637570325984e-06
1,1,3.4928056891203596e-08,0.9999998807907104,5.215195741925527e-08
0,0,0.9999991655349731,8.561368076698272e-07,6.209845082594256e-09
0,0,0.9999710321426392,1.8568352970760316e-05,1.035045806929702e-05
2,2,3.2328122756553057e-07,2.5156493848044192e-06,0.9999971389770508
0,0,0.9999834299087524,1.499442134900164e-07,1.6407719158451073e-05
2,2,2.050411183063261e-07,1.734157706323458e-07,0.9999996423721313
2,2,0.0016183818224817514,2.2006418021192076e-08,0.9983816146850586
1,1,1.576394060975872e-05,0.9999758005142212,8.459101081825793e-06
2,2,2.124438287864905e-05,7.174076745286584e-05,0.9999070167541504
1,1,5.7675744756124914e-05,0.9974527955055237,0.002489526057615876
1,1,2.085579808408511e-06,0.9999978542327881,2.198389204011164e-08
1,1,5.667048341706504e-08,0.9999998807907104,1.0370462710795891e-08
0,0,0.9990962743759155,0.0004530596488621086,0.00045065078302286565
0,0,0.9942334294319153,0.005513219628483057,0.00025338807608932257
1,1,4.200818892741154e-08,0.9999998807907104,3.8849815808816857e-08
0,0,0.9999996423721313,6.306115096776921e-08,2.310471955979665e-07
1,1,6.077583769581452e-09,0.9999891519546509,1.083421284420183e-05
1,1,2.6805541892827023e-06,0.9999951124191284,2.2609046936850064e-06
2,2,1.263292546127559e-07,0.00011581966100493446,0.9998840093612671
2,2,2.890271275646228e-07,4.97948860811448e-07,0.9999992847442627
1,1,2.1497392310720898e-07,0.9999997615814209,1.5599681546518696e-08
2,2,5.22751264497856e-09,6.278258357639288e-09,1.0
0,0,0.9953460097312927,0.0046540056355297565,8.904133430576167e-09
1,1,7.671915227547288e-06,0.9999793767929077,1.2943352885486092e-05
1,1,2.847013774953666e-06,0.9959279894828796,0.004069111309945583
1,1,0.0041101365350186825,0.9958890080451965,8.979782251117285e-07
1,1,3.897874194080941e-06,0.999984622001648,1.1524748515512329e-05
2,2,1.1863511417686823e-06,3.524812655086862e-07,0.9999984502792358
0,0,0.9994945526123047,0.0002660602331161499,0.00023933126067277044
2,2,7.0263918132695835e-06,3.0289167625596747e-05,0.9999626874923706
1,1,2.3471134369401625e-08,0.9999531507492065,4.6862704039085656e-05
0,0,0.9998621940612793,1.3028029570705257e-06,0.00013644498540088534
0,0,0.9997255206108093,7.087441389330706e-08,0.0002743531367741525
1,1,0.09343134611845016,0.8878914713859558,0.018677184358239174
1,1,1.5022420640775636e-08,0.9999994039535522,5.231535169514245e-07
2,2,8.786638971969296e-09,7.94045984520153e-09,1.0
0,0,0.9999997615814209,1.5150740750868863e-07,1.3166858536806103e-07
2,2,7.813295087544248e-05,9.416294778930023e-05,0.9998276233673096
0,0,0.9998624324798584,9.583210385244456e-07,0.00013657858653459698
2,2,6.276199560062423e-09,4.9480178859084845e-05,0.9999505281448364
1,1,1.1556983814386967e-08,0.9999010562896729,9.896088886307552e-05
1,1,5.077714959611512e-08,0.999998927116394,1.0112953532370739e-06
2,2,1.1578492831176845e-08,2.6454998192093626e-08,1.0
0,0,0.9999933242797852,5.99142231294536e-06,7.528236665166332e-07
1,1,8.675629992183076e-09,1.0,7.582824146368239e-09
1,1,1.5057079139069174e-08,0.9999997615814209,2.6722622692432196e-07
0,0,0.9999972581863403,2.156431690991667e-07,2.473654831192107e-06
1,0,0.9704129099845886,0.012876434251666069,0.016710687428712845
2,2,1.858958785305731e-05,1.7512084014015272e-05,0.9999638795852661
1,1,1.6591297935519833e-07,0.9999997615814209,2.7935913138321666e-08
1,1,2.1073185052955523e-05,0.9999468326568604,3.214671232854016e-05
2,2,9.173108139748365e-08,0.00015986205835361034,0.9998400211334229
1,1,2.7279574155159025e-08,1.0,5.760396604159723e-09
2,2,7.202082485946448e-08,1.3724582458962686e-05,0.9999861717224121
1,1,6.798317372158635e-06,0.9999539852142334,3.923725671484135e-05
0,0,0.9999594688415527,3.589579078422389e-09,4.056214675074443e-05
1,1,9.396995892529958e-07,0.9999980926513672,9.667534186519333e-07
1,1,1.2031925678002153e-07,0.9999996423721313,2.039797379893571e-07
2,2,7.1604975282468786e-09,1.9984408794471165e-08,1.0
1,1,3.505113909341162e-06,0.999991774559021,4.7001308303151745e-06
1,1,8.489445590953437e-09,1.0,5.330697661065642e-09
0,0,0.9999198913574219,8.006860298337415e-05,2.5532918002113547e-08
0,0,0.9992586970329285,1.0366677088313736e-05,0.0007308996864594519
1,1,6.96238421369344e-05,0.999915599822998,1.4781449863221496e-05
0,0,0.9999996423721313,6.253412720980123e-08,2.9543554092015256e-07
1,1,1.696917820481758e-06,0.999996542930603,1.7951591644305154e-06
1,1,1.7695350834401324e-05,0.9998480081558228,0.00013428811507765204
0,0,0.9999939203262329,2.158221832360141e-06,3.884013949573273e-06
2,2,7.536978955613449e-05,0.0002985630417242646,0.9996261596679688
2,2,1.0056537824709721e-08,3.318947250363635e-08,1.0
0,0,0.9999986886978149,1.1493601732581737e-06,1.786554264526785e-07
2,2,0.0007262922590598464,0.0007164956768974662,0.9985572695732117
2,2,6.957213116720595e-08,4.753825333381201e-09,0.9999998807907104
0,0,0.9994158744812012,0.0005740647902712226,1.0124320397153497e-05
0,0,0.9998249411582947,6.981483238632791e-06,0.0001680887071415782
1,1,4.763670858665137e-06,0.9992419481277466,0.0007532925228588283
2,2,0.0012791275512427092,0.00010251750063616782,0.9986183643341064
1,1,4.40400604873048e-09,0.9999980926513672,1.8493329889679444e-06
1,1,0.0055130054242908955,0.9944854378700256,1.5452942534466274e-06
1,2,0.006938682869076729,0.4803265631198883,0.5127347111701965
0,0,0.9999773502349854,2.28209819397307e-06,2.0333214706624858e-05
1,1,2.40180452237837e-06,0.9999949932098389,2.6481852728466038e-06
2,2,1.0103080967382994e-05,1.7458989532315172e-05,0.9999724626541138
2,2,1.1572178770791197e-08,3.602676201808208e-08,1.0
0,0,0.9999804496765137,1.719100691843778e-05,2.3442180463462137e-06
2,2,2.7974593308499607e-07,0.2062276005744934,0.7937721014022827
0,0,0.9999226331710815,1.9123206584481522e-05,5.832669194205664e-05
2,2,8.58145795064047e-05,1.2772933587257285e-05,0.9999014139175415
1,1,1.566447593859266e-08,1.0,2.188937919811451e-08
1,1,5.234566113898609e-09,0.999265730381012,0.0007343181641772389
1,1,0.33209922909736633,0.667593240737915,0.0003075512358918786
2,2,2.187806057918351e-05,8.440195209402646e-09,0.9999780654907227
0,0,0.9999966621398926,2.8373697205097415e-06,5.287193971525994e-07
0,0,0.9998291730880737,4.738432107842527e-05,0.0001233673101523891
2,2,2.821545876940945e-07,1.5379640672108508e-08,0.9999997615814209
0,0,0.9995538592338562,1.2135586757722194e-07,0.00044598127715289593
1,1,0.004625929985195398,0.99105304479599,0.004321052692830563
2,2,9.782104015698678e-09,3.8737653085263446e-07,0.9999996423721313
1,1,1.7228176147909835e-06,0.9999978542327881,4.395202495288686e-07
1,1,3.0988260846243065e-07,0.9999996423721313,2.487820083274528e-08
2,2,0.00022690529294777662,0.0006520025781355798,0.9991211295127869
0,0,0.999919056892395,2.618751977934153e-06,7.835448195692152e-05
0,0,0.9998270869255066,0.00017293904966209084,4.428218858265609e-08
1,1,1.6273357061891147e-07,0.9999996423721313,1.521677148730305e-07
2,2,0.00014770808047614992,0.00013569084694609046,0.999716579914093
1,1,1.110352241084911e-05,0.9999873638153076,1.5183483128566877e-06
1,1,1.3922130165155977e-05,0.9999730587005615,1.2968871487828437e-05
2,2,1.172961219708668e-05,2.1047771951998584e-06,0.9999861717224121
2,2,5.1681361412647675e-08,8.599069587944541e-06,0.9999914169311523
0,0,0.9999963045120239,1.9405608782108175e-06,1.8049969412459177e-06
0,0,0.999832272529602,1.4194738717776545e-08,0.0001676863175816834
2,2,2.466693160840805e-07,3.751524491235614e-05,0.9999622106552124
1,1,1.2717784159121948e-07,0.999996542930603,3.299341642559739e-06
2,2,1.733747194521129e-05,3.288075822638348e-05,0.9999498128890991
1,1,0.0003573634021449834,0.9996411800384521,1.446555188522325e-06
0,0,0.9999986886978149,1.305969021814235e-06,3.792729241780535e-09
1,1,1.547821852909692e-06,0.9999983310699463,7.181840544490115e-08
0,0,0.9997949004173279,0.00010813771950779483,9.70191031228751e-05
1,1,0.0014412718592211604,0.9969332218170166,0.0016255313530564308
0,0,1.0,7.399204360325484e-09,6.274068375944353e-09
2,2,2.234433122794144e-05,1.2315786989347544e-05,0.9999654293060303
1,1,0.2482919842004776,0.7517077922821045,2.722881333738769e-07
0,0,1.0,4.259050889743321e-09,1.0049443943671577e-08
0,0,0.942980170249939,0.028669269755482674,0.028350645676255226
0,0,0.9999692440032959,3.625580280441909e-09,3.0743798561161384e-05
1,1,5.450800131256983e-07,0.9999384880065918,6.0982936702203006e-05
1,1,7.857662239985075e-06,0.9999840259552002,8.088881259027403e-06
0,0,0.9942797422409058,0.005719906184822321,4.032071672099846e-07
2,2,4.139795350965869e-08,3.738766807259708e-08,1.0
0,0,0.9999576807022095,3.14692734093569e-08,4.234425432514399e-05
2,2,7.126097330001357e-07,2.656754105601067e-08,0.9999992847442627
0,0,1.0,1.099458568631917e-08,1.8010727131922977e-08
2,2,0.0011239550076425076,0.00010123314859811217,0.9987748265266418
2,2,0.000294766592560336,0.002812260063365102,0.996893048286438
2,2,1.5006081355295464e-07,1.6365227395453985e-07,0.9999997615814209
0,0,0.9999350309371948,1.9147386410622858e-05,4.577494473778643e-05
2,2,0.0001122905159718357,4.677180420742388e-09,0.9998877048492432
2,2,3.437056420807494e-06,3.0148730729706585e-06,0.9999935626983643
1,1,0.023968612775206566,0.5515788793563843,0.4244524836540222
1,1,9.347266313852742e-05,0.9997425675392151,0.0001639759575482458
2,2,3.865368853439577e-05,1.3119111486048496e-07,0.999961256980896
1,1,4.372584953671321e-06,0.9999927282333374,2.8853241929027718e-06
1,1,6.6083591931942465e-09,1.0,2.8818963215826443e-08
2,2,4.311762946684894e-09,2.3061129894585974e-08,1.0
2,2,0.000280669511994347,0.0007653929060325027,0.9989539384841919
1,1,8.249902748502791e-06,0.9999520778656006,3.968603414250538e-05
2,2,2.065514854621142e-05,1.388433332749628e-07,0.9999792575836182
0,0,0.9995786547660828,2.622815009090118e-05,0.0003951208491344005
1,1,4.310462372814072e-06,0.9999924898147583,3.227592969778925e-06
1,1,2.910112016252242e-05,0.9999701976776123,7.432017810060643e-07
2,2,1.1648490172433412e-08,1.2815465133542148e-08,1.0
2,2,0.0004812642000615597,1.4689763361275254e-07,0.999518632888794
0,0,0.9990249872207642,6.979180398047902e-07,0.0009742709808051586
1,1,2.412005528640293e-08,1.0,2.4965531864040713e-08
1,1,3.440075602156867e-08,0.9997149109840393,0.00028497754829004407
0,0,0.9999986886978149,1.585131599313172e-07,1.2042204389217659e-06
0,0,1.0,4.4278444022438634e-08,8.257353911744758e-09
1,1,1.8476092009223066e-05,0.9999815225601196,1.3104852314427262e-08
1,1,6.225905124779274e-09,0.9999995231628418,5.149107096258376e-07
2,2,2.577856506036369e-08,7.051132706692442e-05,0.9999294281005859
2,2,5.00430896721582e-09,3.652764490880145e-08,1.0
2,2,2.3164464124647566e-08,5.1451845450856126e-08,1.0
0,0,0.9998397827148438,5.1743915818747155e-09,0.0001602460688445717
2,2,0.00010675884550437331,0.001591808395460248,0.9983013868331909
0,0,0.9999911785125732,8.873825208866037e-06,9.154353719509345e-09
0,0,0.9999992847442627,5.425888502941234e-07,1.5244522444390896e-07
1,1,1.9722519937204197e-06,0.9999951124191284,2.9562486361101037e-06
0,0,0.9998194575309753,2.128416099367314e-06,0.0001784040650818497
0,0,0.9999973773956299,2.5949927930923877e-06,3.903853595943474e-08
0,0,1.0,3.3559572898411716e-08,3.96935142532584e-08
2,2,1.8476126570021734e-05,7.948374403099479e-09,0.9999815225601196
2,2,7.558541881280689e-08,0.0001790649985196069,0.99982088804245
0,0,0.9999151229858398,8.492256165482104e-05,3.9892711356515065e-08
2,2,1.9904339296772378e-06,5.574656825046986e-07,0.9999973773956299
2,2,5.385300205773547e-09,1.4040634432888055e-08,1.0
2,2,5.85248380957637e-05,0.0006373617216013372,0.9993041753768921
0,0,0.985858142375946,0.01414146926254034,3.887431319071766e-07
2,2,0.00017631777154747397,0.05455997586250305,0.9452636241912842
0,0,0.9998747110366821,8.034945494728163e-05,4.4895001337863505e-05
0,0,0.9999998807907104,1.368588584682584e-07,3.959890904070562e-08
1,1,8.449386967868122e-08,0.9999998807907104,4.0838308734691964e-08
2,2,6.988466338953003e-07,5.1638412656984656e-08,0.9999992847442627
2,2,0.0007364501943811774,0.0005893781199119985,0.9986741542816162
2,2,0.0019709940534085035,2.684997070900863e-06,0.9980261921882629
2,2,5.546895067709556e-07,2.5417353555212685e-08,0.9999994039535522
1,1,0.00891843531280756,0.9851673245429993,0.005914208944886923
1,1,6.189643642073861e-08,0.9999998807907104,4.645166740147033e-08
2,2,1.0218728618838213e-07,1.1160722124259337e-07,0.9999997615814209
0,0,0.9928932785987854,7.267737487381964e-07,0.007106032222509384
2,2,1.7243941385913786e-08,8.981879062730513e-08,0.9999998807907104
0,0,0.9998800754547119,2.685424149717619e-08,0.00011992233339697123
0,0,1.0,6.552157039152462e-09,9.320809901680605e-09
2,2,1.965865976671921e-06,1.8315114402867039e-06,0.9999963045120239
1,1,1.5399645008074003e-06,0.9998632669448853,0.00013521556684281677
1,1,0.26875561475753784,0.7312438488006592,5.387710189097561e-07
1,1,4.683090821799851e-07,0.9999985694885254,9.665445759310387e-07
1,1,0.00019244202121626586,0.9998072981834412,2.7183469342162425e-07
2,2,8.702145670724803e-09,9.729188121809784e-09,1.0
1,1,0.0007806572830304503,0.998475968837738,0.0007433287100866437
2,2,1.1626012792476104e-06,2.9589886253234e-05,0.9999692440032959
1,1,7.671314961044118e-07,0.9997518658638,0.00024737766943871975
0,0,0.9999393224716187,3.5292661777930334e-05,2.537883301556576e-05
0,0,0.9999407529830933,5.926051380811259e-05,3.687625493853375e-08
2,2,0.0008616013801656663,1.0292951628798619e-06,0.999137282371521
0,0,0.9999892711639404,2.1756542878392793e-07,1.0446603482705541e-05
2,2,7.126378477551043e-06,2.4330129235750064e-06,0.9999904632568359
2,2,1.454078280005433e-08,1.449979425416359e-08,1.0
2,2,1.0599167126201792e-06,5.885535188099311e-07,0.9999983310699463
1,1,4.260093646735186e-06,0.998065173625946,0.0019305851310491562
0,0,0.9999699592590332,1.2345994036877528e-05,1.769124901329633e-05
0,0,0.9999204874038696,5.5914311815286055e-05,2.3652724848943762e-05
1,1,4.458704097487498e-06,0.9999910593032837,4.441364126250846e-06
1,1,6.484164316589158e-09,0.9999998807907104,1.2361762458112935e-07
0,0,0.9994205236434937,0.0005069227772764862,7.255180389620364e-05
0,0,0.999996542930603,1.1344970971549628e-06,2.239461537101306e-06
1,1,5.567707717091253e-07,0.9999994039535522,7.134118362728259e-08
2,2,7.004159385815001e-08,8.540232698805994e-08,0.9999997615814209
2,2,0.13692663609981537,0.10156859457492828,0.7615048289299011
2,2,0.0011111844796687365,2.274217149533797e-05,0.998866081237793
2,2,1.2876847677034675e-07,1.0163093477899565e-08,0.9999998807907104
0,0,0.999417781829834,0.0002540080458857119,0.00032818090403452516
0,0,0.9999940395355225,4.97663540954818e-06,9.153664564109931e-07
0,0,0.9999189376831055,2.533747101551853e-05,5.567998596234247e-05
1,1,0.04377862438559532,0.9562044143676758,1.6952599253272638e-05
1,1,2.0740130821650382e-06,0.9999963045120239,1.6010782246667077e-06
0,0,0.9747313261032104,0.018286393955349922,0.006982328370213509
0,0,0.9999988079071045,6.172928124215105e-07,5.733900820814597e-07
0,0,0.9999902248382568,5.025252903578803e-06,4.776549303642241e-06
2,2,1.5885346371646847e-08,2.6964181643052143e-07,0.9999997615814209
0,0,0.46526727080345154,0.30629125237464905,0.22844140231609344
1,1,0.00011256139259785414,0.9997450709342957,0.00014240972814150155
2,2,2.3202845866876487e-08,2.6302199529482095e-08,1.0
0,0,0.9999452829360962,5.4697924497304484e-05,1.634703039599117e-08
1,1,8.627328185184524e-08,0.9999992847442627,6.073138365536579e-07
0,0,0.999509334564209,4.315179103286937e-05,0.0004474999732337892
2,2,6.922347495219583e-08,1.924805559383458e-08,0.9999998807907104
0,0,0.9994072914123535,6.757330993423238e-05,0.0005251547554507852
0,0,0.9999990463256836,9.062860044650733e-07,1.0148827556122342e-08
1,1,1.4703572581709068e-08,1.0,2.0755461349608595e-08
0,0,0.9999921321868896,5.3753581141791074e-08,7.921514225017745e-06
1,1,9.749481222343093e-09,0.9969461560249329,0.003053884254768491
2,2,0.000554343219846487,1.6115758398882463e-06,0.9994439482688904
2,2,0.00017604856111574918,3.0007577151991427e-05,0.9997939467430115
2,2,0.0012202677316963673,0.0015663409139961004,0.9972134232521057
1,1,6.451351509895176e-06,0.9998689889907837,0.00012458542187232524
1,1,4.900699934751174e-08,0.9999998807907104,4.416937571249946e-08
2,2,9.593709826560826e-09,9.69140590001416e-09,1.0
1,1,1.1769892616086963e-08,0.9999998807907104,1.0300860253664723e-07
1,1,3.4099691958999756e-08,0.9999998807907104,9.349390239776767e-08
1,1,8.50599413126929e-09,1.0,2.7860783902156072e-08
0,0,0.9999929666519165,1.8402525938654435e-06,5.1967062972835265e-06
2,2,9.16974052245223e-09,2.4098221729218494e-07,0.9999997615814209
2,2,6.420077988877892e-05,0.008452423848211765,0.9914833903312683
1,1,3.472464186415891e-06,0.9579424262046814,0.042054105550050735
1,1,4.24623003425495e-09,0.9999606609344482,3.935613131034188e-05
2,2,2.09994972522054e-08,0.0014382642693817616,0.9985617995262146
2,2,0.002838584827259183,0.0007490444695577025,0.9964123368263245
0,0,0.9998880624771118,5.315076850820333e-05,5.873998088645749e-05
0,0,0.9988672733306885,0.0005229273810982704,0.0006097232690081
1,1,2.8099333576392382e-05,0.9999697208404541,2.2040562726033386e-06
2,2,0.00015464772877749056,1.0991754173517165e-08,0.9998453855514526
0,0,0.9904133677482605,0.00958658941090107,2.6626638671700675e-08
2,2,5.547507316805422e-05,1.7083035345422104e-05,0.9999275207519531
0,0,0.9999990463256836,6.615964593947865e-07,2.5609477916077594e-07
1,1,7.636908883057458e-09,0.999992847442627,7.168055162765086e-06
1,1,4.895663550996687e-06,0.9999910593032837,4.055737463204423e-06
1,1,7.426678348565474e-05,0.9998112320899963,0.00011449222802184522
1,1,1.9787858462905206e-08,1.0,7.028017279253618e-09
2,2,5.028036653698109e-09,2.7156071169542884e-08,1.0
2,2,1.9308505216031335e-05,6.048124123481102e-05,0.9999202489852905
0,0,0.9999668598175049,3.185350215062499e-05,1.347334432466596e-06
0,0,0.9999992847442627,3.130608092760667e-07,3.0827072805550415e-07
1,1,2.8561151665940088e-08,0.9999973773956299,2.633634494486614e-06
0,0,0.9137958884239197,2.0112279344175477e-06,0.08620210736989975
2,2,2.51140139795325e-08,3.522739433492461e-08,1.0
1,1,6.142367055872455e-05,0.9999070167541504,3.156821185257286e-05
0,0,0.9999966621398926,1.4539952530867595e-07,3.2604680200165603e-06
0,0,0.9999970197677612,1.42261785640585e-06,1.5583327694912441e-06
2,2,0.005137678235769272,9.598229553375859e-07,0.9948613047599792
2,2,3.603150489084328e-08,2.1404185091000727e-08,1.0
0,0,0.999864935874939,4.819189780391753e-05,8.691957191331312e-05
0,0,0.9999915361404419,8.074744982877746e-06,3.330947890844982e-07
0,0,0.9998483657836914,9.036745177581906e-05,6.121359183453023e-05
0,0,0.9990635514259338,4.779197926296774e-09,0.0009364791330881417
1,1,1.1554137202551829e-08,1.0,3.679328841599272e-08
1,1,1.1205062037333846e-05,0.999981164932251,7.664558324904647e-06
2,2,0.002613838529214263,8.373008881790156e-07,0.9973853230476379
1,1,5.931631630318179e-09,1.0,5.849279727243584e-09
2,2,1.4839341702099773e-06,3.633793312474154e-06,0.9999949932098389
2,2,2.247040953307078e-07,0.020104626193642616,0.9798951745033264
2,2,9.247851266991347e-07,1.2722054520963866e-08,0.9999990463256836
1,1,2.14807425180652e-08,0.9999921321868896,7.887540050433017e-06
1,1,2.748711995081976e-05,0.9999455213546753,2.6949714083457366e-05
1,1,5.598923280558665e-07,0.999830961227417,0.00016850912652444094
2,2,6.924954050191445e-07,1.0459854848932082e-07,0.9999991655349731
0,0,0.9999922513961792,7.138631303860166e-07,7.069301318551879e-06
2,2,8.531580775184011e-09,4.248234120041161e-07,0.9999995231628418
2,2,5.0565784448508566e-08,0.00027750845765694976,0.999722421169281
0,0,0.9999992847442627,3.430112656133133e-07,3.489722359972802e-07
1,1,5.507711264840509e-08,0.9999992847442627,6.985927143432491e-07
0,0,0.9994826316833496,1.7250373275601305e-05,0.0005000449600629508
1,1,1.4992252772572101e-06,0.9999984502792358,9.875319229024626e-09
2,2,5.2495206546154805e-06,0.0026637602131813765,0.9973310232162476
2,2,6.717268661304843e-06,6.03469288762426e-06,0.9999872446060181
1,1,0.0001068931887857616,0.9998856782913208,7.445531537086936e-06
0,0,0.9999998807907104,5.235025746230804e-09,1.647055682951759e-07
2,2,1.9745935730952624e-07,8.401832474191906e-08,0.9999996423721313
1,1,6.08146910607843e-09,0.9999988079071045,1.1943593563046306e-06
1,1,4.5126016630092636e-05,0.9999545812606812,2.7245044975643395e-07
1,1,8.149940811108536e-08,0.9999998807907104,6.602730451277239e-08
1,1,7.188100425992161e-08,0.9999998807907104,1.0178074205668963e-07
0,0,0.9999940395355225,5.710116965929046e-06,2.365705711326882e-07
2,2,6.221143280527031e-07,4.151512200678553e-07,0.9999990463256836
2,2,8.649428906437606e-08,2.3991946207502224e-08,0.9999998807907104
0,0,0.9999997615814209,6.296055943266765e-08,1.259432735878363e-07
1,1,5.017401463192073e-07,0.9999988079071045,6.719707243973971e-07
1,1,6.7246759272165946e-09,0.9998987913131714,0.00010113369353348389
1,1,1.789730852408411e-08,0.9999998807907104,1.276917345194306e-07
2,2,5.24991712325118e-08,8.08781308592188e-08,0.9999998807907104
0,0,0.9999992847442627,4.392346681925119e-07,2.861716836832784e-07
1,1,1.596200127096381e-05,0.9994031190872192,0.0005809171125292778
0,0,0.9999991655349731,2.653010540143441e-07,6.247285568861116e-07
0,0,0.9992770552635193,0.0006521407049149275,7.081347575876862e-05
2,2,1.234023869756129e-07,2.1547205619754095e-07,0.9999996423721313
1,1,2.515115193091333e-05,0.9993410706520081,0.0006337920785881579
2,2,5.837329808855429e-06,1.7809081782615976e-06,0.9999923706054688
0,0,0.9999803304672241,2.909735030698357e-06,1.6849387975526042e-05
2,2,1.2343072057774407e-06,6.714099527016515e-06,0.9999921321868896
0,0,0.9999769926071167,9.709920959721785e-06,1.3379581105255056e-05
1,1,0.00044151104521006346,0.9995412826538086,1.7200360161950812e-05
1,1,0.0016772020608186722,0.9951997995376587,0.0031230261083692312
2,2,7.4355866672704e-06,1.9693863578140736e-05,0.999972939491272
2,2,2.793225576169789e-05,1.9000905737698304e-08,0.9999721050262451
0,0,1.0,6.5299499141247e-09,8.251371141909658e-09
0,0,0.9997527003288269,0.0002279941109009087,1.933491694217082e-05
0,0,0.9999997615814209,1.4450792207298946e-07,1.0365464220285503e-07
2,2,0.06474859267473221,7.445074778900107e-09,0.9352513551712036
2,2,3.0431563118327176e-06,4.182261363894213e-06,0.9999927282333374
2,2,2.0552345603164213e-08,1.2306571761655505e-07,0.9999998807907104
2,2,6.599280055752388e-08,6.787187345480561e-08,0.9999997615814209
2,2,0.000694322632625699,0.00010213568020844832,0.999203622341156
1,1,0.00023191272339317948,0.9937167763710022,0.006051302421838045
0,0,0.9999991655349731,5.224587873442488e-09,8.002372169357841e-07
2,2,8.260047366093204e-07,2.7188889362150803e-07,0.999998927116394
2,2,5.407057983575214e-07,1.0911267054325435e-05,0.9999884366989136
0,0,0.9935575127601624,0.006442551501095295,3.7238148120621872e-09
1,1,6.898953301970323e-07,0.9999948740005493,4.385900865599979e-06
2,2,6.597407718800241e-06,5.713005975849228e-06,0.9999877214431763
1,1,2.5463550628046505e-06,0.9992005228996277,0.0007969550206325948
1,1,1.4743905296654702e-07,0.9999960660934448,3.8106607007648563e-06
0,0,0.9999948740005493,2.9567497676907806e-06,2.2009735403116792e-06
1,1,4.73337559014908e-06,0.9999712705612183,2.4017899704631418e-05
2,2,2.7192600100534037e-05,1.5551113392575644e-06,0.9999712705612183
2,2,4.74211155960802e-05,6.092165676818695e-06,0.9999464750289917
2,2,0.00014296785229817033,2.312663305303886e-08,0.9998570680618286
2,2,0.004814016167074442,5.7816305343294516e-05,0.9951281547546387
0,0,1.0,1.2495146251012557e-08,1.9463804790120776e-08
0,0,0.9999076128005981,9.237848280463368e-05,1.807975813505891e-08
1,1,9.187546723410378e-09,1.0,4.340270365332799e-09
2,2,6.425941556642556e-09,1.1029873014933855e-08,1.0
1,1,3.8713935168743774e-08,1.0,5.187484664048725e-09
1,1,4.718147579296783e-07,0.9999977350234985,1.7700742773740785e-06
2,2,0.00016578628856223077,4.390403152143563e-09,0.9998341798782349
1,1,0.00025791197549551725,0.9997420907020569,9.429201419663968e-09
0,0,0.9999916553497314,1.4105025059052423e-07,8.192007953766733e-06
0,0,0.9999984502792358,1.6836986560520018e-07,1.4023471521795727e-06
1,1,1.6207523856337502e-07,0.9999991655349731,6.541195034515113e-07
2,2,5.756038490289939e-07,3.669563852781721e-08,0.9999994039535522
1,1,2.4710985258025175e-08,1.0,1.493204493385747e-08
2,2,4.249755875207484e-06,4.766671057865324e-09,0.9999957084655762
2,2,0.0006341528496704996,1.6240349509644147e-07,0.9993657469749451
2,2,0.00012293484178371727,0.006041069980710745,0.993835985660553
1,1,1.1482318313937867e-06,0.9999988079071045,9.33135098080129e-08
1,1,9.066940833690751e-07,0.9999990463256836,4.5123478287223406e-08
0,0,0.9912664294242859,0.0003552519774530083,0.008378388360142708
2,2,6.4667278820707e-06,0.0011956616071984172,0.9987978935241699
0,0,0.9999991655349731,7.898995590949198e-07,3.036383233734341e-08
2,2,0.49678733944892883,6.4152771983572165e-09,0.5032126307487488
2,2,8.50569449539762e-06,3.5129987736581825e-06,0.9999880790710449
0,0,1.0,7.43772021749578e-09,9.535042089225954e-09
1,1,1.05023589824782e-08,1.0,4.4150429090450416e-08
2,2,5.942296184002771e-07,9.208682740791119e-07,0.9999984502792358
1,1,0.00036539367283694446,0.9996346235275269,2.0636187869627065e-08
2,2,0.0006580891204066575,4.600337000226773e-09,0.9993419051170349
1,1,3.649213795142714e-06,0.9999877214431763,8.632322533230763e-06
1,1,2.870084472306189e-07,0.999998927116394,8.294796316477004e-07
1,1,4.115295723750023e-06,0.9999951124191284,8.058253229137335e-07
1,1,3.0707031584142896e-08,0.9984225034713745,0.0015774620696902275
0,0,1.0,8.59046700441013e-09,1.1227483831532936e-08
1,1,2.9764110877295025e-05,0.9999443292617798,2.595294608909171e-05
2,2,2.5181525415973738e-06,5.301242254063254e-07,0.9999970197677612
0,0,0.9949541687965393,7.643965363968164e-05,0.004969426430761814
1,1,2.5567867396603106e-06,0.9999973773956299,6.840296329357898e-09
0,0,0.9999980926513672,9.042011583915155e-07,9.04689386516111e-07
1,1,0.00012209713167976588,0.9998778104782104,4.389943697447052e-08
1,1,4.688102350769441e-09,1.0,1.4061995123881843e-08
0,0,0.5987480282783508,0.00012581855116877705,0.40112608671188354
0,0,0.9999998807907104,1.7287617026795488e-07,2.7964757620679848e-08
2,2,3.0419189442909556e-06,7.266749548762164e-07,0.9999961853027344
2,2,5.9271911823088885e-08,9.376037269248627e-06,0.9999905824661255
1,1,6.817990083618497e-07,0.9999992847442627,6.081997838691677e-08
1,1,4.2220563045702875e-06,0.9999920129776001,3.7999034248059615e-06
1,1,7.382971567437835e-09,0.9999971389770508,2.8419913178368006e-06
2,2,3.114801572223769e-08,3.095712131084838e-08,1.0
1,1,4.245643392408738e-09,0.999994158744812,5.8428204283700325e-06
0,0,0.999614953994751,0.0002063822466880083,0.00017868205031845719
1,1,2.0526200387394056e-05,0.9999794960021973,3.0957135521703094e-08
0,0,0.9975156784057617,2.324614342796849e-06,0.002481947187334299
1,1,1.0779968562246722e-07,0.9998440742492676,0.0001557822834001854
2,2,1.8676102442327647e-08,6.460982717726438e-07,0.9999994039535522
0,0,1.0,4.872429126834277e-09,4.65739002919463e-09
1,1,6.380477316270117e-06,0.9999935626983643,6.0423602121773e-08
0,0,1.0,4.059714786563973e-09,4.7200439112771164e-09
0,0,0.999998927116394,2.4161053602256288e-08,1.0215859447271214e-06
1,1,7.74667174852084e-09,1.0,7.065031226716201e-09
1,1,4.08522246289067e-05,0.9999586343765259,5.142315444572887e-07
1,1,0.006407829932868481,0.9935854077339172,6.8329186433402356e-06
2,2,4.148610788234919e-09,9.723224820845644e-07,0.9999990463256836
1,1,1.8281244820173015e-06,0.9952365756034851,0.004761629272252321
1,1,3.265207055846986e-07,0.9999991655349731,4.91295907067979e-07
0,0,0.999998927116394,3.367777523521909e-08,1.0370839618190075e-06
2,2,4.537710992735811e-06,7.055007689160675e-09,0.9999954700469971
1,1,0.0006661600200459361,0.9993324875831604,1.382106802338967e-06
1,1,1.1296568658281103e-07,0.9999997615814209,1.2244569802533078e-07
0,0,1.0,4.7824642024352215e-09,5.473906217190461e-09
0,0,0.9999998807907104,1.094289316938557e-07,4.8571301647371e-08
1,1,9.586265115046899e-09,1.0,6.348134462541566e-09
0,0,0.9997218251228333,0.0002778599737212062,2.371023839486952e-07
2,2,5.7061795288859685e-09,1.569450169824904e-08,1.0
1,1,5.646102749778947e-07,0.9989044666290283,0.0010949448915198445
2,2,0.0006985714426264167,0.12427930533885956,0.8750221133232117
1,1,1.970100171888589e-08,0.9999992847442627,7.289120844689023e-07
0,0,0.9999548196792603,2.4267912522191182e-05,2.091849091812037e-05
1,1,1.418292896460116e-07,0.9999997615814209,4.738130598980206e-08
0,0,0.9999997615814209,1.5675163922423963e-07,9.113774268598718e-08
2,2,0.010693852789700031,7.460696060945793e-09,0.9893061518669128
1,1,5.265504114504438e-06,0.9999889135360718,5.805713954032399e-06
2,2,1.1343375128092248e-08,1.2326205833801396e-08,1.0
2,2,7.287941343747661e-07,6.921048338881519e-07,0.9999985694885254
1,1,7.469783902536165e-09,0.9998613595962524,0.00013864896027371287
2,2,6.436783337449015e-07,1.80144309069874e-06,0.999997615814209
2,2,5.762539876741357e-05,3.4120042982976884e-05,0.9999083280563354
2,2,7.185710273915902e-06,4.6199696157600556e-07,0.9999923706054688
2,2,2.166393286984203e-08,1.505397221990279e-06,0.9999984502792358
0,0,1.0,6.9570109673122715e-09,9.08971031776673e-09
2,2,0.008629878982901573,0.00997505895793438,0.9813950657844543
1,1,5.719594469155709e-07,0.9999983310699463,1.1367257002348197e-06
1,1,6.398968466214683e-09,0.999739944934845,0.0002600780862849206
0,0,0.9713079929351807,0.0034887874498963356,0.02520315907895565
0,0,0.9999935626983643,5.3347498578659724e-06,1.0707786941566155e-06
0,0,0.6125393509864807,1.2384151659716736e-06,0.387459397315979
1,1,7.700902642682195e-06,0.9873837828636169,0.012608521617949009
0,0,0.9995686411857605,0.00025901527260430157,0.00017230557568836957
2,2,8.856329891671066e-09,1.0070188949384828e-07,0.9999998807907104
1,1,8.414644980803132e-07,0.9999990463256836,1.2647085156913818e-07
2,2,2.5091426323342603e-06,3.130469750090015e-08,0.9999974966049194
0,0,0.9998657703399658,1.5760222993321804e-07,0.00013404279889073223
0,0,0.9999994039535522,3.565906014912912e-09,6.321554337773705e-07
0,0,0.9999935626983643,3.902595224758443e-08,6.430201210605446e-06
1,1,0.00010583455150481313,0.999860405921936,3.378777910256758e-05
1,1,1.5310669709833746e-07,0.9999411106109619,5.8693538449006155e-05
0,0,0.9998687505722046,0.00013123986718710512,4.4785533503954866e-08
1,1,1.171574055547353e-07,0.9999998807907104,3.607681975381638e-08
1,1,2.078722718579229e-05,0.9999494552612305,2.9737224394921213e-05
2,2,3.917057256330736e-06,3.894682322425069e-06,0.9999921321868896
0,0,0.9999998807907104,8.600488143883922e-08,5.4963043005784584e-09
0,0,0.999859094619751,0.00013571223826147616,5.09968640471925e-06
1,1,4.399075521632767e-07,0.9999994039535522,1.6012640458029637e-07
2,2,6.689471199194941e-09,4.8293413712485744e-09,1.0
2,2,5.156834390618315e-07,4.276666913938243e-07,0.9999990463256836
2,2,7.102351082721725e-05,7.377011934295297e-05,0.9998551607131958
1,1,0.04056493192911148,0.9594323635101318,2.63357333096792e-06
2,2,2.359693418441111e-08,2.195397996729298e-08,1.0
0,0,0.9800218939781189,0.010889681987464428,0.009088514372706413
0,0,0.999998927116394,9.015955129143549e-07,1.4516361090954888e-07
1,1,3.611174292927899e-07,0.999542236328125,0.00045744809904135764
2,2,1.4835744650554261e-06,4.709077927600447e-08,0.9999985694885254
1,1,1.2070767496652479e-08,0.9999998807907104,1.2029506990529626e-07
2,2,0.0002314887969987467,0.0005299142794683576,0.9992386102676392
1,1,0.0006688337307423353,0.9991288781166077,0.00020225152547936887
1,1,7.041945693231355e-09,1.0,3.7125737151200155e-08
1,1,0.05441610515117645,0.9443652033805847,0.0012187038082629442
0,0,0.999920129776001,3.385511081432924e-05,4.5968936319695786e-05
0,0,0.9784546494483948,0.02154526673257351,4.411804699344657e-09
1,2,0.019334524869918823,0.21900996565818787,0.7616555094718933
0,0,0.9999995231628418,1.1997863147428234e-08,4.686066858994309e-07
0,0,0.9999963045120239,2.2801311843068106e-06,1.462067075408413e-06
2,2,1.7767449733696594e-08,2.4136900478310963e-08,1.0
1,1,7.104316068762273e-08,0.9999998807907104,4.5721448849178614e-09
0,0,0.9999892711639404,9.999271242122632e-07,9.753503945830744e-06
1,1,0.0012945809867233038,0.8718553185462952,0.12685008347034454
1,1,0.00011709282989613712,0.9996941089630127,0.0001888488041004166
2,2,4.703665399574675e-05,1.5844861991354264e-06,0.9999513626098633
2,2,2.1315270259947283e-06,1.5516866369580384e-06,0.9999963045120239
2,2,4.246073331160005e-06,3.8221656723180786e-05,0.9999574422836304
0,0,0.9999998807907104,2.7377879519008275e-08,6.336656355188097e-08
0,0,0.9933411478996277,0.006658820901066065,5.3025290824848526e-09
0,0,0.9999805688858032,1.4551439562637825e-05,4.842523139814148e-06
2,2,3.893275959399034e-07,1.1654396558924418e-08,0.9999996423721313
1,1,0.00022612827888224274,0.9997703433036804,3.4772460821841378e-06
0,0,0.9999960660934448,1.6104681890283246e-06,2.2257104319578502e-06
2,2,2.9297757464519236e-06,0.10582143813371658,0.89417564868927
0,0,0.9999998807907104,3.680563409602655e-08,9.208883966493886e-08
1,1,7.778250437695533e-05,0.9998480081558228,7.422426278935745e-05
0,0,0.9999997615814209,1.809323038060029e-07,3.833309136780372e-08
0,2,0.16746380925178528,0.003981525078415871,0.8285547494888306
1,1,0.0016704007284715772,0.998325526714325,4.011707005702192e-06
0,0,1.0,5.949818415729169e-09,6.2666054567728224e-09
0,0,1.0,3.791911495909517e-08,3.789915581364767e-08
2,2,4.850415624702009e-09,8.879236190750817e-08,0.9999998807907104
2,2,4.187885861028917e-05,2.585904803709127e-05,0.9999322891235352
2,2,2.5888630261761136e-06,0.00014954710786696523,0.9998477697372437
1,1,1.1291248824818467e-07,0.9999998807907104,5.875514119679792e-08
0,0,0.9999986886978149,9.262913991392452e-09,1.3421116591416649e-06
2,2,7.74749514675932e-06,1.4575907592018211e-08,0.9999922513961792
1,1,2.532963208068395e-07,0.9999996423721313,6.050908041288494e-08
2,2,0.006688891444355249,5.8414425438968465e-05,0.993252694606781
2,2,3.576064955268521e-08,7.25951352364973e-08,0.9999998807907104
2,2,1.1759822626800087e-07,1.5719335166863857e-08,0.9999998807907104
0,0,0.9999362230300903,6.354005017783493e-05,2.9256099765007093e-07
1,1,6.691499265798484e-07,0.9999988079071045,5.75947240122332e-07
0,0,0.9997579455375671,0.0001591156906215474,8.29561467980966e-05
0,0,0.9967440366744995,0.0004978228826075792,0.002758077345788479
1,1,4.571641731843101e-09,0.566842257976532,0.433157742023468
1,1,0.00019419484306126833,0.9998058676719666,4.786006257972986e-09
2,2,2.8351664127512777e-08,1.9999509603962906e-08,1.0
0,0,0.9999996423721313,4.0025526004683343e-07,1.718673736661458e-08
0,0,1.0,6.286406506461617e-09,4.031104339219382e-09
2,2,1.8445477678596944e-07,4.516507612351006e-09,0.9999997615814209
0,0,0.9916273355484009,0.0046320040710270405,0.0037406333722174168
2,2,4.7407560487044975e-05,0.00042915495578199625,0.999523401260376
0,0,0.9999953508377075,1.7276610719818564e-07,4.553450253297342e-06
0,0,1.0,4.365720585042254e-08,4.620240545705201e-08
1,1,5.9261370921603884e-08,0.9999996423721313,2.394336036104505e-07
0,0,0.9999992847442627,1.4636855283356454e-08,7.428861295011302e-07
1,1,1.3273180456963019e-06,0.9999985694885254,7.516850786259965e-08
